     0.000000000    -0.000000000     3.316622530     0.000000000
     0.010000000     0.000000000     3.316629953     0.000000000
     0.020000000     0.000000000     3.316652224     0.000000000
     0.030000000     0.000000000     3.316689343     0.000000000
     0.040000000     0.000000000     3.316741313     0.000000000
     0.050000000     0.000000000     3.316808137     0.000000000
     0.060000000     0.000000000     3.316889820     0.000000000
     0.070000000     0.000000000     3.316986365     0.000000000
     0.080000000     0.000000000     3.317097779     0.000000000
     0.090000000     0.000000000     3.317224069     0.000000000
     0.100000000     0.000000000     3.317365242     0.000000000
     0.110000000     0.000000000     3.317521306     0.000000000
     0.120000000     0.000000000     3.317692273     0.000000000
     0.130000000     0.000000000     3.317878151     0.000000000
     0.140000000     0.000000000     3.318078952     0.000000000
     0.150000000     0.000000000     3.318294689     0.000000000
     0.160000000     0.000000000     3.318525374     0.000000000
     0.170000000     0.000000000     3.318771021     0.000000000
     0.180000000     0.000000000     3.319031646     0.000000000
     0.190000000     0.000000000     3.319307265     0.000000000
     0.200000000     0.000000000     3.319597894     0.000000000
     0.210000000     0.000000000     3.319903552     0.000000000
     0.220000000     0.000000000     3.320224256     0.000000000
     0.230000000     0.000000000     3.320560027     0.000000000
     0.240000000     0.000000000     3.320910885     0.000000000
     0.250000000     0.000000000     3.321276852     0.000000000
     0.260000000     0.000000000     3.321657951     0.000000000
     0.270000000     0.000000000     3.322054205     0.000000000
     0.280000000     0.000000000     3.322465638     0.000000000
     0.290000000     0.000000000     3.322892276     0.000000000
     0.300000000     0.000000000     3.323334145     0.000000000
     0.310000000     0.000000000     3.323791273     0.000000000
     0.320000000     0.000000000     3.324263689     0.000000000
     0.330000000     0.000000000     3.324751421     0.000000000
     0.340000000     0.000000000     3.325254501     0.000000000
     0.350000000     0.000000000     3.325772959     0.000000000
     0.360000000     0.000000000     3.326306828     0.000000000
     0.370000000     0.000000000     3.326856142     0.000000000
     0.380000000     0.000000000     3.327420935     0.000000000
     0.390000000     0.000000000     3.328001243     0.000000000
     0.400000000     0.000000000     3.328597102     0.000000000
     0.410000000     0.000000000     3.329208551     0.000000000
     0.420000000     0.000000000     3.329835628     0.000000000
     0.430000000     0.000000000     3.330478372     0.000000000
     0.440000000     0.000000000     3.331136826     0.000000000
     0.450000000     0.000000000     3.331811030     0.000000000
     0.460000000     0.000000000     3.332501029     0.000000000
     0.470000000     0.000000000     3.333206866     0.000000000
     0.480000000     0.000000000     3.333928587     0.000000000
     0.490000000     0.000000000     3.334666239     0.000000000
     0.500000000     0.000000000     3.335419869     0.000000000
     0.510000000     0.000000000     3.336189526     0.000000000
     0.520000000     0.000000000     3.336975260     0.000000000
     0.530000000     0.000000000     3.337777124     0.000000000
     0.540000000     0.000000000     3.338595168     0.000000000
     0.550000000     0.000000000     3.339429448     0.000000000
     0.560000000     0.000000000     3.340280017     0.000000000
     0.570000000     0.000000000     3.341146933     0.000000000
     0.580000000     0.000000000     3.342030252     0.000000000
     0.590000000     0.000000000     3.342930034     0.000000000
     0.600000000     0.000000000     3.343846339     0.000000000
     0.610000000     0.000000000     3.344779227     0.000000000
     0.620000000     0.000000000     3.345728762     0.000000000
     0.630000000     0.000000000     3.346695008     0.000000000
     0.640000000     0.000000000     3.347678030     0.000000000
     0.650000000     0.000000000     3.348677895     0.000000000
     0.660000000     0.000000000     3.349694672     0.000000000
     0.670000000     0.000000000     3.350728429     0.000000000
     0.680000000     0.000000000     3.351779238     0.000000000
     0.690000000     0.000000000     3.352847171     0.000000000
     0.700000000     0.000000000     3.353932303     0.000000000
     0.710000000     0.000000000     3.355034709     0.000000000
     0.720000000     0.000000000     3.356154466     0.000000000
     0.730000000     0.000000000     3.357291652     0.000000000
     0.740000000     0.000000000     3.358446348     0.000000000
     0.750000000     0.000000000     3.359618635     0.000000000
     0.760000000     0.000000000     3.360808598     0.000000000
     0.770000000     0.000000000     3.362016319     0.000000000
     0.780000000     0.000000000     3.363241888     0.000000000
     0.790000000     0.000000000     3.364485391     0.000000000
     0.800000000     0.000000000     3.365746918     0.000000000
     0.810000000     0.000000000     3.367026562     0.000000000
     0.820000000     0.000000000     3.368324417     0.000000000
     0.830000000     0.000000000     3.369640576     0.000000000
     0.840000000     0.000000000     3.370975138     0.000000000
     0.850000000     0.000000000     3.372328202     0.000000000
     0.860000000     0.000000000     3.373699869     0.000000000
     0.870000000     0.000000000     3.375090241     0.000000000
     0.880000000     0.000000000     3.376499423     0.000000000
     0.890000000     0.000000000     3.377927522     0.000000000
     0.900000000     0.000000000     3.379374647     0.000000000
     0.910000000     0.000000000     3.380840909     0.000000000
     0.920000000     0.000000000     3.382326421     0.000000000
     0.930000000     0.000000000     3.383831297     0.000000000
     0.940000000     0.000000000     3.385355656     0.000000000
     0.950000000     0.000000000     3.386899617     0.000000000
     0.960000000     0.000000000     3.388463301     0.000000000
     0.970000000     0.000000000     3.390046833     0.000000000
     0.980000000     0.000000000     3.391650340     0.000000000
     0.990000000     0.000000000     3.393273949     0.000000000
     1.000000000     0.000000000     3.394917792     0.000000000
     1.010000000     0.000000000     3.396582003     0.000000000
     1.020000000     0.000000000     3.398266718     0.000000000
     1.030000000     0.000000000     3.399972077     0.000000000
     1.040000000     0.000000000     3.401698220     0.000000000
     1.050000000     0.000000000     3.403445291     0.000000000
     1.060000000     0.000000000     3.405213439     0.000000000
     1.070000000     0.000000000     3.407002811     0.000000000
     1.080000000     0.000000000     3.408813562     0.000000000
     1.090000000     0.000000000     3.410645846     0.000000000
     1.100000000     0.000000000     3.412499821     0.000000000
     1.110000000     0.000000000     3.414375651     0.000000000
     1.120000000     0.000000000     3.416273498     0.000000000
     1.130000000     0.000000000     3.418193531     0.000000000
     1.140000000     0.000000000     3.420135921     0.000000000
     1.150000000     0.000000000     3.422100842     0.000000000
     1.160000000     0.000000000     3.424088472     0.000000000
     1.170000000     0.000000000     3.426098992     0.000000000
     1.180000000     0.000000000     3.428132587     0.000000000
     1.190000000     0.000000000     3.430189445     0.000000000
     1.200000000     0.000000000     3.432269758     0.000000000
     1.210000000     0.000000000     3.434373723     0.000000000
     1.220000000     0.000000000     3.436501539     0.000000000
     1.230000000     0.000000000     3.438653409     0.000000000
     1.240000000     0.000000000     3.440829542     0.000000000
     1.250000000     0.000000000     3.443030149     0.000000000
     1.260000000     0.000000000     3.445255447     0.000000000
     1.270000000     0.000000000     3.447505657     0.000000000
     1.280000000     0.000000000     3.449781003     0.000000000
     1.290000000     0.000000000     3.452081715     0.000000000
     1.300000000     0.000000000     3.454408027     0.000000000
     1.310000000     0.000000000     3.456760179     0.000000000
     1.320000000     0.000000000     3.459138415     0.000000000
     1.330000000     0.000000000     3.461542984     0.000000000
     1.340000000     0.000000000     3.463974140     0.000000000
     1.350000000     0.000000000     3.466432144     0.000000000
     1.360000000     0.000000000     3.468917260     0.000000000
     1.370000000     0.000000000     3.471429760     0.000000001
     1.380000000     0.000000000     3.473969919     0.000000001
     1.390000000     0.000000000     3.476538022     0.000000001
     1.400000000     0.000000000     3.479134355     0.000000001
     1.410000000     0.000000000     3.481759214     0.000000002
     1.420000000     0.000000000     3.484412901     0.000000003
     1.430000000     0.000000000     3.487095723     0.000000003
     1.440000000     0.000000000     3.489807996     0.000000005
     1.450000000     0.000000000     3.492550040     0.000000006
     1.460000000     0.000000000     3.495322185     0.000000008
     1.470000000     0.000000000     3.498124767     0.000000011
     1.480000000     0.000000001     3.500958130     0.000000014
     1.490000000     0.000000001     3.503822625     0.000000019
     1.500000000     0.000000001     3.506718613     0.000000024
     1.510000000     0.000000001     3.509646461     0.000000031
     1.520000000     0.000000001     3.512606547     0.000000041
     1.530000000     0.000000002     3.515599254     0.000000052
     1.540000000     0.000000002     3.518624979     0.000000067
     1.550000000     0.000000003     3.521684124     0.000000086
     1.560000000     0.000000004     3.524777102     0.000000109
     1.570000000     0.000000005     3.527904339     0.000000138
     1.580000000     0.000000006     3.531066266     0.000000175
     1.590000000     0.000000008     3.534263328     0.000000219
     1.600000000     0.000000010     3.537495980     0.000000274
     1.610000000     0.000000013     3.540764688     0.000000341
     1.620000000     0.000000016     3.544069930     0.000000422
     1.630000000     0.000000019     3.547412197     0.000000520
     1.640000000     0.000000024     3.550791990     0.000000639
     1.650000000     0.000000029     3.554209824     0.000000781
     1.660000000     0.000000036     3.557666227     0.000000951
     1.670000000     0.000000043     3.561161742     0.000001153
     1.680000000     0.000000052     3.564696925     0.000001391
     1.690000000     0.000000063     3.568272346     0.000001671
     1.700000000     0.000000076     3.571888591     0.000001999
     1.710000000     0.000000090     3.575546262     0.000002381
     1.720000000     0.000000108     3.579245975     0.000002824
     1.730000000     0.000000127     3.582988367     0.000003334
     1.740000000     0.000000150     3.586774088     0.000003919
     1.750000000     0.000000176     3.590603808     0.000004586
     1.760000000     0.000000206     3.594478216     0.000005344
     1.770000000     0.000000240     3.598398020     0.000006200
     1.780000000     0.000000278     3.602363946     0.000007162
     1.790000000     0.000000321     3.606376745     0.000008236
     1.800000000     0.000000369     3.610437185     0.000009431
     1.810000000     0.000000423     3.614546060     0.000010752
     1.820000000     0.000000483     3.618704185     0.000012204
     1.830000000     0.000000550     3.622912399     0.000013792
     1.840000000     0.000000624     3.627171569     0.000015518
     1.850000000     0.000000707     3.631482583     0.000017384
     1.860000000     0.000000800     3.635846360     0.000019390
     1.870000000     0.000000904     3.640263846     0.000021533
     1.880000000     0.000001022     3.644736015     0.000023808
     1.890000000     0.000001156     3.649263872     0.000026209
     1.900000000     0.000001312     3.653848455     0.000028726
     1.910000000     0.000001494     3.658490831     0.000031347
     1.920000000     0.000001710     3.663192106     0.000034058
     1.930000000     0.000001973     3.667953416     0.000036842
     1.940000000     0.000002298     3.672775938     0.000039679
     1.950000000     0.000002705     3.677660886     0.000042549
     1.960000000     0.000003222     3.682609513     0.000045427
     1.970000000     0.000003888     3.687623114     0.000048288
     1.980000000     0.000004754     3.692703028     0.000051105
     1.990000000     0.000005888     3.697850638     0.000053851
     2.000000000     0.000007378     3.703067375     0.000056498
     2.010000000     0.000009342     3.708354717     0.000059017
     2.020000000     0.000011935     3.713714194     0.000061380
     2.030000000     0.000015355     3.719147391     0.000063562
     2.040000000     0.000019861     3.724655945     0.000065536
     2.050000000     0.000025783     3.730241553     0.000067279
     2.060000000     0.000033544     3.735905971     0.000068771
     2.070000000     0.000043681     3.741651019     0.000069996
     2.080000000     0.000056874     3.747478581     0.000070938
     2.090000000     0.000073973     3.753390609     0.000071589
     2.100000000     0.000096043     3.759389126     0.000071942
     2.110000000     0.000124409     3.765476225     0.000071997
     2.120000000     0.000160704     3.771654076     0.000071758
     2.130000000     0.000206935     3.777924923     0.000071232
     2.140000000     0.000265557     3.784291092     0.000070432
     2.150000000     0.000339549     3.790754987     0.000069377
     2.160000000     0.000432508     3.797319097     0.000068089
     2.170000000     0.000548756     3.803985994     0.000066594
     2.180000000     0.000693450     3.810758338     0.000064923
     2.190000000     0.000872709     3.817638877     0.000063110
     2.200000000     0.001093749     3.824630448     0.000061192
     2.210000000     0.001365030     3.831735976     0.000059212
     2.220000000     0.001696403     3.838958478     0.000057212
     2.230000000     0.002099273     3.846301056     0.000055239
     2.240000000     0.002586756     3.853766900     0.000053340
     2.250000000     0.003173832     3.861359279     0.000051566
     2.260000000     0.003877502     3.869081537     0.000049969
     2.270000000     0.004716919     3.876937086     0.000048603
     2.280000000     0.005713512     3.884929393     0.000047521
     2.290000000     0.006891078     3.893061967     0.000046782
     2.300000000     0.008275843     3.901338337     0.000046441
     2.310000000     0.009896480     3.909762033     0.000046560
     2.320000000     0.011784081     3.918336551     0.000047199
     2.330000000     0.013972068     3.927065315     0.000048423
     2.340000000     0.016496037     3.935951635     0.000050297
     2.350000000     0.019393537     3.944998641     0.000052892
     2.360000000     0.022703762     3.954209214     0.000056279
     2.370000000     0.026467161     3.963585894     0.000060535
     2.380000000     0.030724971     3.973130771     0.000065742
     2.390000000     0.035518653     3.982845348     0.000071987
     2.400000000     0.040889251     3.992730374     0.000079361
     2.410000000     0.046876670     4.002785644     0.000087964
     2.420000000     0.053518893     4.013009747     0.000097901
     2.430000000     0.060851130     4.023399774     0.000109287
     2.440000000     0.068904937     4.033950946     0.000122246
     2.450000000     0.077707303     4.044656185     0.000136908
     2.460000000     0.087279748     4.055505585     0.000153417
     2.470000000     0.097637436     4.066485790     0.000171926
     2.480000000     0.108788345     4.077579250     0.000192602
     2.490000000     0.120732509     4.088763356     0.000215621
     2.500000000     0.133461371     4.100009434     0.000241176
     2.510000000     0.146957270     4.111281603     0.000269472
     2.520000000     0.161193079     4.122535496     0.000300728
     2.530000000     0.176132033     4.133716892     0.000335179
     2.540000000     0.191727752     4.144760293     0.000373077
     2.550000000     0.207924474     4.155587581     0.000414688
     2.560000000     0.224657525     4.166106888     0.000460297
     2.570000000     0.241853995     4.176211950     0.000510204
     2.580000000     0.259433648     4.185782269     0.000564727
     2.590000000     0.277310039     4.194684536     0.000624202
     2.600000000     0.295391817     4.202775826     0.000688980
     2.610000000     0.313584200     4.209909132     0.000759432
     2.620000000     0.331790583     4.215941684     0.000835942
     2.630000000     0.349914252     4.220746249     0.000918913
     2.640000000     0.367860157     4.224225050     0.001008761
     2.650000000     0.385536703     4.226325155     0.001105916
     2.660000000     0.402857527     4.227053236     0.001210822
     2.670000000     0.419743205     4.226486748     0.001323932
     2.680000000     0.436122856     4.224778195     0.001445712
     2.690000000     0.451935609     4.222149787     0.001576633
     2.700000000     0.467131887     4.218877413     0.001717171
     2.710000000     0.481674500     4.215265460     0.001867806
     2.720000000     0.495539511     4.211616573     0.002029019
     2.730000000     0.508716866     4.208202156     0.002201286
     2.740000000     0.521210785     4.205239374     0.002385081
     2.750000000     0.533039896     4.202878661     0.002580866
     2.760000000     0.544237151     4.201202888     0.002789095
     2.770000000     0.554849489     4.200236468     0.003010203
     2.780000000     0.564937304     4.199960653     0.003244610
     2.790000000     0.574573706     4.200330590     0.003492714
     2.800000000     0.583843607     4.201290230     0.003754886
     2.810000000     0.592842649     4.202782601     0.004031475
     2.820000000     0.601675999     4.204754651     0.004322794
     2.830000000     0.610457013     4.207157462     0.004629127
     2.840000000     0.619305805     4.209943669     0.004950723
     2.850000000     0.628347716     4.213064340     0.005287795
     2.860000000     0.637711700     4.216467224     0.005640518
     2.870000000     0.647528627     4.220097549     0.006009029
     2.880000000     0.657929518     4.223901452     0.006393427
     2.890000000     0.669043695     4.227831195     0.006793773
     2.900000000     0.680996861     4.231850624     0.007210092
     2.910000000     0.693909111     4.235939126     0.007642371
     2.920000000     0.707892861     4.240092697     0.008090567
     2.930000000     0.723050728     4.244321476     0.008554603
     2.940000000     0.739473352     4.248644060     0.009034375
     2.950000000     0.757237183     4.253079787     0.009529753
     2.960000000     0.776402269     4.257640647     0.010040588
     2.970000000     0.797010062     4.262324459     0.010566710
     2.980000000     0.819081302     4.267110408     0.011107936
     2.990000000     0.842614011     4.271957304     0.011664070
     3.000000000     0.867581668     4.276804087     0.012234911
     3.010000000     0.893931618     4.281571643     0.012820248
     3.020000000     0.921583784     4.286164802     0.013419867
     3.030000000     0.950429750     4.290473613     0.014033553
     3.040000000     0.980332285     4.294373365     0.014661083
     3.050000000     1.011125353     4.297723290     0.015302233
     3.060000000     1.042614690     4.300364239     0.015956769
     3.070000000     1.074578965     4.302115893     0.016624445
     3.080000000     1.106771569     4.302774109     0.017304997
     3.090000000     1.138923045     4.302109059     0.017998139
     3.100000000     1.170744150     4.299864794     0.018703549
     3.110000000     1.201929521     4.295760962     0.019420861
     3.120000000     1.232161912     4.289497612     0.020149655
     3.130000000     1.261116922     4.280764172     0.020889440
     3.140000000     1.288468139     4.269253776     0.021639646
     3.150000000     1.313892586     4.254683770     0.022399604
     3.160000000     1.337076362     4.236822465     0.023168531
     3.170000000     1.357720337     4.215520867     0.023945518
     3.180000000     1.375545770     4.190746402     0.024729514
     3.190000000     1.390299706     4.162613913     0.025519309
     3.200000000     1.401760011     4.131408043     0.026313524
     3.210000000     1.409739918     4.097591034     0.027110601
     3.220000000     1.414091947     4.061791576     0.027908790
     3.230000000     1.414711122     4.024773472     0.028706149
     3.240000000     1.411537364     3.987386914     0.029500535
     3.250000000     1.404557031     3.950509033     0.030289613
     3.260000000     1.393803539     3.914982677     0.031070855
     3.270000000     1.379357074     3.881562477     0.031841555
     3.280000000     1.361343404     3.850875106     0.032598839
     3.290000000     1.339931828     3.823397161     0.033339691
     3.300000000     1.315332342     3.799450373     0.034060971
     3.310000000     1.287792100     3.779211022     0.034759449
     3.320000000     1.257591280     3.762728955     0.035431836
     3.330000000     1.225038482     3.749951469     0.036074824
     3.340000000     1.190465779     3.740748116     0.036685123
     3.350000000     1.154223569     3.734933737     0.037259507
     3.360000000     1.116675349     3.732288202     0.037794861
     3.370000000     1.078192554     3.732572299     0.038288225
     3.380000000     1.039149578     3.735539858     0.038736839
     3.390000000     0.999919076     3.740946541     0.039138195
     3.400000000     0.960867659     3.748555949     0.039490071
     3.410000000     0.922352037     3.758143755     0.039790581
     3.420000000     0.884715667     3.769500514     0.040038204
     3.430000000     0.848285947     3.782433654     0.040231819
     3.440000000     0.813371961     3.796768881     0.040370731
     3.450000000     0.780262768     3.812351033     0.040454687
     3.460000000     0.749226213     3.829044239     0.040483892
     3.470000000     0.720508213     3.846731213     0.040459010
     3.480000000     0.694332472     3.865311633     0.040381167
     3.490000000     0.670900556     3.884699711     0.040251933
     3.500000000     0.650392255     3.904821184     0.040073314
     3.510000000     0.632966166     3.925610074     0.039847718
     3.520000000     0.618760413     3.947005479     0.039577932
     3.530000000     0.607893439     3.968948655     0.039267084
     3.540000000     0.600464797     3.991380461     0.038918600
     3.550000000     0.596555880     4.014239193     0.038536161
     3.560000000     0.596230546     4.037458732     0.038123657
     3.570000000     0.599535582     4.060966952     0.037685138
     3.580000000     0.606500992     4.084684314     0.037224760
     3.590000000     0.617140075     4.108522649     0.036746743
     3.600000000     0.631449297     4.132384124     0.036255320
     3.610000000     0.649407952     4.156160394     0.035754694
     3.620000000     0.670977629     4.179731942     0.035248994
     3.630000000     0.696101506     4.202967577     0.034742243
     3.640000000     0.724703500     4.225724063     0.034238318
     3.650000000     0.756687314     4.247845935     0.033740932
     3.660000000     0.791935429     4.269165554     0.033253606
     3.670000000     0.830308074     4.289503547     0.032779653
     3.680000000     0.871642244     4.308669725     0.032322171
     3.690000000     0.915750811     4.326464532     0.031884036
     3.700000000     0.962421782     4.342681031     0.031467899
     3.710000000     1.011417763     4.357107443     0.031076195
     3.720000000     1.062475677     4.369530464     0.030711151
     3.730000000     1.115306794     4.379739799     0.030374794
     3.740000000     1.169597110     4.387534525     0.030068971
     3.750000000     1.225008130     4.392731689     0.029795363
     3.760000000     1.281178072     4.395176833     0.029555503
     3.770000000     1.337723548     4.394755108     0.029350796
     3.780000000     1.394241712     4.391400461     0.029182537
     3.790000000     1.450312909     4.385099808     0.029051927
     3.800000000     1.505503816     4.375889424     0.028960089
     3.810000000     1.559371062     4.363842188     0.028908081
     3.820000000     1.611465308     4.349046703     0.028896905
     3.830000000     1.661335744     4.331581814     0.028927515
     3.840000000     1.708534960     4.311492191     0.029000818
     3.850000000     1.752624118     4.288771370     0.029117671
     3.860000000     1.793178356     4.263357774     0.029278878
     3.870000000     1.829792330     4.235146719     0.029485174
     3.880000000     1.862085798     4.204017887     0.029737217
     3.890000000     1.889709132     4.169874093     0.030035564
     3.900000000     1.912348652     4.132684403     0.030380650
     3.910000000     1.929731655     4.092523450     0.030772761
     3.920000000     1.941631027     4.049599416     0.031212008
     3.930000000     1.947869319     4.004265526     0.031698295
     3.940000000     1.948322183     3.957013504     0.032231289
     3.950000000     1.942921063     3.908451357     0.032810389
     3.960000000     1.931655068     3.859271141     0.033434696
     3.970000000     1.914571943     3.810213720     0.034102985
     3.980000000     1.891778113     3.762036644     0.034813682
     3.990000000     1.863437758     3.715488384     0.035564842
     4.000000000     1.829770924     3.671288596     0.036354136
     4.010000000     1.791050692     3.630111564     0.037178839
     4.020000000     1.747599454     3.592569527     0.038035833
     4.030000000     1.699784369     3.559194188     0.038921609
     4.040000000     1.648012080     3.530417348     0.039832284
     4.050000000     1.592722814     3.506553706     0.040763621
     4.060000000     1.534383990     3.487789555     0.041711064
     4.070000000     1.473483463     3.474180127     0.042669772
     4.080000000     1.410522564     3.465656437     0.043634676
     4.090000000     1.346009072     3.462040454     0.044600525
     4.100000000     1.280450269     3.463066024     0.045561955
     4.110000000     1.214346224     3.468402456     0.046513553
     4.120000000     1.148183432     3.477677908     0.047449932
     4.130000000     1.082428925     3.490500472     0.048365802
     4.140000000     1.017524955     3.506475695     0.049256050
     4.150000000     0.953884345     3.525220097     0.050115815
     4.160000000     0.891886548     3.546370804     0.050940562
     4.170000000     0.831874474     3.569591775     0.051726149
     4.180000000     0.774152095     3.594577241     0.052468897
     4.190000000     0.718982834     3.621052986     0.053165646
     4.200000000     0.666588713     3.648776070     0.053813802
     4.210000000     0.617150235     3.677533451     0.054411379
     4.220000000     0.570806932     3.707139918     0.054957030
     4.230000000     0.527658541     3.737435602     0.055450060
     4.240000000     0.487766722     3.768283278     0.055890437
     4.250000000     0.451157245     3.799565591     0.056278783
     4.260000000     0.417822569     3.831182288     0.056616358
     4.270000000     0.387724741     3.863047519     0.056905029
     4.280000000     0.360798519     3.895087222     0.057147228
     4.290000000     0.336954674     3.927236625     0.057345904
     4.300000000     0.316083366     3.959437867     0.057504462
     4.310000000     0.298057573     3.991637770     0.057626691
     4.320000000     0.282736480     4.023785776     0.057716696
     4.330000000     0.269968804     4.055832102     0.057778812
     4.340000000     0.259596003     4.087726155     0.057817525
     4.350000000     0.251455333     4.119415296     0.057837384
     4.360000000     0.245382724     4.150844043     0.057842917
     4.370000000     0.241215451     4.181953825     0.057838546
     4.380000000     0.238794565     4.212683430     0.057828506
     4.390000000     0.237967090     4.242970309     0.057816763
     4.400000000     0.238587939     4.272752905     0.057806948
     4.410000000     0.240521554     4.301974157     0.057802285
     4.420000000     0.243643253     4.330586263     0.057805536
     4.430000000     0.247840272     4.358556579     0.057818945
     4.440000000     0.253012480     4.385874281     0.057844204
     4.450000000     0.259072790     4.412557030     0.057882413
     4.460000000     0.265947230     4.438656522     0.057934062
     4.470000000     0.273574698     4.464261534     0.057999018
     4.480000000     0.281906395     4.489497169     0.058076524
     4.490000000     0.290904955     4.514519424     0.058165206
     4.500000000     0.300543288     4.539505106     0.058263097
     4.510000000     0.310803157     4.564638126     0.058367660
     4.520000000     0.321673533     4.590094177     0.058475836
     4.530000000     0.333148765     4.616026181     0.058584086
     4.540000000     0.345226608     4.642552721     0.058688452
     4.550000000     0.357906173     4.669750877     0.058784627
     4.560000000     0.371185863     4.697653829     0.058868022
     4.570000000     0.385061344     4.726252610     0.058933852
     4.580000000     0.399523637     4.755500703     0.058977220
     4.590000000     0.414557399     4.785319973     0.058993204
     4.600000000     0.430139436     4.815606525     0.058976951
     4.610000000     0.446237545     4.846235509     0.058923771
     4.620000000     0.462809712     4.877064450     0.058829225
     4.630000000     0.479803726     4.907935242     0.058689220
     4.640000000     0.497157241     4.938675449     0.058500091
     4.650000000     0.514798308     4.969099867     0.058258685
     4.660000000     0.532646379     4.999013358     0.057962430
     4.670000000     0.550613794     5.028215825     0.057609401
     4.680000000     0.568607691     5.056509771     0.057198372
     4.690000000     0.586532346     5.083710407     0.056728862
     4.700000000     0.604291843     5.109657688     0.056201157
     4.710000000     0.621793041     5.134229159     0.055616335
     4.720000000     0.638948737     5.157352146     0.054976260
     4.730000000     0.655680944     5.179013728     0.054283574
     4.740000000     0.671924186     5.199267169     0.053541672
     4.750000000     0.687628709     5.218234050     0.052754659
     4.760000000     0.702763513     5.236102049     0.051927303
     4.770000000     0.717319101     5.253118995     0.051064968
     4.780000000     0.731309849     5.269584114     0.050173543
     4.790000000     0.744775932     5.285837233     0.049259362
     4.800000000     0.757784715     5.302246276     0.048329114
     4.810000000     0.770431556     5.319192987     0.047389752
     4.820000000     0.782839986     5.337056867     0.046448400
     4.830000000     0.795161229     5.356197833     0.045512255
     4.840000000     0.807573065     5.376938859     0.044588498
     4.850000000     0.820278027     5.399550360     0.043684202
     4.860000000     0.833500977     5.424238071     0.042806249
     4.870000000     0.847486089     5.451135626     0.041961255
     4.880000000     0.862493300     5.480302242     0.041155495
     4.890000000     0.878794298     5.511725154     0.040394852
     4.900000000     0.896668127     5.545325933     0.039684758
     4.910000000     0.916396494     5.580969514     0.039030163
     4.920000000     0.938258882     5.618474671     0.038435499
     4.930000000     0.962527563     5.657624755     0.037904664
     4.940000000     0.989462607     5.698177783     0.037441009
     4.950000000     1.019307007     5.739875341     0.037047341
     4.960000000     1.052281991     5.782450208     0.036725926
     4.970000000     1.088582651     5.825632936     0.036478502
     4.980000000     1.128373943     5.869157653     0.036306302
     4.990000000     1.171787168     5.912767234     0.036210070
     5.000000000     1.218916988     5.956217624     0.036190092
     5.010000000     1.269819056     5.999280789     0.036246224
     5.020000000     1.324508301     6.041745574     0.036377915
     5.030000000     1.382957911     6.083415831     0.036584242
     5.040000000     1.445099045     6.124105474     0.036863931
     5.050000000     1.510821290     6.163630687     0.037215387
     5.060000000     1.579973854     6.201800180     0.037636711
     5.070000000     1.652367493     6.238405065     0.038125729
     5.080000000     1.727777131     6.273210340     0.038680003
     5.090000000     1.805945139     6.305950052     0.039296848
     5.100000000     1.886585211     6.336327705     0.039973351
     5.110000000     1.969386756     6.364022705     0.040706378
     5.120000000     2.054019740     6.388702675     0.041492587
     5.130000000     2.140139858     6.410040707     0.042328440
     5.140000000     2.227393947     6.427736269     0.043210217
     5.150000000     2.315425508     6.441538297     0.044134024
     5.160000000     2.403880233     6.451268956     0.045095814
     5.170000000     2.492411400     6.456846122     0.046091402
     5.180000000     2.580685027     6.458301898     0.047116486
     5.190000000     2.668384657     6.455793729     0.048166675
     5.200000000     2.755215679     6.449604601     0.049237516
     5.210000000     2.840909074     6.440130148     0.050324525
     5.220000000     2.925224524     6.427853258     0.051423230
     5.230000000     3.007952815     6.413310083     0.052529208
     5.240000000     3.088917493     6.397053741     0.053638131
     5.250000000     3.167975773     6.379622109     0.054745814
     5.260000000     3.245018695     6.361513831     0.055848262
     5.270000000     3.319970581     6.343173285     0.056941725
     5.280000000     3.392787846     6.324982472     0.058022746
     5.290000000     3.463457256     6.307256917     0.059088209
     5.300000000     3.531993734     6.290243648     0.060135388
     5.310000000     3.598437844     6.274121019     0.061161992
     5.320000000     3.662853087     6.259001222     0.062166201
     5.330000000     3.725323148     6.244936155     0.063146701
     5.340000000     3.785949253     6.231926105     0.064102709
     5.350000000     3.844847748     6.219929409     0.065033993
     5.360000000     3.902148055     6.208870708     0.065940879
     5.370000000     3.957991088     6.198645953     0.066824253
     5.380000000     4.012528223     6.189123656     0.067685554
     5.390000000     4.065920875     6.180143328     0.068526751
     5.400000000     4.118340691     6.171513030     0.069350318
     5.410000000     4.169970355     6.163008117     0.070159195
     5.420000000     4.221004941     6.154372642     0.070956738
     5.430000000     4.271653721     6.145323889     0.071746669
     5.440000000     4.322142309     6.135559729     0.072533005
     5.450000000     4.372714985     6.124768331     0.073319993
     5.460000000     4.423637004     6.112640443     0.074112030
     5.470000000     4.475196710     6.098885479     0.074913586
     5.480000000     4.527707236     6.083253442     0.075729110
     5.490000000     4.581507584     6.065564451     0.076562953
     5.500000000     4.636962883     6.045746016     0.077419271
     5.510000000     4.694463661     6.023875337     0.078301942
     5.520000000     4.754423957     6.000220482     0.079214473
     5.530000000     4.817278180     5.975271401     0.080159922
     5.540000000     4.883476634     5.949750315     0.081140815
     5.550000000     4.953479685     5.924592025     0.082159068
     5.560000000     5.027750617     5.900888441     0.083215926
     5.570000000     5.106747245     5.879797862     0.084311896
     5.580000000     5.190912431     5.862427007     0.085446701
     5.590000000     5.280663695     5.849700655     0.086619236
     5.600000000     5.376382142     5.842237724     0.087827540
     5.610000000     5.478400992     5.840252357     0.089068778
     5.620000000     5.586993983     5.843493930     0.090339234
     5.630000000     5.702364000     5.851232471     0.091634324
     5.640000000     5.824632219     5.862288173     0.092948616
     5.650000000     5.953828111     5.875097785     0.094275867
     5.660000000     6.089880602     5.887807838     0.095609076
     5.670000000     6.232610687     5.898384667     0.096940547
     5.680000000     6.381725733     5.904732696     0.098261970
     5.690000000     6.536815703     5.904814122     0.099564514
     5.700000000     6.697351460     5.896763776     0.100838929
     5.710000000     6.862685275     5.878992542     0.102075661
     5.720000000     7.032053606     5.850271884     0.103264980
     5.730000000     7.204582159     5.809791860     0.104397107
     5.740000000     7.379293209     5.757186395     0.105462354
     5.750000000     7.555115071     5.692522537     0.106451264
     5.760000000     7.730893615     5.616254229     0.107354755
     5.770000000     7.905405630     5.529144666     0.108164258
     5.780000000     8.077373820     5.432163770     0.108871855
     5.790000000     8.245483204     5.326369100     0.109470410
     5.800000000     8.408398612     5.212780189     0.109953691
     5.810000000     8.564783000     5.092258435     0.110316483
     5.820000000     8.713316241     4.965406548     0.110554684
     5.830000000     8.852714076     4.832501960     0.110665393
     5.840000000     8.981746856     4.693476429     0.110646975
     5.850000000     9.099257750     4.547949344     0.110499114
     5.860000000     9.204180055     4.395315864     0.110222844
     5.870000000     9.295553277     4.234883919     0.109820564
     5.880000000     9.372537657     4.066046894     0.109296033
     5.890000000     9.434426841     3.888471560     0.108654342
     5.900000000     9.480658412     3.702274366     0.107901878
     5.910000000     9.510822059     3.508155463     0.107046261
     5.920000000     9.524665169     3.307461928     0.106096265
     5.930000000     9.522095711     3.102161533     0.105061732
     5.940000000     9.503182309     2.894725651     0.103953467
     5.950000000     9.468151484     2.687939889     0.102783119
     5.960000000     9.417382088     2.484677293     0.101563062
     5.970000000     9.351397048     2.287675425     0.100306257
     5.980000000     9.270852572     2.099353420     0.099026120
     5.990000000     9.176525059     1.921690769     0.097736379
     6.000000000     9.069296014     1.756172126     0.096450931
     6.010000000     8.950135302     1.603787603     0.095183705
     6.020000000     8.820083143     1.465069685     0.093948521
     6.030000000     8.680231280     1.340146682     0.092758961
     6.040000000     8.531703758     1.228797028     0.091628234
     6.050000000     8.375637781     1.130496163     0.090569063
     6.060000000     8.213165094     1.044455426     0.089593571
     6.070000000     8.045394321     0.969657979     0.088713176
     6.080000000     7.873394661     0.904898939     0.087938503
     6.090000000     7.698181291     0.848835394     0.087279302
     6.100000000     7.520702770     0.800047982     0.086744378
     6.110000000     7.341830680     0.757111236     0.086341534
     6.120000000     7.162351652     0.718666595     0.086077527
     6.130000000     6.982961881     0.683490836     0.085958031
     6.140000000     6.804264119     0.650553367     0.085987621
     6.150000000     6.626767101     0.619057503     0.086169759
     6.160000000     6.450887259     0.588462741     0.086506801
     6.170000000     6.276952555     0.558486731     0.087000005
     6.180000000     6.105208165     0.529087328     0.087649559
     6.190000000     5.935823757     0.500426886     0.088454617
     6.200000000     5.768902027     0.472822786     0.089413337
     6.210000000     5.604488187     0.446689850     0.090522939
     6.220000000     5.442580051     0.422481205     0.091779763
     6.230000000     5.283138391     0.400634338     0.093179334
     6.240000000     5.126097262     0.381528247     0.094716440
     6.250000000     4.971373983     0.365456024     0.096385203
     6.260000000     4.818878533     0.352614901     0.098179165
     6.270000000     4.668522134     0.343113056     0.100091365
     6.280000000     4.520224833     0.336989755     0.102114427
     6.290000000     4.373921966     0.334243307     0.104240641
     6.300000000     4.229569388     0.334860433     0.106462042
     6.310000000     4.087147436     0.338841274     0.108770491
     6.320000000     3.946663616     0.346216125     0.111157743
     6.330000000     3.808154031     0.357052375     0.113615522
     6.340000000     3.671683630     0.371452372     0.116135574
     6.350000000     3.537345352     0.389544400     0.118709729
     6.360000000     3.405258291     0.411469441     0.121329942
     6.370000000     3.275565016     0.437366181     0.123988334
     6.380000000     3.148428175     0.467356007     0.126677222
     6.390000000     3.024026557     0.501529084     0.129389143
     6.400000000     2.902550752     0.539932198     0.132116864
     6.410000000     2.784198567     0.582558966     0.134853396
     6.420000000     2.669170359     0.629343128     0.137591991
     6.430000000     2.557664399     0.680155680     0.140326138
     6.440000000     2.449872423     0.734806348     0.143049555
     6.450000000     2.345975470     0.793049402     0.145756180
     6.460000000     2.246140107     0.854593167     0.148440152
     6.470000000     2.150515130     0.919111963     0.151095803
     6.480000000     2.059228797     0.986258960     0.153717640
     6.490000000     1.972386648     1.055678467     0.156300336
     6.500000000     1.890069935     1.127016608     0.158838722
     6.510000000     1.812334678     1.199929913     0.161327778
     6.520000000     1.739211334     1.274091932     0.163762639
     6.530000000     1.670705073     1.349198381     0.166138595
     6.540000000     1.606796600     1.424971436     0.168451104
     6.550000000     1.547443512     1.501163685     0.170695805
     6.560000000     1.492582093     1.577561942     0.172868542
     6.570000000     1.442129513     1.653990832     0.174965388
     6.580000000     1.395986338     1.730315767     0.176982671
     6.590000000     1.354039288     1.806444829     0.178917016
     6.600000000     1.316164155     1.882329058     0.180765372
     6.610000000     1.282228814     1.957960745     0.182525052
     6.620000000     1.252096246     2.033369519     0.184193770
     6.630000000     1.225627509     2.108616298     0.185769679
     6.640000000     1.202684596     2.183785427     0.187251400
     6.650000000     1.183133113     2.258975662     0.188638058
     6.660000000     1.166844763     2.334290834     0.189929304
     6.670000000     1.153699560     2.409831149     0.191125339
     6.680000000     1.143587792     2.485685971     0.192226924
     6.690000000     1.136411691     2.561928720     0.193235393
     6.700000000     1.132086819     2.638614206     0.194152648
     6.710000000     1.130543182     2.715778386     0.194981152
     6.720000000     1.131726086     2.793440235     0.195723914
     6.730000000     1.135596761     2.871605203     0.196384461
     6.740000000     1.142132790     2.950269551     0.196966807
     6.750000000     1.151328372     3.029424791     0.197475409
     6.760000000     1.163194480     3.109061465     0.197915119
     6.770000000     1.177758938     3.189171659     0.198291126
     6.780000000     1.195066473     3.269749903     0.198608893
     6.790000000     1.215178789     3.350792467     0.198874087
     6.800000000     1.238174694     3.432295366     0.199092505
     6.810000000     1.264150316     3.514251668     0.199269996
     6.820000000     1.293219453     3.596648754     0.199412377
     6.830000000     1.325514055     3.679466108     0.199525354
     6.840000000     1.361184873     3.762673992     0.199614436
     6.850000000     1.400402266     3.846233113     0.199684851
     6.860000000     1.443357168     3.930095174     0.199741470
     6.870000000     1.490262193     4.014204089     0.199788726
     6.880000000     1.541352853     4.098497666     0.199830548
     6.890000000     1.596888855     4.182909620     0.199870288
     6.900000000     1.657155422     4.267371869     0.199910675
     6.910000000     1.722464580     4.351817102     0.199953757
     6.920000000     1.793156357     4.436181514     0.200000872
     6.930000000     1.869599795     4.520407493     0.200052620
     6.940000000     1.952193715     4.604445947     0.200108849
     6.950000000     2.041367127     4.688257867     0.200168658
     6.960000000     2.137579204     4.771814792     0.200230409
     6.970000000     2.241318724     4.855097944     0.200291760
     6.980000000     2.353102872     4.938095887     0.200349704
     6.990000000     2.473475314     5.020800702     0.200400628
     7.000000000     2.603003458     5.103202732     0.200440382
     7.010000000     2.742274797     5.185284069     0.200464362
     7.020000000     2.891892272     5.267011026     0.200467605
     7.030000000     3.052468586     5.348325933     0.200444890
     7.040000000     3.224619408     5.429138637     0.200390855
     7.050000000     3.408955443     5.509318095     0.200300107
     7.060000000     3.606073351     5.588684396     0.200167351
     7.070000000     3.816545518     5.667001534     0.199987507
     7.080000000     4.040908728     5.743971169     0.199755840
     7.090000000     4.279651798     5.819227539     0.199468072
     7.100000000     4.533202276     5.892333542     0.199120498
     7.110000000     4.801912343     5.962777864     0.198710092
     7.120000000     5.086044093     6.029973022     0.198234601
     7.130000000     5.385754403     6.093254363     0.197692623
     7.140000000     5.701079654     6.151880561     0.197083681
     7.150000000     6.031920577     6.205036676     0.196408267
     7.160000000     6.378027575     6.251841220     0.195667879
     7.170000000     6.738986857     6.291358439     0.194865034
     7.180000000     7.114207775     6.322615988     0.194003264
     7.190000000     7.502911772     6.344626475     0.193087089
     7.200000000     7.904123344     6.356409366     0.192121979
     7.210000000     8.316663420     6.357008297     0.191114284
     7.220000000     8.739145569     6.345498594     0.190071162
     7.230000000     9.169975381     6.320981402     0.189000478
     7.240000000     9.607353369     6.282563998     0.187910694
     7.250000000    10.049281636     6.229329946     0.186810744
     7.260000000    10.493574523     6.160306216     0.185709906
     7.270000000    10.937873346     6.074435854     0.184617652
     7.280000000    11.379665239     5.970563516     0.183543508
     7.290000000    11.816306028     5.847437744     0.182496902
     7.300000000    12.245046923     5.703729823     0.181487016
     7.310000000    12.663064741     5.538066834     0.180522639
     7.320000000    13.067495217     5.349077326     0.179612030
     7.330000000    13.455468889     5.135451905     0.178762786
     7.340000000    13.824148919     4.896025316     0.177981725
     7.350000000    14.170770132     4.629887828     0.177274776
     7.360000000    14.492678502     4.336528748     0.176646889
     7.370000000    14.787370236     4.016003517     0.176101963
     7.380000000    15.052529608     3.669101597     0.175642790
     7.390000000    15.286064694     3.297481565     0.175271013
     7.400000000    15.486140152     2.903738335     0.174987117
     7.410000000    15.651206299     2.491377604     0.174790422
     7.420000000    15.780023760     2.064691539     0.174679110
     7.430000000    15.871683110     1.628550469     0.174650265
     7.440000000    15.925619012     1.188140774     0.174699929
     7.450000000    15.941618528     0.748685023     0.174823177
     7.460000000    15.919823393     0.315177496     0.175014210
     7.470000000    15.860726230    -0.107839915     0.175266454
     7.480000000    15.765160814    -0.516445631     0.175572676
     7.490000000    15.634286656    -0.907442430     0.175925109
     7.500000000    15.469568324    -1.278396709     0.176315581
     7.510000000    15.272750030    -1.627618111     0.176735652
     7.520000000    15.045826140    -1.954090213     0.177176750
     7.530000000    14.791008329    -2.257367410     0.177630311
     7.540000000    14.510690189    -2.537455504     0.178087912
     7.550000000    14.207410116    -2.794693179     0.178541406
     7.560000000    13.883813311    -3.029648321     0.178983042
     7.570000000    13.542613743    -3.243037716     0.179405585
     7.580000000    13.186556844    -3.435672324     0.179802422
     7.590000000    12.818383675    -3.608424679     0.180167651
     7.600000000    12.440797214    -3.762211674     0.180496167
     7.610000000    12.056431319    -3.897985393     0.180783725
     7.620000000    11.667822827    -4.016726508     0.181026990
     7.630000000    11.277387143    -4.119437456     0.181223570
     7.640000000    10.887397524    -4.207134895     0.181372034
     7.650000000    10.499968227    -4.280841965     0.181471909
     7.660000000    10.117041493    -4.341580758     0.181523664
     7.670000000     9.740378327    -4.390364795     0.181528674
     7.680000000     9.371552890    -4.428190819     0.181489168
     7.690000000     9.011950268    -4.456029322     0.181408164
     7.700000000     8.662767324    -4.474813881     0.181289390
     7.710000000     8.325016296    -4.485430343     0.181137187
     7.720000000     7.999530755    -4.488707649     0.180956412
     7.730000000     7.686973544    -4.485412211     0.180752319
     7.740000000     7.387846305    -4.476247037     0.180530452
     7.750000000     7.102500203    -4.461855437     0.180296512
     7.760000000     6.831147494    -4.442827637     0.180056245
     7.770000000     6.573873582    -4.419707689     0.179815317
     7.780000000     6.330649288    -4.392998122     0.179579201
     7.790000000     6.101343033    -4.363161006     0.179353066
     7.800000000     5.885732743    -4.330615936     0.179141683
     7.810000000     5.683517277    -4.295737229     0.178949334
     7.820000000     5.494327250    -4.258853435     0.178779744
     7.830000000     5.317735146    -4.220251767     0.178636021
     7.840000000     5.153264671    -4.180188382     0.178520617
     7.850000000     5.000399321    -4.138903329     0.178435308
     7.860000000     4.858590149    -4.096637143     0.178381190
     7.870000000     4.727262800    -4.053645335     0.178358688
     7.880000000     4.605823811    -4.010207483     0.178367594
     7.890000000     4.493666291    -3.966629103     0.178407111
     7.900000000     4.390175000    -3.923236347     0.178475914
     7.910000000     4.294730946    -3.880365152     0.178572224
     7.920000000     4.206715545    -3.838347327     0.178693895
     7.930000000     4.125514428    -3.797496198     0.178838502
     7.940000000     4.050520955    -3.758093852     0.179003439
     7.950000000     3.981139494    -3.720381317     0.179186018
     7.960000000     3.916788502    -3.684552161     0.179383566
     7.970000000     3.856903445    -3.650749450     0.179593515
     7.980000000     3.800939575    -3.619065497     0.179813497
     7.990000000     3.748374570    -3.589543627     0.180041415
     8.000000000     3.698711027    -3.562181100     0.180275519
     8.010000000     3.651478811    -3.536932437     0.180514457
     8.020000000     3.606237216    -3.513712662     0.180757322
     8.030000000     3.562576923    -3.492400320     0.181003682
     8.040000000     3.520121720    -3.472840500     0.181253599
     8.050000000     3.478529950    -3.454848266     0.181507628
     8.060000000     3.437495651    -3.438212955     0.181766809
     8.070000000     3.396749355    -3.422703520     0.182032647
     8.080000000     3.356058529    -3.408074709     0.182307078
     8.090000000     3.315227628    -3.394073579     0.182592430
     8.100000000     3.274097747    -3.380445674     0.182891373
     8.110000000     3.232545879    -3.366940481     0.183206862
     8.120000000     3.190483770    -3.353316133     0.183542086
     8.130000000     3.147856390    -3.339343769     0.183900402
     8.140000000     3.104640054    -3.324812103     0.184285276
     8.150000000     3.060840200    -3.309532581     0.184700226
     8.160000000     3.016488893    -3.293345019     0.185148761
     8.170000000     2.971642082    -3.276123146     0.185634332
     8.180000000     2.926376662    -3.257779060     0.186160279
     8.190000000     2.880787411    -3.238265602     0.186729787
     8.200000000     2.834983846    -3.217575863     0.187345848
     8.210000000     2.789087062    -3.195739555     0.188011225
     8.220000000     2.743226615    -3.172816484     0.188728427
     8.230000000     2.697537497    -3.148887908     0.189499679
     8.240000000     2.652157269    -3.124046873     0.190326910
     8.250000000     2.607223381    -3.098388770     0.191211731
     8.260000000     2.562870742    -3.072003264     0.192155432
     8.270000000     2.519229556    -3.044968490     0.193158969
     8.280000000     2.476423460    -3.017348052     0.194222962
     8.290000000     2.434567989    -2.989191002     0.195347695
     8.300000000     2.393769370    -2.960534609     0.196533116
     8.310000000     2.354123655    -2.931409472     0.197778839
     8.320000000     2.315716189    -2.901846235     0.199084151
     8.330000000     2.278621396    -2.871882995     0.200448018
     8.340000000     2.242902880    -2.841572247     0.201869096
     8.350000000     2.208613795    -2.810986194     0.203345736
     8.360000000     2.175797478    -2.780219242     0.204876002
     8.370000000     2.144488289    -2.749386776     0.206457678
     8.380000000     2.114712641    -2.718619745     0.208088288
     8.390000000     2.086490163    -2.688055268     0.209765106
     8.400000000     2.059834968    -2.657824176     0.211485173
     8.410000000     2.034756970    -2.628037187     0.213245316
     8.420000000     2.011263226    -2.598771895     0.215042156
     8.430000000     1.989359245    -2.570062908     0.216872133
     8.440000000     1.969050236    -2.541897125     0.218731509
     8.450000000     1.950342263    -2.514215308     0.220616387
     8.460000000     1.933243261    -2.486919966     0.222522716
     8.470000000     1.917763902    -2.459888397     0.224446298
     8.480000000     1.903918281    -2.432988787     0.226382793
     8.490000000     1.891724402    -2.406096812     0.228327718
     8.500000000     1.881204454    -2.379110332     0.230276440
     8.510000000     1.872384871    -2.351960282     0.232224177
     8.520000000     1.865296167    -2.324616773     0.234165981
     8.530000000     1.859972555    -2.297090249     0.236096734
     8.540000000     1.856451347    -2.269428291     0.238011135
     8.550000000     1.854772159    -2.241709141     0.239903686
     8.560000000     1.854975919    -2.214033231     0.241768690
     8.570000000     1.857103712    -2.186513994     0.243600240
     8.580000000     1.861195464    -2.159269109     0.245392225
     8.590000000     1.867288515    -2.132413032     0.247138336
     8.600000000     1.875416073    -2.106051396     0.248832082
     8.610000000     1.885605614    -2.080277471     0.250466818
     8.620000000     1.897877227    -2.055170580     0.252035781
     8.630000000     1.912241954    -2.030796206     0.253532145
     8.640000000     1.928700151    -2.007207459     0.254949077
     8.650000000     1.947239902    -1.984447725     0.256279815
     8.660000000     1.967835526    -1.962554411     0.257517754
     8.670000000     1.990446201    -1.941563704     0.258656540
     8.680000000     2.015014745    -1.921516108     0.259690173
     8.690000000     2.041466587    -1.902462202     0.260613117
     8.700000000     2.069708949    -1.884467880     0.261420413
     8.710000000     2.099630273    -1.867618280     0.262107785
     8.720000000     2.131099916    -1.852019886     0.262671750
     8.730000000     2.163968131    -1.837800637     0.263109713
     8.740000000     2.198066347    -1.825108316     0.263420053
     8.750000000     2.233207760    -1.814107614     0.263602192
     8.760000000     2.269188239    -1.804976229     0.263656645
     8.770000000     2.305787534    -1.797900090     0.263585048
     8.780000000     2.342770787    -1.793067561     0.263390163
     8.790000000     2.379890325    -1.790662402     0.263075851
     8.800000000     2.416887701    -1.790855388     0.262647027
     8.810000000     2.453495962    -1.793794743     0.262109581
     8.820000000     2.489442114    -1.799595894     0.261470277
     8.830000000     2.524449718    -1.808331361     0.260736626
     8.840000000     2.558241597    -1.820021876     0.259916741
     8.850000000     2.590542596    -1.834629980     0.259019171
     8.860000000     2.621082341    -1.852057314     0.258052721
     8.870000000     2.649597959    -1.872146484     0.257026269
     8.880000000     2.675836703    -1.894687708     0.255948571
     8.890000000     2.699558447    -1.919429580     0.254828074
     8.900000000     2.720537998    -1.946092463     0.253672734
     8.910000000     2.738567210    -1.974382549     0.252489843
     8.920000000     2.753456851    -2.004004728     0.251285875
     8.930000000     2.765038216    -2.034672976     0.250066356
     8.940000000     2.773164469    -2.066117850     0.248835750
     8.950000000     2.777711697    -2.098091385     0.247597379
     8.960000000     2.778579691    -2.130370158     0.246353371
     8.970000000     2.775692440    -2.162757223     0.245104635
     8.980000000     2.768998364    -2.195083286     0.243850870
     8.990000000     2.758470295    -2.227206988     0.242590601
     9.000000000     2.744105220    -2.259013816     0.241321244
     9.010000000     2.725923810    -2.290413021     0.240039196
     9.020000000     2.703969755    -2.321332233     0.238739950
     9.030000000     2.678308932    -2.351709929     0.237418225
     9.040000000     2.649028422    -2.381486590     0.236068112
     9.050000000     2.616235388    -2.410595803     0.234683233
     9.060000000     2.580055855    -2.438956745     0.233256902
     9.070000000     2.540633383    -2.466469268     0.231782290
     9.080000000     2.498127668    -2.493012255     0.230252587
     9.090000000     2.452713062    -2.518445314     0.228661155
     9.100000000     2.404577048    -2.542613307     0.227001674
     9.110000000     2.353918651    -2.565352820     0.225268272
     9.120000000     2.300946818    -2.586499589     0.223455636
     9.130000000     2.245878759    -2.605895985     0.221559110
     9.140000000     2.188938257    -2.623397894     0.219574771
     9.150000000     2.130353968    -2.638880615     0.217499482
     9.160000000     2.070357711    -2.652243566     0.215330930
     9.170000000     2.009182749    -2.663413681     0.213067640
     9.180000000     1.947062104    -2.672347379     0.210708972
     9.190000000     1.884226881    -2.679030946     0.208255099
     9.200000000     1.820904650    -2.683479271     0.205706975
     9.210000000     1.757317877    -2.685733025     0.203066286
     9.220000000     1.693682443    -2.685854650     0.200335391
     9.230000000     1.630206246    -2.683923750     0.197517260
     9.240000000     1.567087923    -2.680032551     0.194615400
     9.250000000     1.504515697    -2.674282029     0.191633791
     9.260000000     1.442666363    -2.666779034     0.188576807
     9.270000000     1.381704428    -2.657634388     0.185449155
     9.280000000     1.321781423    -2.646961700     0.182255806
     9.290000000     1.263035373    -2.634876450     0.179001944
     9.300000000     1.205590448    -2.621494967     0.175692913
     9.310000000     1.149556786    -2.606933027     0.172334179
     9.320000000     1.095030485    -2.591304045     0.168931295
     9.330000000     1.042093755    -2.574716994     0.165489880
     9.340000000     0.990815221    -2.557274336     0.162015605
     9.350000000     0.941250369    -2.539070297     0.158514180
     9.360000000     0.893442106    -2.520189743     0.154991360
     9.370000000     0.847421429    -2.500707818     0.151452947
     9.380000000     0.803208177    -2.480690318     0.147904798
     9.390000000     0.760811848    -2.460194622     0.144352833
     9.400000000     0.720232459    -2.439270923     0.140803054
     9.410000000     0.681461434    -2.417963512     0.137261549
     9.420000000     0.644482498    -2.396311938     0.133734506
     9.430000000     0.609272559    -2.374352024     0.130228218
     9.440000000     0.575802566    -2.352116789     0.126749084
     9.450000000     0.544038328    -2.329637360     0.123303607
     9.460000000     0.513941284    -2.306943922     0.119898386
     9.470000000     0.485469217    -2.284066674     0.116540101
     9.480000000     0.458576902    -2.261036673     0.113235495
     9.490000000     0.433216692    -2.237886434     0.109991349
     9.500000000     0.409339029    -2.214650172     0.106814447
     9.510000000     0.386892904    -2.191363655     0.103711549
     9.520000000     0.365826236    -2.168063705     0.100689350
     9.530000000     0.346086202    -2.144787461     0.097754437
     9.540000000     0.327619516    -2.121571523     0.094913256
     9.550000000     0.310372653    -2.098451087     0.092172061
     9.560000000     0.294292040    -2.075459177     0.089536884
     9.570000000     0.279324208    -2.052626017     0.087013489
     9.580000000     0.265415927    -2.029978605     0.084607343
     9.590000000     0.252514312    -2.007540505     0.082323584
     9.600000000     0.240566923    -1.985331873     0.080166995
     9.610000000     0.229521853    -1.963369698     0.078141981
     9.620000000     0.219327821    -1.941668234     0.076252561
     9.630000000     0.209934257    -1.920239550     0.074502352
     9.640000000     0.201291395    -1.899094145     0.072894567
     9.650000000     0.193350375    -1.878241538     0.071432018
     9.660000000     0.186063346    -1.857690788     0.070117121
     9.670000000     0.179383579    -1.837450847     0.068951903
     9.680000000     0.173265588    -1.817530691     0.067938017
     9.690000000     0.167665247    -1.797939169     0.067076753
     9.700000000     0.162539924    -1.778684535     0.066369056
     9.710000000     0.157848595    -1.759773725     0.065815537
     9.720000000     0.153551975    -1.741211466     0.065416487
     9.730000000     0.149612628    -1.722999409     0.065171885
     9.740000000     0.145995075    -1.705135462     0.065081404
     9.750000000     0.142665888    -1.687613465     0.065144414
     9.760000000     0.139593768    -1.670423293     0.065359978
     9.770000000     0.136749605    -1.653551355     0.065726838
     9.780000000     0.134106521    -1.636981413     0.066243408
     9.790000000     0.131639891    -1.620695563     0.066907743
     9.800000000     0.129327335    -1.604675233     0.067717522
     9.810000000     0.127148700    -1.588902059     0.068670013
     9.820000000     0.125086008    -1.573358566     0.069762038
     9.830000000     0.123123390    -1.558028603     0.070989941
     9.840000000     0.121246994    -1.542897584     0.072349549
     9.850000000     0.119444880    -1.527952569     0.073836135
     9.860000000     0.117706896    -1.513182280     0.075444390
     9.870000000     0.116024542    -1.498577113     0.077168392
     9.880000000     0.114390822    -1.484129188     0.079001589
     9.890000000     0.112800095    -1.469832441     0.080936786
     9.900000000     0.111247914    -1.455682741     0.082966144
     9.910000000     0.109730874    -1.441677964     0.085081196
     9.920000000     0.108246457    -1.427817982     0.087272870
     9.930000000     0.106792884    -1.414104500     0.089531531
     9.940000000     0.105368979    -1.400540727     0.091847038
     9.950000000     0.103974037    -1.387130881     0.094208815
     9.960000000     0.102607715    -1.373879557     0.096605937
     9.970000000     0.101269928    -1.360791048     0.099027230
     9.980000000     0.099960760    -1.347868674     0.101461389
     9.990000000     0.098680399    -1.335114240     0.103897091
    10.000000000     0.097429075    -1.322527670     0.106323138
    10.010000000     0.096207020    -1.310106908     0.108728584
    10.020000000     0.095014440    -1.297848054     0.111102880
    10.030000000     0.093851497    -1.285745739     0.113436004
    10.040000000     0.092718304    -1.273793643     0.115718600
    10.050000000     0.091614924    -1.261985066     0.117942096
    10.060000000     0.090541383    -1.250313452     0.120098818
    10.070000000     0.089497680    -1.238772790     0.122182082
    10.080000000     0.088483808    -1.227357851     0.124186279
    10.090000000     0.087499770    -1.216064258     0.126106927
    10.100000000     0.086545600    -1.204888418     0.127940708
    10.110000000     0.085621375    -1.193827377     0.129685481
    10.120000000     0.084727234    -1.182878638     0.131340271
    10.130000000     0.083863388    -1.172040006     0.132905232
    10.140000000     0.083030122    -1.161309485     0.134381590
    10.150000000     0.082227800    -1.150685222     0.135771563
    10.160000000     0.081456861    -1.140165523     0.137078259
    10.170000000     0.080717809    -1.129748882     0.138305563
    10.180000000     0.080011197    -1.119434036     0.139458007
    10.190000000     0.079337613    -1.109219997     0.140540629
    10.200000000     0.078697652    -1.099106061     0.141558827
    10.210000000     0.078091895    -1.089091785     0.142518206
    10.220000000     0.077520875    -1.079176918     0.143424434
    10.230000000     0.076985046    -1.069361307     0.144283094
    10.240000000     0.076484751    -1.059644788     0.145099549
    10.250000000     0.076020188    -1.050027085     0.145878813
    10.260000000     0.075591372    -1.040507751     0.146625441
    10.270000000     0.075198105    -1.031086160     0.147343430
    10.280000000     0.074839944    -1.021761566     0.148036138
    10.290000000     0.074516166    -1.012533216     0.148706223
    10.300000000     0.074225747    -1.003400502     0.149355596
    10.310000000     0.073967334    -0.994363109     0.149985401
    10.320000000     0.073739230    -0.985421134     0.150596004
    10.330000000     0.073539374    -0.976575148     0.151187006
    10.340000000     0.073365337    -0.967826180     0.151757269
    10.350000000     0.073214316    -0.959175631     0.152304956
    10.360000000     0.073083140    -0.950625130     0.152827591
    10.370000000     0.072968277    -0.942176359     0.153322122
    10.380000000     0.072865856    -0.933830878     0.153784993
    10.390000000     0.072771688    -0.925589981     0.154212235
    10.400000000     0.072681298    -0.917454598     0.154599545
    10.410000000     0.072589966    -0.909425254     0.154942382
    10.420000000     0.072492770    -0.901502098     0.155236059
    10.430000000     0.072384641    -0.893684970     0.155475835
    10.440000000     0.072260417    -0.885973508     0.155657003
    10.450000000     0.072114910    -0.878367257     0.155774978
    10.460000000     0.071942968    -0.870865738     0.155825382
    10.470000000     0.071739547    -0.863468456     0.155804114
    10.480000000     0.071499779    -0.856174813     0.155707424
    10.490000000     0.071219046    -0.848983936     0.155531971
    10.500000000     0.070893048    -0.841894434     0.155274878
    10.510000000     0.070517869    -0.834904132     0.154933775
    10.520000000     0.070090040    -0.828009827     0.154506829
    10.530000000     0.069606594    -0.821207117     0.153992772
    10.540000000     0.069065119    -0.814490340     0.153390911
    10.550000000     0.068463796    -0.807852629     0.152701134
    10.560000000     0.067801432    -0.801286087     0.151923900
    10.570000000     0.067077479    -0.794782051     0.151060221
    10.580000000     0.066292050    -0.788331418     0.150111639
    10.590000000     0.065445911    -0.781924992     0.149080188
    10.600000000     0.064540475    -0.775553828     0.147968351
    10.610000000     0.063577775    -0.769209549     0.146779006
    10.620000000     0.062560433    -0.762884604     0.145515376
    10.630000000     0.061491610    -0.756572468     0.144180963
    10.640000000     0.060374962    -0.750267767     0.142779482
    10.650000000     0.059214573    -0.743966332     0.141314799
    10.660000000     0.058014888    -0.737665197     0.139790860
    10.670000000     0.056780645    -0.731362536     0.138211628
    10.680000000     0.055516799    -0.725057582     0.136581020
    10.690000000     0.054228445    -0.718750511     0.134902848
    10.700000000     0.052920740    -0.712442334     0.133180767
    10.710000000     0.051598834    -0.706134769     0.131418227
    10.720000000     0.050267797    -0.699830107     0.129618439
    10.730000000     0.048932551    -0.693531077     0.127784345
    10.740000000     0.047597812    -0.687240700     0.125918597
    10.750000000     0.046268040    -0.680962133     0.124023550
    10.760000000     0.044947388    -0.674698536     0.122101259
    10.770000000     0.043639671    -0.668452941     0.120153492
    10.780000000     0.042348331    -0.662228165     0.118181747
    10.790000000     0.041076427    -0.656026749     0.116187278
    10.800000000     0.039826613    -0.649850936     0.114171130
    10.810000000     0.038601144    -0.643702676     0.112134181
    10.820000000     0.037401874    -0.637583642     0.110077183
    10.830000000     0.036230272    -0.631495238     0.108000811
    10.840000000     0.035087434    -0.625438599     0.105905712
    10.850000000     0.033974111    -0.619414565     0.103792556
    10.860000000     0.032890733    -0.613423662     0.101662078
    10.870000000     0.031837438    -0.607466082     0.099515130
    10.880000000     0.030814106    -0.601541697     0.097352711
    10.890000000     0.029820391    -0.595650104     0.095176010
    10.900000000     0.028855755    -0.589790697     0.092986428
    10.910000000     0.027919506    -0.583962767     0.090785600
    10.920000000     0.027010824    -0.578165600     0.088575405
    10.930000000     0.026128798    -0.572398570     0.086357975
    10.940000000     0.025272455    -0.566661214     0.084135687
    10.950000000     0.024440785    -0.560953268     0.081911151
    10.960000000     0.023632770    -0.555274694     0.079687195
    10.970000000     0.022847403    -0.549625656     0.077466838
    10.980000000     0.022083706    -0.544006495     0.075253258
    10.990000000     0.021340753    -0.538417674     0.073049756
    11.000000000     0.020617676    -0.532859714     0.070859719
    11.010000000     0.019913681    -0.527333129     0.068686579
    11.020000000     0.019228054    -0.521838343     0.066533767
    11.030000000     0.018560168    -0.516375626     0.064404671
    11.040000000     0.017909485    -0.510945019     0.062302598
    11.050000000     0.017275556    -0.505546294     0.060230730
    11.060000000     0.016658021    -0.500178929     0.058192091
    11.070000000     0.016056606    -0.494842125     0.056189511
    11.080000000     0.015471117    -0.489534866     0.054225600
    11.090000000     0.014901433    -0.484255996     0.052302726
    11.100000000     0.014347498    -0.479004325     0.050422991
    11.110000000     0.013809312    -0.473778718     0.048588224
    11.120000000     0.013286922    -0.468578182     0.046799972
    11.130000000     0.012780408    -0.463401918     0.045059493
    11.140000000     0.012289874    -0.458249346     0.043367764
    11.150000000     0.011815433    -0.453120122     0.041725483
    11.160000000     0.011357199    -0.448014141     0.040133084
    11.170000000     0.010915273    -0.442931527     0.038590746
    11.180000000     0.010489731    -0.437872631     0.037098410
    11.190000000     0.010080616    -0.432838013     0.035655801
    11.200000000     0.009687925    -0.427828422     0.034262446
    11.210000000     0.009311606    -0.422844759     0.032917695
    11.220000000     0.008951545    -0.417888037     0.031620741
    11.230000000     0.008607565    -0.412959335     0.030370644
    11.240000000     0.008279419    -0.408059742     0.029166350
    11.250000000     0.007966792    -0.403190311     0.028006711
    11.260000000     0.007669295    -0.398352007     0.026890507
    11.270000000     0.007386470    -0.393545667     0.025816455
    11.280000000     0.007117793    -0.388771963     0.024783235
    11.290000000     0.006862676    -0.384031370     0.023789496
    11.300000000     0.006620475    -0.379324153     0.022833873
    11.310000000     0.006390497    -0.374650356     0.021914995
    11.320000000     0.006172005    -0.370009812     0.021031497
    11.330000000     0.005964231    -0.365402159     0.020182025
    11.340000000     0.005766383    -0.360826867     0.019365244
    11.350000000     0.005577656    -0.356283277     0.018579842
    11.360000000     0.005397240    -0.351770641     0.017824538
    11.370000000     0.005224332    -0.347288171     0.017098080
    11.380000000     0.005058145    -0.342835089     0.016399252
    11.390000000     0.004897917    -0.338410677     0.015726874
    11.400000000     0.004742917    -0.334014313     0.015079804
    11.410000000     0.004592457    -0.329645502     0.014456941
    11.420000000     0.004445895    -0.325303874     0.013857224
    11.430000000     0.004302641    -0.320989174     0.013279633
    11.440000000     0.004162165    -0.316701230     0.012723193
    11.450000000     0.004023997    -0.312439901     0.012186969
    11.460000000     0.003887729    -0.308205036     0.011670071
    11.470000000     0.003753018    -0.303996425     0.011171654
    11.480000000     0.003619589    -0.299813762     0.010690914
    11.490000000     0.003487228    -0.295656621     0.010227094
    11.500000000     0.003355783    -0.291524450     0.009779478
    11.510000000     0.003225166    -0.287416581     0.009347394
    11.520000000     0.003095341    -0.283332259     0.008930215
    11.530000000     0.002966328    -0.279270686     0.008527351
    11.540000000     0.002838192    -0.275231072     0.008138257
    11.550000000     0.002711045    -0.271212684     0.007762425
    11.560000000     0.002585032    -0.267214896     0.007399383
    11.570000000     0.002460333    -0.263237207     0.007048698
    11.580000000     0.002337153    -0.259279261     0.006709967
    11.590000000     0.002215715    -0.255340838     0.006382822
    11.600000000     0.002096258    -0.251421836     0.006066922
    11.610000000     0.001979030    -0.247522244     0.005761953
    11.620000000     0.001864278    -0.243642112     0.005467625
    11.630000000     0.001752250    -0.239781525     0.005183671
    11.640000000     0.001643184    -0.235940580     0.004909844
    11.650000000     0.001537307    -0.232119372     0.004645910
    11.660000000     0.001434830    -0.228317984     0.004391656
    11.670000000     0.001335944    -0.224536487     0.004146878
    11.680000000     0.001240818    -0.220774938     0.003911382
    11.690000000     0.001149597    -0.217033387     0.003684987
    11.700000000     0.001062397    -0.213311872     0.003467515
    11.710000000     0.000979311    -0.209610427     0.003258796
    11.720000000     0.000900400    -0.205929075     0.003058664
    11.730000000     0.000825700    -0.202267826     0.002866957
    11.740000000     0.000755218    -0.198626678     0.002683512
    11.750000000     0.000688933    -0.195005615     0.002508171
    11.760000000     0.000626802    -0.191404602     0.002340774
    11.770000000     0.000568757    -0.187823590     0.002181161
    11.780000000     0.000514708    -0.184262513     0.002029169
    11.790000000     0.000464545    -0.180721291     0.001884637
    11.800000000     0.000418142    -0.177199832     0.001747397
    11.810000000     0.000375358    -0.173698034     0.001617282
    11.820000000     0.000336041    -0.170215782     0.001494119
    11.830000000     0.000300026    -0.166752955     0.001377733
    11.840000000     0.000267144    -0.163309426     0.001267945
    11.850000000     0.000237219    -0.159885059     0.001164569
    11.860000000     0.000210073    -0.156479713     0.001067419
    11.870000000     0.000185527    -0.153093244     0.000976301
    11.880000000     0.000163402    -0.149725504     0.000891019
    11.890000000     0.000143523    -0.146376339     0.000811370
    11.900000000     0.000125718    -0.143045595     0.000737151
    11.910000000     0.000109821    -0.139733116     0.000668150
    11.920000000     0.000095672    -0.136438743     0.000604155
    11.930000000     0.000083117    -0.133162317     0.000544951
    11.940000000     0.000072012    -0.129903679     0.000490321
    11.950000000     0.000062219    -0.126662669     0.000440043
    11.960000000     0.000053610    -0.123439127     0.000393898
    11.970000000     0.000046065    -0.120232896     0.000351666
    11.980000000     0.000039472    -0.117043817     0.000313127
    11.990000000     0.000033729    -0.113871735     0.000278064
    12.000000000     0.000028742    -0.110716494     0.000246260
    12.010000000     0.000024423    -0.107577942     0.000217506
    12.020000000     0.000020696    -0.104455926     0.000191594
    12.030000000     0.000017488    -0.101350296     0.000168322
    12.040000000     0.000014735    -0.098260906     0.000147495
    12.050000000     0.000012381    -0.095187608     0.000128925
    12.060000000     0.000010373    -0.092130258     0.000112430
    12.070000000     0.000008665    -0.089088715     0.000097837
    12.080000000     0.000007218    -0.086062838     0.000084982
    12.090000000     0.000005995    -0.083052489     0.000073707
    12.100000000     0.000004965    -0.080057532     0.000063868
    12.110000000     0.000004100    -0.077077833     0.000055325
    12.120000000     0.000003375    -0.074113258     0.000047950
    12.130000000     0.000002770    -0.071163678     0.000041623
    12.140000000     0.000002267    -0.068228964     0.000036234
    12.150000000     0.000001849    -0.065308989     0.000031681
    12.160000000     0.000001504    -0.062403628     0.000027868
    12.170000000     0.000001220    -0.059512757     0.000024711
    12.180000000     0.000000986    -0.056636257     0.000022131
    12.190000000     0.000000795    -0.053774005     0.000020056
    12.200000000     0.000000638    -0.050925886     0.000018422
    12.210000000     0.000000511    -0.048091781     0.000017170
    12.220000000     0.000000408    -0.045271576     0.000016246
    12.230000000     0.000000324    -0.042465157     0.000015603
    12.240000000     0.000000257    -0.039672414     0.000015196
    12.250000000     0.000000203    -0.036893235     0.000014987
    12.260000000     0.000000160    -0.034127511     0.000014939
    12.270000000     0.000000126    -0.031375136     0.000015022
    12.280000000     0.000000098    -0.028636002     0.000015207
    12.290000000     0.000000077    -0.025910007     0.000015466
    12.300000000     0.000000060    -0.023197045     0.000015778
    12.310000000     0.000000046    -0.020497016     0.000016120
    12.320000000     0.000000036    -0.017809818     0.000016475
    12.330000000     0.000000027    -0.015135352     0.000016826
    12.340000000     0.000000021    -0.012473520     0.000017157
    12.350000000     0.000000016    -0.009824225     0.000017457
    12.360000000     0.000000012    -0.007187372     0.000017714
    12.370000000     0.000000009    -0.004562864     0.000017919
    12.380000000     0.000000007    -0.001950610     0.000018065
    12.390000000     0.000000005     0.000649483     0.000018145
    12.400000000     0.000000004     0.003237507     0.000018157
    12.410000000     0.000000003     0.005813552     0.000018096
    12.420000000     0.000000002     0.008377706     0.000017961
    12.430000000     0.000000002     0.010930058     0.000017754
    12.440000000     0.000000001     0.013470695     0.000017475
    12.450000000     0.000000001     0.015999703     0.000017127
    12.460000000     0.000000001     0.018517167     0.000016713
    12.470000000     0.000000000     0.021023171     0.000016238
    12.480000000     0.000000000     0.023517798     0.000015709
    12.490000000     0.000000000     0.026001130     0.000015130
    12.500000000     0.000000000     0.028473249     0.000014508
    12.510000000     0.000000000     0.030934236     0.000013850
    12.520000000     0.000000000     0.033384169     0.000013165
    12.530000000     0.000000000     0.035823127     0.000012457
    12.540000000     0.000000000     0.038251188     0.000011736
    12.550000000     0.000000000     0.040668429     0.000011008
    12.560000000     0.000000000     0.043074926     0.000010279
    12.570000000     0.000000000     0.045470755     0.000009556
    12.580000000     0.000000000     0.047855989     0.000008844
    12.590000000     0.000000000     0.050230703     0.000008149
    12.600000000     0.000000000     0.052594970     0.000007475
    12.610000000     0.000000000     0.054948861     0.000006827
    12.620000000     0.000000000     0.057292448     0.000006207
    12.630000000     0.000000000     0.059625803     0.000005619
    12.640000000     0.000000000     0.061948994     0.000005064
    12.650000000     0.000000000     0.064262091     0.000004543
    12.660000000     0.000000000     0.066565163     0.000004058
    12.670000000     0.000000000     0.068858277     0.000003609
    12.680000000     0.000000000     0.071141501     0.000003195
    12.690000000     0.000000000     0.073414900     0.000002816
    12.700000000     0.000000000     0.075678542     0.000002471
    12.710000000     0.000000000     0.077932491     0.000002158
    12.720000000     0.000000000     0.080176812     0.000001877
    12.730000000     0.000000000     0.082411568     0.000001625
    12.740000000     0.000000000     0.084636823     0.000001401
    12.750000000     0.000000000     0.086852639     0.000001202
    12.760000000     0.000000000     0.089059079     0.000001027
    12.770000000     0.000000000     0.091256204     0.000000874
    12.780000000     0.000000000     0.093444074     0.000000740
    12.790000000     0.000000000     0.095622751     0.000000624
    12.800000000     0.000000000     0.097792294     0.000000524
    12.810000000     0.000000000     0.099952761     0.000000438
    12.820000000     0.000000000     0.102104212     0.000000364
    12.830000000     0.000000000     0.104246705     0.000000301
    12.840000000     0.000000000     0.106380296     0.000000249
    12.850000000     0.000000000     0.108505043     0.000000204
    12.860000000     0.000000000     0.110621003     0.000000167
    12.870000000     0.000000000     0.112728231     0.000000136
    12.880000000     0.000000000     0.114826783     0.000000110
    12.890000000     0.000000000     0.116916713     0.000000089
    12.900000000     0.000000000     0.118998075     0.000000071
    12.910000000     0.000000000     0.121070925     0.000000057
    12.920000000     0.000000000     0.123135315     0.000000045
    12.930000000     0.000000000     0.125191297     0.000000036
    12.940000000     0.000000000     0.127238926     0.000000028
    12.950000000     0.000000000     0.129278251     0.000000022
    12.960000000     0.000000000     0.131309325     0.000000017
    12.970000000     0.000000000     0.133332199     0.000000014
    12.980000000     0.000000000     0.135346924     0.000000010
    12.990000000     0.000000000     0.137353549     0.000000008
    13.000000000     0.000000000     0.139352124     0.000000006
    13.010000000     0.000000000     0.141342699     0.000000005
    13.020000000     0.000000000     0.143325322     0.000000004
    13.030000000     0.000000000     0.145300042     0.000000003
    13.040000000     0.000000000     0.147266907     0.000000002
    13.050000000     0.000000000     0.149225964     0.000000002
    13.060000000     0.000000000     0.151177260     0.000000001
    13.070000000     0.000000000     0.153120842     0.000000001
    13.080000000     0.000000000     0.155056757     0.000000001
    13.090000000     0.000000000     0.156985050     0.000000000
    13.100000000     0.000000000     0.158905767     0.000000000
    13.110000000     0.000000000     0.160818953     0.000000000
    13.120000000     0.000000000     0.162724653     0.000000000
    13.130000000     0.000000000     0.164622911     0.000000000
    13.140000000     0.000000000     0.166513771     0.000000000
    13.150000000     0.000000000     0.168397278     0.000000000
    13.160000000     0.000000000     0.170273473     0.000000000
    13.170000000     0.000000000     0.172142401     0.000000000
    13.180000000     0.000000000     0.174004104     0.000000000
    13.190000000     0.000000000     0.175858623     0.000000000
    13.200000000     0.000000000     0.177706002     0.000000000
    13.210000000     0.000000000     0.179546281     0.000000000
    13.220000000     0.000000000     0.181379501     0.000000000
    13.230000000     0.000000000     0.183205704     0.000000000
    13.240000000     0.000000000     0.185024930     0.000000000
    13.250000000     0.000000000     0.186837219     0.000000000
    13.260000000     0.000000000     0.188642611     0.000000000
    13.270000000     0.000000000     0.190441146     0.000000000
    13.280000000     0.000000000     0.192232862     0.000000000
    13.290000000     0.000000000     0.194017799     0.000000000
    13.300000000     0.000000000     0.195795995     0.000000000
    13.310000000     0.000000000     0.197567489     0.000000000
    13.320000000     0.000000000     0.199332319     0.000000000
    13.330000000     0.000000000     0.201090521     0.000000000
    13.340000000     0.000000000     0.202842135     0.000000000
    13.350000000     0.000000000     0.204587196     0.000000000
    13.360000000     0.000000000     0.206325742     0.000000000
    13.370000000     0.000000000     0.208057808     0.000000000
    13.380000000     0.000000000     0.209783432     0.000000000
    13.390000000     0.000000000     0.211502649     0.000000000
    13.400000000     0.000000000     0.213215495     0.000000000
    13.410000000     0.000000000     0.214922005     0.000000000
    13.420000000     0.000000000     0.216622215     0.000000000
    13.430000000     0.000000000     0.218316158     0.000000000
    13.440000000     0.000000000     0.220003871     0.000000000
    13.450000000     0.000000000     0.221685386     0.000000000
    13.460000000     0.000000000     0.223360739     0.000000000
    13.470000000     0.000000000     0.225029962     0.000000000
    13.480000000     0.000000000     0.226693090     0.000000000
    13.490000000     0.000000000     0.228350155     0.000000000
    13.500000000     0.000000000     0.230001191     0.000000000
    13.510000000     0.000000000     0.231646230     0.000000000
    13.520000000     0.000000000     0.233285306     0.000000000
    13.530000000     0.000000000     0.234918449     0.000000000
    13.540000000     0.000000000     0.236545693     0.000000000
    13.550000000     0.000000000     0.238167069     0.000000000
    13.560000000     0.000000000     0.239782608     0.000000000
    13.570000000     0.000000000     0.241392342     0.000000000
    13.580000000     0.000000000     0.242996303     0.000000000
    13.590000000     0.000000000     0.244594520     0.000000000
    13.600000000     0.000000000     0.246187024     0.000000000
    13.610000000     0.000000000     0.247773846     0.000000000
    13.620000000     0.000000000     0.249355017     0.000000000
    13.630000000     0.000000000     0.250930565     0.000000000
    13.640000000     0.000000000     0.252500521     0.000000000
    13.650000000     0.000000000     0.254064914     0.000000000
    13.660000000     0.000000000     0.255623774     0.000000000
    13.670000000     0.000000000     0.257177129     0.000000000
    13.680000000     0.000000000     0.258725009     0.000000000
    13.690000000     0.000000000     0.260267442     0.000000000
    13.700000000     0.000000000     0.261804456     0.000000000
    13.710000000     0.000000000     0.263336081     0.000000000
    13.720000000     0.000000000     0.264862343     0.000000000
    13.730000000     0.000000000     0.266383271     0.000000000
    13.740000000     0.000000000     0.267898892     0.000000000
    13.750000000     0.000000000     0.269409235     0.000000000
    13.760000000     0.000000000     0.270914325     0.000000000
    13.770000000     0.000000000     0.272414191     0.000000000
    13.780000000     0.000000000     0.273908858     0.000000000
    13.790000000     0.000000000     0.275398354     0.000000000
    13.800000000     0.000000000     0.276882706     0.000000000
    13.810000000     0.000000000     0.278361939     0.000000000
    13.820000000     0.000000000     0.279836080     0.000000000
    13.830000000     0.000000000     0.281305154     0.000000000
    13.840000000     0.000000000     0.282769188     0.000000000
    13.850000000     0.000000000     0.284228206     0.000000000
    13.860000000     0.000000000     0.285682235     0.000000000
    13.870000000     0.000000000     0.287131300     0.000000000
    13.880000000     0.000000000     0.288575425     0.000000000
    13.890000000     0.000000000     0.290014635     0.000000000
    13.900000000     0.000000000     0.291448956     0.000000000
    13.910000000     0.000000000     0.292878411     0.000000000
    13.920000000     0.000000000     0.294303026     0.000000000
    13.930000000     0.000000000     0.295722824     0.000000000
    13.940000000     0.000000000     0.297137829     0.000000000
    13.950000000     0.000000000     0.298548065     0.000000000
    13.960000000     0.000000000     0.299953556     0.000000000
    13.970000000     0.000000000     0.301354325     0.000000000
    13.980000000     0.000000000     0.302750396     0.000000000
    13.990000000     0.000000000     0.304141792     0.000000000
    14.000000000     0.000000000     0.305528536     0.000000000
