     0.000000000    -0.000000000     2.072448974     0.000000000
     0.010000000     0.000000000     2.072452207     0.000000000
     0.020000000     0.000000000     2.072461906     0.000000000
     0.030000000     0.000000000     2.072478072     0.000000000
     0.040000000     0.000000000     2.072500705     0.000000000
     0.050000000     0.000000000     2.072529808     0.000000000
     0.060000000     0.000000000     2.072565382     0.000000000
     0.070000000     0.000000000     2.072607429     0.000000000
     0.080000000     0.000000000     2.072655953     0.000000000
     0.090000000     0.000000000     2.072710955     0.000000000
     0.100000000     0.000000000     2.072772441     0.000000000
     0.110000000     0.000000000     2.072840414     0.000000000
     0.120000000     0.000000000     2.072914878     0.000000000
     0.130000000     0.000000000     2.072995839     0.000000000
     0.140000000     0.000000000     2.073083301     0.000000000
     0.150000000     0.000000000     2.073177270     0.000000000
     0.160000000     0.000000000     2.073277753     0.000000000
     0.170000000     0.000000000     2.073384756     0.000000000
     0.180000000     0.000000000     2.073498286     0.000000000
     0.190000000     0.000000000     2.073618351     0.000000000
     0.200000000     0.000000000     2.073744958     0.000000000
     0.210000000     0.000000000     2.073878116     0.000000000
     0.220000000     0.000000000     2.074017834     0.000000000
     0.230000000     0.000000000     2.074164121     0.000000000
     0.240000000     0.000000000     2.074316986     0.000000000
     0.250000000     0.000000000     2.074476440     0.000000000
     0.260000000     0.000000000     2.074642493     0.000000000
     0.270000000     0.000000000     2.074815156     0.000000000
     0.280000000     0.000000000     2.074994442     0.000000000
     0.290000000     0.000000000     2.075180361     0.000000000
     0.300000000     0.000000000     2.075372926     0.000000000
     0.310000000     0.000000000     2.075572150     0.000000000
     0.320000000     0.000000000     2.075778047     0.000000000
     0.330000000     0.000000000     2.075990630     0.000000000
     0.340000000     0.000000000     2.076209914     0.000000000
     0.350000000     0.000000000     2.076435913     0.000000000
     0.360000000     0.000000000     2.076668642     0.000000000
     0.370000000     0.000000000     2.076908118     0.000000000
     0.380000000     0.000000000     2.077154357     0.000000000
     0.390000000     0.000000000     2.077407375     0.000000000
     0.400000000     0.000000000     2.077667190     0.000000000
     0.410000000     0.000000000     2.077933819     0.000000000
     0.420000000     0.000000000     2.078207281     0.000000000
     0.430000000     0.000000000     2.078487594     0.000000000
     0.440000000     0.000000000     2.078774779     0.000000000
     0.450000000     0.000000000     2.079068853     0.000000000
     0.460000000     0.000000000     2.079369839     0.000000000
     0.470000000     0.000000000     2.079677757     0.000000000
     0.480000000     0.000000000     2.079992628     0.000000000
     0.490000000     0.000000000     2.080314474     0.000000000
     0.500000000     0.000000000     2.080643318     0.000000000
     0.510000000     0.000000000     2.080979183     0.000000000
     0.520000000     0.000000000     2.081322093     0.000000000
     0.530000000     0.000000000     2.081672071     0.000000000
     0.540000000     0.000000000     2.082029144     0.000000000
     0.550000000     0.000000000     2.082393335     0.000000000
     0.560000000     0.000000000     2.082764672     0.000000000
     0.570000000     0.000000000     2.083143180     0.000000000
     0.580000000     0.000000000     2.083528887     0.000000000
     0.590000000     0.000000000     2.083921821     0.000000000
     0.600000000     0.000000000     2.084322010     0.000000000
     0.610000000     0.000000000     2.084729484     0.000000000
     0.620000000     0.000000000     2.085144272     0.000000000
     0.630000000     0.000000000     2.085566404     0.000000000
     0.640000000     0.000000000     2.085995911     0.000000000
     0.650000000     0.000000000     2.086432826     0.000000000
     0.660000000     0.000000000     2.086877181     0.000000000
     0.670000000     0.000000000     2.087329008     0.000000000
     0.680000000     0.000000000     2.087788342     0.000000000
     0.690000000     0.000000000     2.088255217     0.000000000
     0.700000000     0.000000000     2.088729668     0.000000000
     0.710000000     0.000000000     2.089211731     0.000000000
     0.720000000     0.000000000     2.089701443     0.000000000
     0.730000000     0.000000000     2.090198841     0.000000000
     0.740000000     0.000000000     2.090703964     0.000000000
     0.750000000     0.000000000     2.091216850     0.000000000
     0.760000000     0.000000000     2.091737539     0.000000000
     0.770000000     0.000000000     2.092266072     0.000000000
     0.780000000     0.000000000     2.092802491     0.000000000
     0.790000000     0.000000000     2.093346837     0.000000000
     0.800000000     0.000000000     2.093899153     0.000000000
     0.810000000     0.000000000     2.094459484     0.000000000
     0.820000000     0.000000000     2.095027874     0.000000000
     0.830000000     0.000000000     2.095604368     0.000000000
     0.840000000     0.000000000     2.096189015     0.000000000
     0.850000000     0.000000000     2.096781860     0.000000000
     0.860000000     0.000000000     2.097382953     0.000000000
     0.870000000     0.000000000     2.097992342     0.000000000
     0.880000000     0.000000000     2.098610079     0.000000000
     0.890000000     0.000000000     2.099236214     0.000000000
     0.900000000     0.000000000     2.099870800     0.000000000
     0.910000000     0.000000000     2.100513891     0.000000000
     0.920000000     0.000000000     2.101165540     0.000000000
     0.930000000     0.000000000     2.101825803     0.000000000
     0.940000000     0.000000000     2.102494737     0.000000000
     0.950000000     0.000000000     2.103172400     0.000000000
     0.960000000     0.000000000     2.103858850     0.000000000
     0.970000000     0.000000000     2.104554148     0.000000000
     0.980000000     0.000000000     2.105258353     0.000000000
     0.990000000     0.000000000     2.105971530     0.000000000
     1.000000000     0.000000000     2.106693741     0.000000000
     1.010000000     0.000000000     2.107425051     0.000000000
     1.020000000     0.000000000     2.108165527     0.000000000
     1.030000000     0.000000000     2.108915235     0.000000000
     1.040000000     0.000000000     2.109674245     0.000000000
     1.050000000     0.000000000     2.110442626     0.000000000
     1.060000000     0.000000000     2.111220450     0.000000000
     1.070000000     0.000000000     2.112007790     0.000000000
     1.080000000     0.000000000     2.112804721     0.000000000
     1.090000000     0.000000000     2.113611317     0.000000000
     1.100000000     0.000000000     2.114427657     0.000000000
     1.110000000     0.000000000     2.115253819     0.000000000
     1.120000000     0.000000000     2.116089884     0.000000000
     1.130000000     0.000000000     2.116935934     0.000000000
     1.140000000     0.000000000     2.117792052     0.000000000
     1.150000000     0.000000000     2.118658324     0.000000000
     1.160000000     0.000000000     2.119534838     0.000000000
     1.170000000     0.000000000     2.120421681     0.000000000
     1.180000000     0.000000000     2.121318946     0.000000000
     1.190000000     0.000000000     2.122226724     0.000000000
     1.200000000     0.000000000     2.123145110     0.000000000
     1.210000000     0.000000000     2.124074201     0.000000000
     1.220000000     0.000000000     2.125014094     0.000000000
     1.230000000     0.000000000     2.125964892     0.000000000
     1.240000000     0.000000000     2.126926695     0.000000000
     1.250000000     0.000000000     2.127899610     0.000000000
     1.260000000     0.000000000     2.128883742     0.000000000
     1.270000000     0.000000000     2.129879202     0.000000000
     1.280000000     0.000000000     2.130886101     0.000000000
     1.290000000     0.000000001     2.131904553     0.000000000
     1.300000000     0.000000001     2.132934674     0.000000000
     1.310000000     0.000000001     2.133976584     0.000000000
     1.320000000     0.000000002     2.135030404     0.000000000
     1.330000000     0.000000002     2.136096257     0.000000000
     1.340000000     0.000000003     2.137174272     0.000000000
     1.350000000     0.000000005     2.138264577     0.000000000
     1.360000000     0.000000007     2.139367305     0.000000000
     1.370000000     0.000000009     2.140482593     0.000000001
     1.380000000     0.000000012     2.141610577     0.000000001
     1.390000000     0.000000017     2.142751401     0.000000001
     1.400000000     0.000000023     2.143905209     0.000000001
     1.410000000     0.000000030     2.145072149     0.000000002
     1.420000000     0.000000041     2.146252372     0.000000003
     1.430000000     0.000000054     2.147446035     0.000000003
     1.440000000     0.000000072     2.148653295     0.000000005
     1.450000000     0.000000096     2.149874315     0.000000006
     1.460000000     0.000000126     2.151109261     0.000000008
     1.470000000     0.000000165     2.152358304     0.000000011
     1.480000000     0.000000216     2.153621617     0.000000014
     1.490000000     0.000000281     2.154899378     0.000000019
     1.500000000     0.000000363     2.156191771     0.000000024
     1.510000000     0.000000468     2.157498983     0.000000031
     1.520000000     0.000000601     2.158821205     0.000000041
     1.530000000     0.000000767     2.160158633     0.000000052
     1.540000000     0.000000975     2.161511469     0.000000067
     1.550000000     0.000001234     2.162879918     0.000000086
     1.560000000     0.000001555     2.164264193     0.000000109
     1.570000000     0.000001951     2.165664509     0.000000138
     1.580000000     0.000002437     2.167081088     0.000000175
     1.590000000     0.000003030     2.168514160     0.000000219
     1.600000000     0.000003750     2.169963956     0.000000274
     1.610000000     0.000004622     2.171430717     0.000000341
     1.620000000     0.000005671     2.172914688     0.000000422
     1.630000000     0.000006927     2.174416122     0.000000520
     1.640000000     0.000008424     2.175935277     0.000000639
     1.650000000     0.000010199     2.177472419     0.000000781
     1.660000000     0.000012293     2.179027820     0.000000951
     1.670000000     0.000014751     2.180601761     0.000001153
     1.680000000     0.000017623     2.182194528     0.000001391
     1.690000000     0.000020960     2.183806415     0.000001671
     1.700000000     0.000024818     2.185437727     0.000001999
     1.710000000     0.000029257     2.187088772     0.000002381
     1.720000000     0.000034337     2.188759871     0.000002823
     1.730000000     0.000040120     2.190451350     0.000003333
     1.740000000     0.000046670     2.192163545     0.000003918
     1.750000000     0.000054049     2.193896800     0.000004586
     1.760000000     0.000062316     2.195651469     0.000005344
     1.770000000     0.000071531     2.197427913     0.000006200
     1.780000000     0.000081744     2.199226505     0.000007161
     1.790000000     0.000093002     2.201047623     0.000008236
     1.800000000     0.000105342     2.202891657     0.000009430
     1.810000000     0.000118792     2.204759004     0.000010751
     1.820000000     0.000133367     2.206650070     0.000012203
     1.830000000     0.000149069     2.208565267     0.000013791
     1.840000000     0.000165885     2.210505017     0.000015518
     1.850000000     0.000183785     2.212469746     0.000017384
     1.860000000     0.000202720     2.214459888     0.000019390
     1.870000000     0.000222624     2.216475879     0.000021532
     1.880000000     0.000243411     2.218518159     0.000023808
     1.890000000     0.000264977     2.220587168     0.000026208
     1.900000000     0.000287199     2.222683347     0.000028725
     1.910000000     0.000309938     2.224807133     0.000031346
     1.920000000     0.000333039     2.226958960     0.000034057
     1.930000000     0.000356335     2.229139255     0.000036841
     1.940000000     0.000379652     2.231348440     0.000039678
     1.950000000     0.000402808     2.233586933     0.000042548
     1.960000000     0.000425627     2.235855146     0.000045426
     1.970000000     0.000447937     2.238153501     0.000048287
     1.980000000     0.000469579     2.240482432     0.000051104
     1.990000000     0.000490418     2.242842407     0.000053850
     2.000000000     0.000510349     2.245233948     0.000056497
     2.010000000     0.000529308     2.247657663     0.000059016
     2.020000000     0.000547280     2.250114275     0.000061380
     2.030000000     0.000564316     2.252604660     0.000063561
     2.040000000     0.000580541     2.255129874     0.000065535
     2.050000000     0.000596171     2.257691172     0.000067278
     2.060000000     0.000611527     2.260290008     0.000068771
     2.070000000     0.000627052     2.262928013     0.000069995
     2.080000000     0.000643331     2.265606951     0.000070938
     2.090000000     0.000661112     2.268328659     0.000071588
     2.100000000     0.000681326     2.271094976     0.000071942
     2.110000000     0.000705113     2.273907689     0.000071997
     2.120000000     0.000733851     2.276768481     0.000071758
     2.130000000     0.000769187     2.279678910     0.000071232
     2.140000000     0.000813069     2.282640411     0.000070433
     2.150000000     0.000867783     2.285654307     0.000069378
     2.160000000     0.000935997     2.288721841     0.000068090
     2.170000000     0.001020802     2.291844209     0.000066595
     2.180000000     0.001125762     2.295022589     0.000064923
     2.190000000     0.001254968     2.298258174     0.000063110
     2.200000000     0.001413089     2.301552186     0.000061193
     2.210000000     0.001605437     2.304905898     0.000059213
     2.220000000     0.001838022     2.308320637     0.000057213
     2.230000000     0.002117618     2.311797790     0.000055239
     2.240000000     0.002451827     2.315338799     0.000053341
     2.250000000     0.002849141     2.318945160     0.000051567
     2.260000000     0.003319002     2.322618409     0.000049970
     2.270000000     0.003871856     2.326360115     0.000048604
     2.280000000     0.004519207     2.330171862     0.000047522
     2.290000000     0.005273655     2.334055233     0.000046782
     2.300000000     0.006148921     2.338011786     0.000046442
     2.310000000     0.007159865     2.342043027     0.000046560
     2.320000000     0.008322477     2.346150381     0.000047200
     2.330000000     0.009653852     2.350335151     0.000048423
     2.340000000     0.011172138     2.354598468     0.000050297
     2.350000000     0.012896452     2.358941244     0.000052892
     2.360000000     0.014846774     2.363364094     0.000056279
     2.370000000     0.017043798     2.367867262     0.000060535
     2.380000000     0.019508750     2.372450524     0.000065742
     2.390000000     0.022263174     2.377113074     0.000071987
     2.400000000     0.025328672     2.381853395     0.000079361
     2.410000000     0.028726615     2.386669105     0.000087964
     2.420000000     0.032477815     2.391556794     0.000097901
     2.430000000     0.036602168     2.396511827     0.000109288
     2.440000000     0.041118275     2.401528156     0.000122246
     2.450000000     0.046043035     2.406598110     0.000136908
     2.460000000     0.051391233     2.411712203     0.000153417
     2.470000000     0.057175127     2.416858976     0.000171927
     2.480000000     0.063404042     2.422024879     0.000192602
     2.490000000     0.070083981     2.427194248     0.000215622
     2.500000000     0.077217279     2.432349378     0.000241177
     2.510000000     0.084802292     2.437470713     0.000269473
     2.520000000     0.092833154     2.442537147     0.000300729
     2.530000000     0.101299598     2.447526369     0.000335180
     2.540000000     0.110186858     2.452415151     0.000373078
     2.550000000     0.119475667     2.457179417     0.000414690
     2.560000000     0.129142344     2.461793917     0.000460299
     2.570000000     0.139158983     2.466231321     0.000510206
     2.580000000     0.149493744     2.470460707     0.000564729
     2.590000000     0.160111239     2.474445546     0.000624204
     2.600000000     0.170973005     2.478141528     0.000688983
     2.610000000     0.182038057     2.481494789     0.000759435
     2.620000000     0.193263510     2.484441165     0.000835945
     2.630000000     0.204605242     2.486907125     0.000918916
     2.640000000     0.216018583     2.488812856     0.001008763
     2.650000000     0.227459014     2.490077731     0.001105918
     2.660000000     0.238882841     2.490628020     0.001210823
     2.670000000     0.250247829     2.490406295     0.001323933
     2.680000000     0.261513772     2.489381527     0.001445712
     2.690000000     0.272642973     2.487558377     0.001576631
     2.700000000     0.283600626     2.484983965     0.001717168
     2.710000000     0.294355074     2.481750396     0.001867802
     2.720000000     0.304877948     2.477991872     0.002029013
     2.730000000     0.315144169     2.473876127     0.002201278
     2.740000000     0.325131823     2.469591073     0.002385070
     2.750000000     0.334821919     2.465328487     0.002580853
     2.760000000     0.344198030     2.461267070     0.002789079
     2.770000000     0.353245852     2.457557104     0.003010184
     2.780000000     0.361952689     2.454308436     0.003244588
     2.790000000     0.370306902     2.451582764     0.003492689
     2.800000000     0.378297336     2.449390546     0.003754858
     2.810000000     0.385912766     2.447692267     0.004031443
     2.820000000     0.393141386     2.446403419     0.004322758
     2.830000000     0.399970370     2.445402336     0.004629088
     2.840000000     0.406385516     2.444539980     0.004950681
     2.850000000     0.412371015     2.443650890     0.005287750
     2.860000000     0.417909337     2.442564673     0.005640470
     2.870000000     0.422981257     2.441117584     0.006008979
     2.880000000     0.427566016     2.439163790     0.006393376
     2.890000000     0.431641613     2.436585874     0.006793721
     2.900000000     0.435185221     2.433303931     0.007210039
     2.910000000     0.438173713     2.429282470     0.007642320
     2.920000000     0.440584265     2.424534238     0.008090517
     2.930000000     0.442395028     2.419120270     0.008554555
     2.940000000     0.443585840     2.413145871     0.009034330
     2.950000000     0.444138932     2.406752843     0.009529714
     2.960000000     0.444039631     2.400108877     0.010040554
     2.970000000     0.443277010     2.393395437     0.010566683
     2.980000000     0.441844470     2.386795544     0.011107917
     2.990000000     0.439740240     2.380482579     0.011664060
     3.000000000     0.436967773     2.374610814     0.012234911
     3.010000000     0.433536028     2.369307947     0.012820259
     3.020000000     0.429459645     2.364669786     0.013419890
     3.030000000     0.424758994     2.360757205     0.014033588
     3.040000000     0.419460126     2.357595598     0.014661131
     3.050000000     0.413594622     2.355177020     0.015302293
     3.060000000     0.407199355     2.353464991     0.015956842
     3.070000000     0.400316191     2.352401623     0.016624530
     3.080000000     0.392991645     2.351916402     0.017305095
     3.090000000     0.385276502     2.351935709     0.017998249
     3.100000000     0.377225445     2.352392082     0.018703669
     3.110000000     0.368896689     2.353232175     0.019420991
     3.120000000     0.360351648     2.354422470     0.020149793
     3.130000000     0.351654655     2.355951994     0.020889586
     3.140000000     0.342872736     2.357831630     0.021639799
     3.150000000     0.334075456     2.360090143     0.022399761
     3.160000000     0.325334835     2.362767651     0.023168693
     3.170000000     0.316725338     2.365907819     0.023945683
     3.180000000     0.308323931     2.369550287     0.024729681
     3.190000000     0.300210199     2.373724788     0.025519478
     3.200000000     0.292466507     2.378447866     0.026313694
     3.210000000     0.285178197     2.383722432     0.027110773
     3.220000000     0.278433791     2.389539730     0.027908964
     3.230000000     0.272325188     2.395882792     0.028706325
     3.240000000     0.266947814     2.402730335     0.029500716
     3.250000000     0.262400725     2.410060156     0.030289799
     3.260000000     0.258786608     2.417851414     0.031071049
     3.270000000     0.256211670     2.426085576     0.031841758
     3.280000000     0.254785379     2.434746183     0.032599055
     3.290000000     0.254620043     2.443817837     0.033339922
     3.300000000     0.255830181     2.453284926     0.034061220
     3.310000000     0.258531699     2.463130530     0.034759718
     3.320000000     0.262840821     2.473335780     0.035432129
     3.330000000     0.268872792     2.483879709     0.036075143
     3.340000000     0.276740329     2.494739417     0.036685469
     3.350000000     0.286551842     2.505890245     0.037259883
     3.360000000     0.298409418     2.517305652     0.037795267
     3.370000000     0.312406599     2.528956544     0.038288661
     3.380000000     0.328625989     2.540809963     0.038737305
     3.390000000     0.347136710     2.552827181     0.039138688
     3.400000000     0.367991782     2.564961421     0.039490590
     3.410000000     0.391225458     2.577155453     0.039791121
     3.420000000     0.416850607     2.589339369     0.040038760
     3.430000000     0.444856198     2.601428755     0.040232386
     3.440000000     0.475204972     2.613323378     0.040371302
     3.450000000     0.507831393     2.624906379     0.040455254
     3.460000000     0.542639944     2.636043819     0.040484447
     3.470000000     0.579503870     2.646584339     0.040459544
     3.480000000     0.618264427     2.656358665     0.040381670
     3.490000000     0.658730722     2.665178711     0.040252396
     3.500000000     0.700680189     2.672836181     0.040073725
     3.510000000     0.743859761     2.679100747     0.039848070
     3.520000000     0.787987748     2.683718197     0.039578215
     3.530000000     0.832756444     2.686409194     0.039267290
     3.540000000     0.877835440     2.686869625     0.038918722
     3.550000000     0.922875617     2.684773735     0.038536194
     3.560000000     0.967513752     2.679781328     0.038123596
     3.570000000     1.011377665     2.671550214     0.037684979
     3.580000000     1.054091800     2.659754631     0.037224503
     3.590000000     1.095283126     2.644109659     0.036746390
     3.600000000     1.134587217     2.624400494     0.036254874
     3.610000000     1.171654367     2.600514120     0.035754159
     3.620000000     1.206155582     2.572469442     0.035248378
     3.630000000     1.237788297     2.540440785     0.034741555
     3.640000000     1.266281663     2.504769278     0.034237569
     3.650000000     1.291401245     2.465957556     0.033740136
     3.660000000     1.312953020     2.424645844     0.033252776
     3.670000000     1.330786544     2.381571446     0.032778805
     3.680000000     1.344797198     2.337518043     0.032321322
     3.690000000     1.354927460     2.293264169     0.031883202
     3.700000000     1.361167150     2.249540423     0.031467098
     3.710000000     1.363552650     2.207001814     0.031075445
     3.720000000     1.362165136     2.166216353     0.030710468
     3.730000000     1.357127850     2.127665668     0.030374195
     3.740000000     1.348602523     2.091750451     0.030068471
     3.750000000     1.336785050     2.058793799     0.029794975
     3.760000000     1.321900537     2.029038611     0.029555239
     3.770000000     1.304197892     2.002639341     0.029350666
     3.780000000     1.283944091     1.979651628     0.029182548
     3.790000000     1.261418312     1.960024616     0.029052084
     3.800000000     1.236906087     1.943599876     0.028960394
     3.810000000     1.210693627     1.930118845     0.028908534
     3.820000000     1.183062489     1.919238475     0.028897504
     3.830000000     1.154284698     1.910553311     0.028928254
     3.840000000     1.124618443     1.903621503     0.029001690
     3.850000000     1.094304436     1.897992301     0.029118666
     3.860000000     1.063563005     1.893232816     0.029279984
     3.870000000     1.032591940     1.888952163     0.029486380
     3.880000000     1.001565122     1.884821287     0.029738508
     3.890000000     0.970631902     1.880586972     0.030036925
     3.900000000     0.939917207     1.876078930     0.030382067
     3.910000000     0.909522294     1.871209490     0.030774219
     3.920000000     0.879526094     1.865966403     0.031213493
     3.930000000     0.849987037     1.860400258     0.031699794
     3.940000000     0.820945264     1.854608824     0.032232791
     3.950000000     0.792425119     1.848720921     0.032811884
     3.960000000     0.764437812     1.842882053     0.033436177
     3.970000000     0.736984152     1.837243151     0.034104447
     3.980000000     0.710057241     1.831952690     0.034815124
     3.990000000     0.683645058     1.827151463     0.035566264
     4.000000000     0.657732834     1.822968866     0.036355541
     4.010000000     0.632305188     1.819519640     0.037180234
     4.020000000     0.607347935     1.816900556     0.038037227
     4.030000000     0.582849577     1.815187207     0.038923013
     4.040000000     0.558802433     1.814431500     0.039833711
     4.050000000     0.535203411     1.814660533     0.040765085
     4.060000000     0.512054444     1.815877237     0.041712580
     4.070000000     0.489362603     1.818062721     0.042671358
     4.080000000     0.467139924     1.821179896     0.043636345
     4.090000000     0.445402986     1.825177740     0.044602293
     4.100000000     0.424172286     1.829995620     0.045563834
     4.110000000     0.403471460     1.835567204     0.046515553
     4.120000000     0.383326394     1.841823745     0.047452060
     4.130000000     0.363764283     1.848696631     0.048368062
     4.140000000     0.344812662     1.856119229     0.049258441
     4.150000000     0.326498472     1.864028108     0.050118330
     4.160000000     0.308847181     1.872363731     0.050943190
     4.170000000     0.291881989     1.881070753     0.051728873
     4.180000000     0.275623154     1.890098053     0.052471695
     4.190000000     0.260087430     1.899398627     0.053168490
     4.200000000     0.245287656     1.908929439     0.053816657
     4.210000000     0.231232476     1.918651322     0.054414207
     4.220000000     0.217926197     1.928528919     0.054959785
     4.230000000     0.205368790     1.938530663     0.055452696
     4.240000000     0.193556003     1.948628737     0.055892902
     4.250000000     0.182479591     1.958798990     0.056281025
     4.260000000     0.172127639     1.969020770     0.056618322
     4.270000000     0.162484969     1.979276696     0.056906660
     4.280000000     0.153533596     1.989552384     0.057148474
     4.290000000     0.145253250     1.999836144     0.057346714
     4.300000000     0.137621903     2.010118682     0.057504789
     4.310000000     0.130616326     2.020392809     0.057626495
     4.320000000     0.124212635     2.030653158     0.057715942
     4.330000000     0.118386822     2.040895931     0.057777473
     4.340000000     0.113115262     2.051118663     0.057815584
     4.350000000     0.108375178     2.061320028     0.057834832
     4.360000000     0.104145060     2.071499673     0.057839756
     4.370000000     0.100405036     2.081658084     0.057834790
     4.380000000     0.097137179     2.091796462     0.057824177
     4.390000000     0.094325746     2.101916596     0.057811898
     4.400000000     0.091957361     2.112020712     0.057801593
     4.410000000     0.090021124     2.122111298     0.057796497
     4.420000000     0.088508643     2.132190918     0.057799379
     4.430000000     0.087414008     2.142262028     0.057812495
     4.440000000     0.086733686     2.152326844     0.057837541
     4.450000000     0.086466355     2.162387255     0.057875623
     4.460000000     0.086612669     2.172444810     0.057927236
     4.470000000     0.087174965     2.182500770     0.057992249
     4.480000000     0.088156913     2.192556189     0.058069904
     4.490000000     0.089563118     2.202612014     0.058158826
     4.500000000     0.091398676     2.212669149     0.058257043
     4.510000000     0.093668703     2.222728439     0.058362015
     4.520000000     0.096377840     2.232790545     0.058470673
     4.530000000     0.099529735     2.242855665     0.058579470
     4.540000000     0.103126540     2.252923087     0.058684439
     4.550000000     0.107168413     2.262990573     0.058781259
     4.560000000     0.111653040     2.273053605     0.058865331
     4.570000000     0.116575210     2.283104529     0.058931857
     4.580000000     0.121926428     2.293131679     0.058975925
     4.590000000     0.127694608     2.303118545     0.058992602
     4.600000000     0.133863829     2.313043075     0.058977023
     4.610000000     0.140414190     2.322877177     0.058924483
     4.620000000     0.147321756     2.332586481     0.058830535
     4.630000000     0.154558607     2.342130418     0.058691076
     4.640000000     0.162092995     2.351462625     0.058502433
     4.650000000     0.169889604     2.360531688     0.058261445
     4.660000000     0.177909915     2.369282206     0.057965536
     4.670000000     0.186112674     2.377656166     0.057612777
     4.680000000     0.194454443     2.385594624     0.057201942
     4.690000000     0.202890231     2.393039749     0.056732550
     4.700000000     0.211374190     2.399937312     0.056204890
     4.710000000     0.219860353     2.406239746     0.055620042
     4.720000000     0.228303407     2.411909874     0.054979878
     4.730000000     0.236659467     2.416925324     0.054287044
     4.740000000     0.244886842     2.421283409     0.053544943
     4.750000000     0.252946768     2.425005970     0.052757689
     4.760000000     0.260804090     2.428143295     0.051930057
     4.770000000     0.268427875     2.430775911     0.051067421
     4.780000000     0.275791937     2.433013021     0.050175679
     4.790000000     0.282875268     2.434986683     0.049261173
     4.800000000     0.289662356     2.436841702     0.048330600
     4.810000000     0.296143385     2.438722301     0.047390919
     4.820000000     0.302314320     2.440757693     0.046449262
     4.830000000     0.308176857     2.443049189     0.045512830
     4.840000000     0.313738268     2.445661263     0.044588810
     4.850000000     0.319011114     2.448618096     0.043684277
     4.860000000     0.324012860     2.451905926     0.042806116
     4.870000000     0.328765390     2.455480367     0.041960941
     4.880000000     0.333294423     2.459277125     0.041155031
     4.890000000     0.337628871     2.463224143     0.040394265
     4.900000000     0.341800119     2.467253245     0.039684075
     4.910000000     0.345841271     2.471309600     0.039029406
     4.920000000     0.349786357     2.475357739     0.038434689
     4.930000000     0.353669523     2.479383509     0.037903818
     4.940000000     0.357524221     2.483392042     0.037440140
     4.950000000     0.361382406     2.487402614     0.037046459
     4.960000000     0.365273768     2.491441836     0.036725036
     4.970000000     0.369224988     2.495536833     0.036477607
     4.980000000     0.373259062     2.499709869     0.036305401
     4.990000000     0.377394678     2.503975228     0.036209161
     5.000000000     0.381645671     2.508338407     0.036189170
     5.010000000     0.386020569     2.512797017     0.036245283
     5.020000000     0.390522232     2.517342463     0.036376949
     5.030000000     0.395147598     2.521961477     0.036583245
     5.040000000     0.399887543     2.526636945     0.036862897
     5.050000000     0.404726857     2.531347836     0.037214311
     5.060000000     0.409644354     2.536068408     0.037635594
     5.070000000     0.414613100     2.540767027     0.038124569
     5.080000000     0.419600774     2.545404946     0.038678804
     5.090000000     0.424570148     2.549935349     0.039295619
     5.100000000     0.429479695     2.554302910     0.039972100
     5.110000000     0.434284296     2.558444140     0.040705118
     5.120000000     0.438936059     2.562288824     0.041491335
     5.130000000     0.443385216     2.565762791     0.042327215
     5.140000000     0.447581086     2.568792174     0.043209040
     5.150000000     0.451473094     2.571309148     0.044132920
     5.160000000     0.455011811     2.573258978     0.045094807
     5.170000000     0.458150000     2.574608014     0.046090518
     5.180000000     0.460843644     2.575351991     0.047115750
     5.190000000     0.463052929     2.575523524     0.048166113
     5.200000000     0.464743164     2.575197243     0.049237148
     5.210000000     0.465885610     2.574490661     0.050324374
     5.220000000     0.466458209     2.573559200     0.051423312
     5.230000000     0.466446184     2.572584826     0.052529536
     5.240000000     0.465842506     2.571759397     0.053638714
     5.250000000     0.464648218     2.571265500     0.054746654
     5.260000000     0.462872605     2.571258553     0.055849359
     5.270000000     0.460533212     2.571853749     0.056943070
     5.280000000     0.457655715     2.573120159     0.058024326
     5.290000000     0.454273647     2.575082401     0.059090004
     5.300000000     0.450427988     2.577728531     0.060137374
     5.310000000     0.446166630     2.581021678     0.061164139
     5.320000000     0.441543743     2.584912696     0.062168475
     5.330000000     0.436619037     2.589351485     0.063149064
     5.340000000     0.431456955     2.594295479     0.064105119
     5.350000000     0.426125807     2.599714596     0.065036406
     5.360000000     0.420696858     2.605592712     0.065943250
     5.370000000     0.415243390     2.611926219     0.066826538
     5.380000000     0.409839760     2.618720517     0.067687708
     5.390000000     0.404560447     2.625985498     0.068528732
     5.400000000     0.399479119     2.633730977     0.069352086
     5.410000000     0.394667725     2.641962905     0.070160714
     5.420000000     0.390195610     2.650680779     0.070957977
     5.430000000     0.386128670     2.659876334     0.071747602
     5.440000000     0.382528554     2.669533241     0.072533613
     5.450000000     0.379451909     2.679627448     0.073320263
     5.460000000     0.376949672     2.690127828     0.074111956
     5.470000000     0.375066426     2.700996998     0.074913167
     5.480000000     0.373839807     2.712192320     0.075728356
     5.490000000     0.373299982     2.723667248     0.076561876
     5.500000000     0.373469192     2.735373107     0.077417893
     5.510000000     0.374361367     2.747261272     0.078300288
     5.520000000     0.375981837     2.759285516     0.079212576
     5.530000000     0.378327120     2.771404096     0.080157818
     5.540000000     0.381384820     2.783581086     0.081138542
     5.550000000     0.385133630     2.795786511     0.082156670
     5.560000000     0.389543455     2.807995060     0.083213445
     5.570000000     0.394575660     2.820183477     0.084309378
     5.580000000     0.400183456     2.832327063     0.085444189
     5.590000000     0.406312418     2.844395985     0.086616774
     5.600000000     0.412901155     2.856352143     0.087825168
     5.610000000     0.419882109     2.868147262     0.089066533
     5.620000000     0.427182510     2.879722582     0.090337151
     5.630000000     0.434725445     2.891010203     0.091632433
     5.640000000     0.442431055     2.901935868     0.092946942
     5.650000000     0.450217842     2.912422801     0.094274430
     5.660000000     0.458004048     2.922396187     0.095607890
     5.670000000     0.465709108     2.931788034     0.096939621
     5.680000000     0.473255127     2.940542300     0.098261310
     5.690000000     0.480568371     2.948620362     0.099564118
     5.700000000     0.487580729     2.956006837     0.100838791
     5.710000000     0.494231112     2.962715602     0.102075771
     5.720000000     0.500466766     2.968795348     0.103265324
     5.730000000     0.506244464     2.974333544     0.104397667
     5.740000000     0.511531536     2.979457349     0.105463111
     5.750000000     0.516306728     2.984330176     0.106452196
     5.760000000     0.520560862     2.989143289     0.107355838
     5.770000000     0.524297264     2.994102950     0.108165468
     5.780000000     0.527531977     2.999414800     0.108873167
     5.790000000     0.530293725     3.005268036     0.109471800
     5.800000000     0.532623645     3.011822089     0.109955135
     5.810000000     0.534574785     3.019197994     0.110317959
     5.820000000     0.536211393     3.027475487     0.110556172
     5.830000000     0.537607998     3.036695627     0.110666874
     5.840000000     0.538848322     3.046867607     0.110648434
     5.850000000     0.540024049     3.057977779     0.110500537
     5.860000000     0.541233473     3.069998789     0.110224220
     5.870000000     0.542580082     3.082897096     0.109821884
     5.880000000     0.544171092     3.096637821     0.109297291
     5.890000000     0.546115979     3.111186684     0.108655534
     5.900000000     0.548525055     3.126509484     0.107903003
     5.910000000     0.551508106     3.142569988     0.107047318
     5.920000000     0.555173134     3.159327236     0.106097258
     5.930000000     0.559625235     3.176733114     0.105062664
     5.940000000     0.564965634     3.194730745     0.103954342
     5.950000000     0.571290895     3.213253939     0.102783945
     5.960000000     0.578692322     3.232227695     0.101563845
     5.970000000     0.587255567     3.251569573     0.100307006
     5.980000000     0.597060433     3.271191715     0.099026842
     5.990000000     0.608180877     3.291003279     0.097737083
     6.000000000     0.620685210     3.310913157     0.096451625
     6.010000000     0.634636460     3.330832861     0.095184399
     6.020000000     0.650092896     3.350679513     0.093949224
     6.030000000     0.667108669     3.370378825     0.092759680
     6.040000000     0.685734558     3.389867803     0.091628978
     6.050000000     0.706018771     3.409096762     0.090569841
     6.060000000     0.728007766     3.428030127     0.089594390
     6.070000000     0.751747061     3.446645521     0.088714044
     6.080000000     0.777281976     3.464930962     0.087939428
     6.090000000     0.804658280     3.482880418     0.087280290
     6.100000000     0.833922686     3.500488537     0.086745436
     6.110000000     0.865123168     3.517745771     0.086342668
     6.120000000     0.898309047     3.534635145     0.086078743
     6.130000000     0.933530828     3.551131588     0.085959334
     6.140000000     0.970839741     3.567203965     0.085989016
     6.150000000     1.010286980     3.582819175     0.086171251
     6.160000000     1.051922616     3.597946998     0.086508393
     6.170000000     1.095794171     3.612564154     0.087001700
     6.180000000     1.141944875     3.626656259     0.087651361
     6.190000000     1.190411595     3.640216920     0.088456527
     6.200000000     1.241222481     3.653243928     0.089415355
     6.210000000     1.294394357     3.665733140     0.090525066
     6.220000000     1.349929896     3.677671090     0.091781996
     6.230000000     1.407814666     3.689027559     0.093181672
     6.240000000     1.468014081     3.699749336     0.094718879
     6.250000000     1.530470372     3.709756158     0.096387738
     6.260000000     1.595099650     3.718939455     0.098181789
     6.270000000     1.661789160     3.727163951     0.100094070
     6.280000000     1.730394830     3.734271642     0.102117204
     6.290000000     1.800739217     3.740087154     0.104243479
     6.300000000     1.872609955     3.744423320     0.106464927
     6.310000000     1.945758783     3.747085866     0.108773409
     6.320000000     2.019901273     3.747876481     0.111160678
     6.330000000     2.094717300     3.746593892     0.113618455
     6.340000000     2.169852331     3.743032942     0.116138485
     6.350000000     2.244919573     3.736981842     0.118712597
     6.360000000     2.319502990     3.728217974     0.121332744
     6.370000000     2.393161191     3.716502936     0.123991045
     6.380000000     2.465432152     3.701578093     0.126679818
     6.390000000     2.535838718     3.683162566     0.129391597
     6.400000000     2.603894793     3.660956174     0.132119151
     6.410000000     2.669112117     3.634649954     0.134855489
     6.420000000     2.731007496     3.603946175     0.137593862
     6.430000000     2.789110320     3.568588240     0.140327763
     6.440000000     2.842970223     3.528398613     0.143050909
     6.450000000     2.892164685     3.483320497     0.145757239
     6.460000000     2.936306405     3.433457114     0.148440897
     6.470000000     2.975050259     3.379101678     0.151096215
     6.480000000     3.008099662     3.320751994     0.153717704
     6.490000000     3.035212171     3.259105870     0.156300040
     6.500000000     3.056204194     3.195036725     0.158838059
     6.510000000     3.070954664     3.129551957     0.161326746
     6.520000000     3.079407601     3.063739066     0.163761239
     6.530000000     3.081573488     2.998705691     0.166136835
     6.540000000     3.077529434     2.935519729     0.168448995
     6.550000000     3.067418134     2.875154931     0.170693365
     6.560000000     3.051445653     2.818446257     0.172865794
     6.570000000     3.029878118     2.766058123     0.174962359
     6.580000000     3.003037400     2.718467385     0.176979395
     6.590000000     2.971295935     2.675961437     0.178913530
     6.600000000     2.935070806     2.638650222     0.180761716
     6.610000000     2.894817264     2.606489429     0.182521271
     6.620000000     2.851021859     2.579311088     0.184189910
     6.630000000     2.804195338     2.556857352     0.185765788
     6.640000000     2.754865512     2.538813589     0.187247528
     6.650000000     2.703570225     2.524837831     0.188634252
     6.660000000     2.650850606     2.514584797     0.189925612
     6.670000000     2.597244717     2.507723925     0.191121805
     6.680000000     2.543281722     2.503951678     0.192223589
     6.690000000     2.489476672     2.502998954     0.193232293
     6.700000000     2.436325968     2.504634507     0.194149815
     6.710000000     2.384303542     2.508665188     0.194978610
     6.720000000     2.333857795     2.514933559     0.195721681
     6.730000000     2.285409267     2.523313266     0.196382548
     6.740000000     2.239349030     2.533702504     0.196965217
     6.750000000     2.196037771     2.546016086     0.197474137
     6.760000000     2.155805485     2.560176868     0.197914153
     6.770000000     2.118951752     2.576107496     0.198290445
     6.780000000     2.085746481     2.593723487     0.198608471
     6.790000000     2.056431082     2.612928404     0.198873890
     6.800000000     2.031219956     2.633611479     0.199092495
     6.810000000     2.010302235     2.655647483     0.199270130
     6.820000000     1.993843696     2.678898277     0.199412608
     6.830000000     1.981988757     2.703215205     0.199525634
     6.840000000     1.974862501     2.728441521     0.199614715
     6.850000000     1.972572645     2.754414196     0.199685081
     6.860000000     1.975211405     2.780964707     0.199741604
     6.870000000     1.982857184     2.807918774     0.199788721
     6.880000000     1.995576043     2.835095308     0.199830363
     6.890000000     2.013422901     2.862305132     0.199869889
     6.900000000     2.036442412     2.889350201     0.199910033
     6.910000000     2.064669491     2.916024082     0.199952852
     6.920000000     2.098129444     2.942114304     0.199999688
     6.930000000     2.136837680     2.967406868     0.200051150
     6.940000000     2.180798965     2.991692774     0.200107094
     6.950000000     2.230006216     3.014775837     0.200166624
     6.960000000     2.284438827     3.036480636     0.200228111
     6.970000000     2.344060513     3.056659070     0.200289219
     6.980000000     2.408816707     3.075194032     0.200346947
     6.990000000     2.478631528     3.091999044     0.200397685
     7.000000000     2.553404373     3.107013460     0.200437289
     7.010000000     2.633006192     3.120193740     0.200461158
     7.020000000     2.717275537     3.131502149     0.200464330
     7.030000000     2.806014472     3.140894806     0.200441587
     7.040000000     2.898984483     3.148310994     0.200387564
     7.050000000     2.995902513     3.153665171     0.200296870
     7.060000000     3.096437278     3.156842235     0.200164206
     7.070000000     3.200206026     3.157695656     0.199984493
     7.080000000     3.306771905     3.156047302     0.199752990
     7.090000000     3.415642125     3.151687469     0.199465416
     7.100000000     3.526267062     3.144373824     0.199118064
     7.110000000     3.638040477     3.133828612     0.198707903
     7.120000000     3.750300974     3.119734460     0.198232675
     7.130000000     3.862334823     3.101730050     0.197690975
     7.140000000     3.973380224     3.079407498     0.197082321
     7.150000000     4.082633052     3.052313327     0.196407202
     7.160000000     4.189254103     3.019954449     0.195667112
     7.170000000     4.292377772     2.981809861     0.194864563
     7.180000000     4.391122099     2.937348091     0.194003085
     7.190000000     4.484600022     2.886050106     0.193087194
     7.200000000     4.571931664     2.827437286     0.192122356
     7.210000000     4.652257410     2.761104166     0.191114922
     7.220000000     4.724751511     2.686755650     0.190072044
     7.230000000     4.788635911     2.604248101     0.189001586
     7.240000000     4.843193970     2.513632954     0.187912007
     7.250000000     4.887783741     2.415200072     0.186812243
     7.260000000     4.921850465     2.309516246     0.185711567
     7.270000000     4.944937938     2.197452427     0.184619452
     7.280000000     4.956698451     2.080192436     0.183545424
     7.290000000     4.956901011     1.959216816     0.182498908
     7.300000000     4.945437597     1.836258480     0.181489087
     7.310000000     4.922327273     1.713231263     0.180524751
     7.320000000     4.887718009     1.592137215     0.179614160
     7.330000000     4.841886147     1.474962117     0.178764911
     7.340000000     4.785233499     1.363570319     0.177983823
     7.350000000     4.718282134     1.259609667     0.177276828
     7.360000000     4.641666984     1.164435366     0.176648877
     7.370000000     4.556126434     1.079059043     0.176103874
     7.380000000     4.462491146     1.004126315     0.175644610
     7.390000000     4.361671385     0.939923198     0.175272736
     7.400000000     4.254643167     0.886408645     0.174988736
     7.410000000     4.142433560     0.843267751     0.174791935
     7.420000000     4.026105504     0.809978079     0.174680520
     7.430000000     3.906742490     0.785880500     0.174651578
     7.440000000     3.785433460     0.770246272     0.174701154
     7.450000000     3.663258241     0.762333521     0.174824328
     7.460000000     3.541273823     0.761428725     0.175015302
     7.470000000     3.420501742     0.766871544     0.175267507
     7.480000000     3.301916791     0.778064037     0.175573712
     7.490000000     3.186437233     0.794467420     0.175926152
     7.500000000     3.074916640     0.815590738     0.176316657
     7.510000000     2.968137450     0.840976073     0.176736787
     7.520000000     2.866806244     0.870184186     0.177177970
     7.530000000     2.771550750     0.902783257     0.177631642
     7.540000000     2.682918488     0.938341930     0.178089379
     7.550000000     2.601376976     0.976426647     0.178543033
     7.560000000     2.527315347     1.016602485     0.178984850
     7.570000000     2.461047213     1.058436407     0.179407592
     7.580000000     2.402814604     1.101501972     0.179804643
     7.590000000     2.352792774     1.145384854     0.180170099
     7.600000000     2.311095667     1.189688886     0.180498849
     7.610000000     2.277781827     1.234042407     0.180786645
     7.620000000     2.252860554     1.278104672     0.181030147
     7.630000000     2.236298090     1.321571760     0.181226960
     7.640000000     2.228023658     1.364181220     0.181375648
     7.650000000     2.227935163     1.405714636     0.181475735
     7.660000000     2.235904415     1.445997458     0.181527686
     7.670000000     2.251781732     1.484895845     0.181532872
     7.680000000     2.275399806     1.522310746     0.181493519
     7.690000000     2.306576761     1.558169870     0.181412643
     7.700000000     2.345118337     1.592418511     0.181293970
     7.710000000     2.390819172     1.625010330     0.181141839
     7.720000000     2.443463180     1.655899152     0.180961105
     7.730000000     2.502823062     1.685032625     0.180757024
     7.740000000     2.568658990     1.712348302     0.180535136
     7.750000000     2.640716565     1.737772230     0.180301145
     7.760000000     2.718724148     1.761219677     0.180060796
     7.770000000     2.802389696     1.782597077     0.179819757
     7.780000000     2.891397258     1.801803888     0.179583501
     7.790000000     2.985403306     1.818732941     0.179357200
     7.800000000     3.084033068     1.833268113     0.179145625
     7.810000000     3.186877073     1.845278788     0.178953061
     7.820000000     3.293488082     1.854611422     0.178783234
     7.830000000     3.403378606     1.861079302     0.178639256
     7.840000000     3.516019185     1.864452096     0.178523581
     7.850000000     3.630837592     1.864446986     0.178437988
     7.860000000     3.747219108     1.860722983     0.178383573
     7.870000000     3.864507981     1.852879670     0.178360767
     7.880000000     3.982010141     1.840461134     0.178369363
     7.890000000     4.098997236     1.822965325     0.178408568
     7.900000000     4.214711969     1.799858574     0.178477058
     7.910000000     4.328374712     1.770594663     0.178573058
     7.920000000     4.439191309     1.734637689     0.178694425
     7.930000000     4.546361943     1.691488062     0.178838736
     7.940000000     4.649090891     1.640711250     0.179003388
     7.950000000     4.746596982     1.581969025     0.179185696
     7.960000000     4.838124495     1.515052835     0.179382987
     7.970000000     4.922954263     1.439918237     0.179592698
     7.980000000     5.000414688     1.356718194     0.179812461
     7.990000000     5.069892383     1.265831639     0.180040182
     8.000000000     5.130842160     1.167882599     0.180274111
     8.010000000     5.182796083     1.063744836     0.180512897
     8.020000000     5.225371336     0.954527880     0.180755635
     8.030000000     5.258276672     0.841542504     0.181001893
     8.040000000     5.281317257     0.726246799     0.181251731
     8.050000000     5.294397758     0.610177116     0.181505704
     8.060000000     5.297523573     0.494870763     0.181764852
     8.070000000     5.290800168     0.381788673     0.182030678
     8.080000000     5.274430507     0.272246298     0.182305117
     8.090000000     5.248710653     0.167359673     0.182590492
     8.100000000     5.214023638     0.068011223     0.182889472
     8.110000000     5.170831768    -0.025163068     0.183205010
     8.120000000     5.119667563    -0.111766574     0.183540290
     8.130000000     5.061123565    -0.191618909     0.183898665
     8.140000000     4.995841283    -0.264722134     0.184283599
     8.150000000     4.924499551    -0.331221892     0.184698605
     8.160000000     4.847802601    -0.391368417     0.185147190
     8.170000000     4.766468135    -0.445481136     0.185632799
     8.180000000     4.681215684    -0.493919350     0.186158770
     8.190000000     4.592755527    -0.537060360     0.186728284
     8.200000000     4.501778402    -0.575285418     0.187344332
     8.210000000     4.408946230    -0.608972993     0.188009673
     8.220000000     4.314884030    -0.638497883     0.188726815
     8.230000000     4.220173147    -0.664233945     0.189497983
     8.240000000     4.125345911    -0.686557840     0.190325102
     8.250000000     4.030881749    -0.705851357     0.191209788
     8.260000000     3.937204782    -0.722500621     0.192153328
     8.270000000     3.844682859    -0.736891579     0.193156682
     8.280000000     3.753627966    -0.749402246     0.194220473
     8.290000000     3.664297900    -0.760393037     0.195344986
     8.300000000     3.576899074    -0.770196841     0.196530174
     8.310000000     3.491590297    -0.779110334     0.197775656
     8.320000000     3.408487361    -0.787387340     0.199080723
     8.330000000     3.327668236    -0.795234204     0.200444348
     8.340000000     3.249178694    -0.802806369     0.201865190
     8.350000000     3.173038159    -0.810205029     0.203341608
     8.360000000     3.099245617    -0.817473072     0.204871672
     8.370000000     3.027785393    -0.824590468     0.206453171
     8.380000000     2.958632651    -0.831470404     0.208083635
     8.390000000     2.891758479    -0.837958344     0.209760343
     8.400000000     2.827134432    -0.843836354     0.211480341
     8.410000000     2.764736456    -0.848834309     0.213240460
     8.420000000     2.704548119    -0.852648230     0.215037326
     8.430000000     2.646563105    -0.854964446     0.216867379
     8.440000000     2.590786960    -0.855486939     0.218726885
     8.450000000     2.537238102    -0.853964470     0.220611946
     8.460000000     2.485948102    -0.850213968     0.222518510
     8.470000000     2.436961313    -0.844137227     0.224442380
     8.480000000     2.390333888    -0.835728961     0.226379211
     8.490000000     2.346132274    -0.825075568     0.228324516
     8.500000000     2.304431258    -0.812345335     0.230273659
     8.510000000     2.265311670    -0.797771937     0.232221851
     8.520000000     2.228857830    -0.781633858     0.234164138
     8.530000000     2.195154826    -0.764232549     0.236095395
     8.540000000     2.164285728    -0.745871865     0.238010311
     8.550000000     2.136328814    -0.726840672     0.239903382
     8.560000000     2.111354883    -0.707399751     0.241768900
     8.570000000     2.089424736    -0.687773501     0.243600951
     8.580000000     2.070586865    -0.668146439     0.245393415
     8.590000000     2.054875412    -0.648664239     0.247139975
     8.600000000     2.042308428    -0.629438733     0.248834130
     8.610000000     2.032886448    -0.610556022     0.250469229
     8.620000000     2.026591418    -0.592086456     0.252038504
     8.630000000     2.023385947    -0.574095011     0.253535120
     8.640000000     2.023212909    -0.556650637     0.254952242
     8.650000000     2.025995361    -0.539833519     0.256283104
     8.660000000     2.031636767    -0.523739759     0.257521098
     8.670000000     2.040021505    -0.508483617     0.258659869
     8.680000000     2.051015615    -0.494197719     0.259693419
     8.690000000     2.064467774    -0.481031596     0.260616213
     8.700000000     2.080210455    -0.469148624     0.261423293
     8.710000000     2.098061226    -0.458721170     0.262110389
     8.720000000     2.117824181    -0.449923807     0.262674023
     8.730000000     2.139291439    -0.442924807     0.263111605
     8.740000000     2.162244710    -0.437876719     0.263421521
     8.750000000     2.186456875    -0.434907184     0.263603202
     8.760000000     2.211693575    -0.434111167     0.263657170
     8.770000000     2.237714774    -0.435545430     0.263585070
     8.780000000     2.264276290    -0.439225510     0.263389672
     8.790000000     2.291131277    -0.445125079     0.263074846
     8.800000000     2.318031650    -0.453177425     0.262645516
     8.810000000     2.344729457    -0.463278879     0.262107580
     8.820000000     2.370978181    -0.475294201     0.261467809
     8.830000000     2.396534006    -0.489063930     0.260733722
     8.840000000     2.421157022    -0.504413692     0.259913439
     8.850000000     2.444612404    -0.521165267     0.259015512
     8.860000000     2.466671571    -0.539149100     0.258048753
     8.870000000     2.487113320    -0.558217605     0.257022042
     8.880000000     2.505724976    -0.578258106     0.255944137
     8.890000000     2.522303547    -0.599203574     0.254823488
     8.900000000     2.536656895    -0.621038779     0.253668050
     8.910000000     2.548604938    -0.643799515     0.252485114
     8.920000000     2.557980867    -0.667563405     0.251281154
     8.930000000     2.564632394    -0.692432446     0.250061691
     8.940000000     2.568422996    -0.718509390     0.248831186
     8.950000000     2.569233168    -0.745871668     0.247592959
     8.960000000     2.566961641    -0.774547319     0.246349131
     8.970000000     2.561526557    -0.804497057     0.245100607
     8.980000000     2.552866567    -0.835605272     0.243847080
     8.990000000     2.540941817    -0.867680861     0.242587069
     9.000000000     2.525734799    -0.900466831     0.241317986
     9.010000000     2.507251024    -0.933656136     0.240036223
     9.020000000     2.485519493    -0.966910491     0.238737267
     9.030000000     2.460592930    -0.999879168     0.237415833
     9.040000000     2.432547754    -1.032215641     0.236066008
     9.050000000     2.401483773    -1.063591191     0.234681410
     9.060000000     2.367523574    -1.093705580     0.233255350
     9.070000000     2.330811620    -1.122295404     0.231780997
     9.080000000     2.291513031    -1.149140589     0.230251540
     9.090000000     2.249812079    -1.174068892     0.228660340
     9.100000000     2.205910392    -1.196957650     0.227001076
     9.110000000     2.160024913    -1.217731814     0.225267876
     9.120000000     2.112385622    -1.236357749     0.223455427
     9.130000000     2.063233074    -1.252833285     0.221559075
     9.140000000     2.012815784    -1.267175718     0.219574898
     9.150000000     1.961387514    -1.279410250     0.217499760
     9.160000000     1.909204499    -1.289561399     0.215331350
     9.170000000     1.856522673    -1.297649159     0.213068194
     9.180000000     1.803594937    -1.303690297     0.210709652
     9.190000000     1.750668509    -1.307703883     0.208255900
     9.200000000     1.697982428    -1.309719229     0.205707893
     9.210000000     1.645765209    -1.309784150     0.203067317
     9.220000000     1.594232732    -1.307971732     0.200336532
     9.230000000     1.543586351    -1.304384318     0.197518507
     9.240000000     1.494011285    -1.299153931     0.194616751
     9.250000000     1.445675272    -1.292438883     0.191635241
     9.260000000     1.398727528    -1.284416865     0.188578353
     9.270000000     1.353297988    -1.275275384     0.185450791
     9.280000000     1.309496842    -1.265201076     0.182257526
     9.290000000     1.267414348    -1.254369797     0.179003742
     9.300000000     1.227120918    -1.242939339     0.175694781
     9.310000000     1.188667442    -1.231046010     0.172336107
     9.320000000     1.152085839    -1.218805270     0.168933274
     9.330000000     1.117389813    -1.206315508     0.165491898
     9.340000000     1.084575767    -1.193663283     0.162017650
     9.350000000     1.053623873    -1.180928145     0.158516240
     9.360000000     1.024499249    -1.168185642     0.154993423
     9.370000000     0.997153227    -1.155507873     0.151454999
     9.380000000     0.971524676    -1.142961784     0.147906826
     9.390000000     0.947541375    -1.130606028     0.144354824
     9.400000000     0.925121388    -1.118487429     0.140804996
     9.410000000     0.904174453    -1.106638099     0.137263430
     9.420000000     0.884603340    -1.095073953     0.133736315
     9.430000000     0.866305195    -1.083795098     0.130229944
     9.440000000     0.849172840    -1.072788253     0.126750718
     9.450000000     0.833096031    -1.062031078     0.123305141
     9.460000000     0.817962672    -1.051498077     0.119899812
     9.470000000     0.803659982    -1.041167442     0.116541413
     9.480000000     0.790075613    -1.031027887     0.113236688
     9.490000000     0.777098714    -1.021084315     0.109992418
     9.500000000     0.764620957    -1.011361093     0.106815390
     9.510000000     0.752537510    -1.001902022     0.103712364
     9.520000000     0.740747954    -0.992766640     0.100690035
     9.530000000     0.729157162    -0.984023201     0.097754993
     9.540000000     0.717676115    -0.975739358     0.094913683
     9.550000000     0.706222657    -0.967972024     0.092172362
     9.560000000     0.694722187    -0.960758029     0.089537061
     9.570000000     0.683108278    -0.954106971     0.087013546
     9.580000000     0.671323211    -0.947997194     0.084607285
     9.590000000     0.659318416    -0.942375232     0.082323416
     9.600000000     0.647054812    -0.937158471     0.080166723
     9.610000000     0.634503043    -0.932240325     0.078141614
     9.620000000     0.621643586    -0.927497086     0.076252106
     9.630000000     0.608466740    -0.922795552     0.074501818
     9.640000000     0.594972493    -0.918000742     0.072893965
     9.650000000     0.581170246    -0.912983129     0.071431359
     9.660000000     0.567078418    -0.907624999     0.070116416
     9.670000000     0.552723927    -0.901825574     0.068951163
     9.680000000     0.538141545    -0.895504661     0.067937255
     9.690000000     0.523373159    -0.888604673     0.067075982
     9.700000000     0.508466923    -0.881091050     0.066368288
     9.710000000     0.493476344    -0.872951277     0.065814785
     9.720000000     0.478459298    -0.864192828     0.065415762
     9.730000000     0.463477002    -0.854840372     0.065171198
     9.740000000     0.448592965    -0.844932560     0.065080766
     9.750000000     0.433871930    -0.834518604     0.065143836
     9.760000000     0.419378832    -0.823654808     0.065359466
     9.770000000     0.405177781    -0.812401166     0.065726401
     9.780000000     0.391331097    -0.800818196     0.066243050
     9.790000000     0.377898405    -0.788964164     0.066907469
     9.800000000     0.364935802    -0.776892897     0.067717334
     9.810000000     0.352495110    -0.764652334     0.068669912
     9.820000000     0.340623213    -0.752283875     0.069762023
     9.830000000     0.329361499    -0.739822480     0.070990011
     9.840000000     0.318745393    -0.727297401     0.072349700
     9.850000000     0.308803996    -0.714733349     0.073836364
     9.860000000     0.299559814    -0.702151880     0.075444691
     9.870000000     0.291028591    -0.689572798     0.077168759
     9.880000000     0.283219231    -0.677015411     0.079002016
     9.890000000     0.276133810    -0.664499519     0.080937265
     9.900000000     0.269767666    -0.652046112     0.082966669
     9.910000000     0.264109574    -0.639677786     0.085081759
     9.920000000     0.259141993    -0.627418981     0.087273465
     9.930000000     0.254841372    -0.615296124     0.089532152
     9.940000000     0.251178526    -0.603337731     0.091847679
     9.950000000     0.248119071    -0.591574523     0.094209470
     9.960000000     0.245623897    -0.580039508     0.096606602
     9.970000000     0.243649702    -0.568767976     0.099027902
     9.980000000     0.242149558    -0.557797307     0.101462062
     9.990000000     0.241073509    -0.547166494     0.103897765
    10.000000000     0.240369207    -0.536915269     0.106323808
    10.010000000     0.239982553    -0.527082764     0.108729249
    10.020000000     0.239858370    -0.517705683     0.111103536
    10.030000000     0.239941067    -0.508816028     0.113436650
    10.040000000     0.240175304    -0.500438523     0.115719232
    10.050000000     0.240506650    -0.492587972     0.117942711
    10.060000000     0.240882210    -0.485266862     0.120099410
    10.070000000     0.241251228    -0.478463594     0.122182648
    10.080000000     0.241565652    -0.472151695     0.124186812
    10.090000000     0.241780639    -0.466290318     0.126107419
    10.100000000     0.241855017    -0.460826150     0.127941152
    10.110000000     0.241751670    -0.455696624     0.129685868
    10.120000000     0.241437863    -0.450834081     0.131340590
    10.130000000     0.240885485    -0.446170332     0.132905474
    10.140000000     0.240071219    -0.441640970     0.134381742
    10.150000000     0.238976627    -0.437188869     0.135771613
    10.160000000     0.237588165    -0.432766461     0.137078195
    10.170000000     0.235897108    -0.428336664     0.138305373
    10.180000000     0.233899419    -0.423872550     0.139457679
    10.190000000     0.231595535    -0.419356033     0.140540153
    10.200000000     0.228990101    -0.414775957     0.141558192
    10.210000000     0.226091648    -0.410125957     0.142517404
    10.220000000     0.222912231    -0.405402418     0.143423458
    10.230000000     0.219467025    -0.400602794     0.144281940
    10.240000000     0.215773905    -0.395724420     0.145098213
    10.250000000     0.211853003    -0.390763897     0.145877296
    10.260000000     0.207726261    -0.385717027     0.146623746
    10.270000000     0.203416995    -0.380579218     0.147341561
    10.280000000     0.198949455    -0.375346201     0.148034104
    10.290000000     0.194348421    -0.370014867     0.148704034
    10.300000000     0.189638810    -0.364583999     0.149353266
    10.310000000     0.184845319    -0.359054752     0.149982946
    10.320000000     0.179992107    -0.353430757     0.150593443
    10.330000000     0.175102500    -0.347717891     0.151184358
    10.340000000     0.170198751    -0.341923779     0.151754556
    10.350000000     0.165301828    -0.336057183     0.152302203
    10.360000000     0.160431247    -0.330127408     0.152824822
    10.370000000     0.155604937    -0.324143828     0.153319361
    10.380000000     0.150839148    -0.318115540     0.153782267
    10.390000000     0.146148390    -0.312051155     0.154209568
    10.400000000     0.141545402    -0.305958642     0.154596962
    10.410000000     0.137041151    -0.299845215     0.154939907
    10.420000000     0.132644854    -0.293717221     0.155233714
    10.430000000     0.128364025    -0.287580050     0.155473640
    10.440000000     0.124204541    -0.281438115     0.155654977
    10.450000000     0.120170715    -0.275294929     0.155773138
    10.460000000     0.116265398    -0.269153297     0.155823740
    10.470000000     0.112490076    -0.263015626     0.155802683
    10.480000000     0.108844984    -0.256884301     0.155706211
    10.490000000     0.105329223    -0.250762073     0.155530984
    10.500000000     0.101940883    -0.244652396     0.155274119
    10.510000000     0.098677163    -0.238559641     0.154933245
    10.520000000     0.095534498    -0.232489156     0.154506526
    10.530000000     0.092508686    -0.226447150     0.153992691
    10.540000000     0.089595001    -0.220440422     0.153391047
    10.550000000     0.086788322    -0.214475959     0.152701477
    10.560000000     0.084083242    -0.208560458     0.151924439
    10.570000000     0.081474178    -0.202699837     0.151060944
    10.580000000     0.078955477    -0.196898772     0.150112532
    10.590000000     0.076521510    -0.191160319     0.149081236
    10.600000000     0.074166761    -0.185485661     0.147969537
    10.610000000     0.071885905    -0.179874003     0.146780314
    10.620000000     0.069673883    -0.174322630     0.145516787
    10.630000000     0.067525955    -0.168827130     0.144182458
    10.640000000     0.065437754    -0.163381748     0.142781043
    10.650000000     0.063405321    -0.157979847     0.141316406
    10.660000000     0.061425136    -0.152614420     0.139792495
    10.670000000     0.059494129    -0.147278593     0.138213272
    10.680000000     0.057609687    -0.141966077     0.136582655
    10.690000000     0.055769651    -0.136671525     0.134904455
    10.700000000     0.053972298    -0.131390781     0.133182327
    10.710000000     0.052216318    -0.126120995     0.131419725
    10.720000000     0.050500782    -0.120860624     0.129619858
    10.730000000     0.048825106    -0.115609336     0.127785670
    10.740000000     0.047189004    -0.110367833     0.125919815
    10.750000000     0.045592444    -0.105137635     0.124024647
    10.760000000     0.044035598    -0.099920847     0.122102225
    10.770000000     0.042518791    -0.094719937     0.120154317
    10.780000000     0.041042449    -0.089537552     0.118182421
    10.790000000     0.039607056    -0.084376373     0.116187796
    10.800000000     0.038213104    -0.079239031     0.114171487
    10.810000000     0.036861054    -0.074128057     0.112134374
    10.820000000     0.035551299    -0.069045870     0.110077211
    10.830000000     0.034284132    -0.063994789     0.108000674
    10.840000000     0.033059722    -0.058977028     0.105905415
    10.850000000     0.031878094    -0.053994698     0.103792102
    10.860000000     0.030739116    -0.049049766     0.101661475
    10.870000000     0.029642487    -0.044143998     0.099514385
    10.880000000     0.028587742    -0.039278877     0.097351836
    10.890000000     0.027574245    -0.034455513     0.095175017
    10.900000000     0.026601206    -0.029674563     0.092985330
    10.910000000     0.025667680    -0.024936180     0.090784412
    10.920000000     0.024772588    -0.020240002     0.088574144
    10.930000000     0.023914728    -0.015585201     0.086356657
    10.940000000     0.023092792    -0.010970576     0.084134329
    10.950000000     0.022305383    -0.006394696     0.081909772
    10.960000000     0.021551032    -0.001856051     0.079685814
    10.970000000     0.020828215     0.002646795     0.077465473
    10.980000000     0.020135370     0.007115075     0.075251926
    10.990000000     0.019470908     0.011549741     0.073048476
    11.000000000     0.018833233     0.015951425     0.070858508
    11.010000000     0.018220749     0.020320440     0.068685453
    11.020000000     0.017631874     0.024656817     0.066532739
    11.030000000     0.017065049     0.028960349     0.064403756
    11.040000000     0.016518749     0.033230647     0.062301808
    11.050000000     0.015991489     0.037467182     0.060230075
    11.060000000     0.015481829     0.041669328     0.058191580
    11.070000000     0.014988388     0.045836402     0.056189151
    11.080000000     0.014509839     0.049967705     0.054225396
    11.090000000     0.014044927     0.054062577     0.052302680
    11.100000000     0.013592464     0.058120455     0.050423106
    11.110000000     0.013151340     0.062140947     0.048588499
    11.120000000     0.012720527     0.066123894     0.046800403
    11.130000000     0.012299083     0.070069433     0.045060078
    11.140000000     0.011886156     0.073978042     0.043368497
    11.150000000     0.011480990     0.077850561     0.041726358
    11.160000000     0.011082924     0.081688185     0.040134093
    11.170000000     0.010691400     0.085492433     0.038591878
    11.180000000     0.010305960     0.089265083     0.037099656
    11.190000000     0.009926247     0.093008081     0.035657151
    11.200000000     0.009552005     0.096723439     0.034263888
    11.210000000     0.009183077     0.100413123     0.032919216
    11.220000000     0.008819400     0.104078949     0.031622329
    11.230000000     0.008460999     0.107722496     0.030372287
    11.240000000     0.008107982     0.111345048     0.029168035
    11.250000000     0.007760531     0.114947561     0.028008427
    11.260000000     0.007418893     0.118530659     0.026892240
    11.270000000     0.007083369     0.122094662     0.025818195
    11.280000000     0.006754305     0.125639623     0.024784970
    11.290000000     0.006432078     0.129165388     0.023791216
    11.300000000     0.006117086     0.132671647     0.022835569
    11.310000000     0.005809735     0.136157998     0.021916657
    11.320000000     0.005510428     0.139623990     0.021033118
    11.330000000     0.005219557     0.143069162     0.020183597
    11.340000000     0.004937486     0.146493068     0.019366761
    11.350000000     0.004664548     0.149895285     0.018581300
    11.360000000     0.004401037     0.153275423     0.017825932
    11.370000000     0.004147197     0.156633119     0.017099407
    11.380000000     0.003903223     0.159968043     0.016400510
    11.390000000     0.003669252     0.163279894     0.015728061
    11.400000000     0.003445366     0.166568402     0.015080921
    11.410000000     0.003231587     0.169833341     0.014457987
    11.420000000     0.003027881     0.173074530     0.013858200
    11.430000000     0.002834160     0.176291845     0.013280542
    11.440000000     0.002650281     0.179485232     0.012724036
    11.450000000     0.002476058     0.182654706     0.012187749
    11.460000000     0.002311259     0.185800360     0.011670792
    11.470000000     0.002155616     0.188922358     0.011172318
    11.480000000     0.002008828     0.192020930     0.010691525
    11.490000000     0.001870571     0.195096354     0.010227656
    11.500000000     0.001740499     0.198148941     0.009779994
    11.510000000     0.001618254     0.201179021     0.009347869
    11.520000000     0.001503469     0.204186929     0.008930651
    11.530000000     0.001395773     0.207172991     0.008527752
    11.540000000     0.001294798     0.210137522     0.008138627
    11.550000000     0.001200181     0.213080820     0.007762765
    11.560000000     0.001111567     0.216003165     0.007399697
    11.570000000     0.001028614     0.218904812     0.007048989
    11.580000000     0.000950992     0.221785994     0.006710237
    11.590000000     0.000878388     0.224646921     0.006383073
    11.600000000     0.000810506     0.227487776     0.006067155
    11.610000000     0.000747065     0.230308723     0.005762170
    11.620000000     0.000687803     0.233109907     0.005467828
    11.630000000     0.000632474     0.235891464     0.005183861
    11.640000000     0.000580847     0.238653522     0.004910020
    11.650000000     0.000532709     0.241396214     0.004646076
    11.660000000     0.000487860     0.244119676     0.004391811
    11.670000000     0.000446113     0.246824053     0.004147023
    11.680000000     0.000407293     0.249509499     0.003911518
    11.690000000     0.000371237     0.252176179     0.003685114
    11.700000000     0.000337790     0.254824264     0.003467634
    11.710000000     0.000306806     0.257453929     0.003258907
    11.720000000     0.000278148     0.260065355     0.003058769
    11.730000000     0.000251685     0.262658721     0.002867055
    11.740000000     0.000227290     0.265234209     0.002683604
    11.750000000     0.000204844     0.267792000     0.002508258
    11.760000000     0.000184231     0.270332272     0.002340856
    11.770000000     0.000165341     0.272855205     0.002181238
    11.780000000     0.000148065     0.275360978     0.002029243
    11.790000000     0.000132302     0.277849768     0.001884707
    11.800000000     0.000117951     0.280321753     0.001747464
    11.810000000     0.000104916     0.282777110     0.001617346
    11.820000000     0.000093105     0.285216015     0.001494181
    11.830000000     0.000082430     0.287638644     0.001377793
    11.840000000     0.000072805     0.290045172     0.001268003
    11.850000000     0.000064148     0.292435773     0.001164626
    11.860000000     0.000056384     0.294810621     0.001067474
    11.870000000     0.000049436     0.297169887     0.000976355
    11.880000000     0.000043237     0.299513742     0.000891072
    11.890000000     0.000037721     0.301842355     0.000811422
    11.900000000     0.000032824     0.304155894     0.000737201
    11.910000000     0.000028490     0.306454524     0.000668199
    11.920000000     0.000024664     0.308738409     0.000604203
    11.930000000     0.000021296     0.311007710     0.000544998
    11.940000000     0.000018339     0.313262586     0.000490366
    11.950000000     0.000015751     0.315503195     0.000440087
    11.960000000     0.000013492     0.317729691     0.000393941
    11.970000000     0.000011525     0.319942227     0.000351707
    11.980000000     0.000009818     0.322140953     0.000313166
    11.990000000     0.000008341     0.324326016     0.000278101
    12.000000000     0.000007066     0.326497563     0.000246296
    12.010000000     0.000005969     0.328655736     0.000217540
    12.020000000     0.000005027     0.330800677     0.000191626
    12.030000000     0.000004222     0.332932523     0.000168352
    12.040000000     0.000003536     0.335051411     0.000147524
    12.050000000     0.000002952     0.337157475     0.000128952
    12.060000000     0.000002458     0.339250847     0.000112455
    12.070000000     0.000002040     0.341331658     0.000097860
    12.080000000     0.000001688     0.343400033     0.000085003
    12.090000000     0.000001392     0.345456100     0.000073728
    12.100000000     0.000001145     0.347499982     0.000063887
    12.110000000     0.000000938     0.349531801     0.000055343
    12.120000000     0.000000767     0.351551675     0.000047967
    12.130000000     0.000000624     0.353559724     0.000041640
    12.140000000     0.000000507     0.355556063     0.000036250
    12.150000000     0.000000410     0.357540807     0.000031696
    12.160000000     0.000000331     0.359514068     0.000027883
    12.170000000     0.000000266     0.361475956     0.000024725
    12.180000000     0.000000213     0.363426581     0.000022145
    12.190000000     0.000000170     0.365366051     0.000020070
    12.200000000     0.000000135     0.367294470     0.000018436
    12.210000000     0.000000107     0.369211944     0.000017183
    12.220000000     0.000000085     0.371118575     0.000016259
    12.230000000     0.000000067     0.373014464     0.000015615
    12.240000000     0.000000052     0.374899711     0.000015208
    12.250000000     0.000000041     0.376774414     0.000014999
    12.260000000     0.000000032     0.378638670     0.000014951
    12.270000000     0.000000025     0.380492575     0.000015034
    12.280000000     0.000000019     0.382336222     0.000015218
    12.290000000     0.000000015     0.384169705     0.000015477
    12.300000000     0.000000011     0.385993115     0.000015788
    12.310000000     0.000000009     0.387806542     0.000016130
    12.320000000     0.000000007     0.389610075     0.000016484
    12.330000000     0.000000005     0.391403803     0.000016834
    12.340000000     0.000000004     0.393187811     0.000017164
    12.350000000     0.000000003     0.394962185     0.000017463
    12.360000000     0.000000002     0.396727009     0.000017719
    12.370000000     0.000000002     0.398482368     0.000017923
    12.380000000     0.000000001     0.400228341     0.000018067
    12.390000000     0.000000001     0.401965011     0.000018147
    12.400000000     0.000000001     0.403692458     0.000018157
    12.410000000     0.000000000     0.405410760     0.000018095
    12.420000000     0.000000000     0.407119995     0.000017959
    12.430000000     0.000000000     0.408820241     0.000017751
    12.440000000     0.000000000     0.410511572     0.000017470
    12.450000000     0.000000000     0.412194064     0.000017121
    12.460000000     0.000000000     0.413867791     0.000016706
    12.470000000     0.000000000     0.415532825     0.000016231
    12.480000000     0.000000000     0.417189240     0.000015700
    12.490000000     0.000000000     0.418837106     0.000015121
    12.500000000     0.000000000     0.420476494     0.000014498
    12.510000000     0.000000000     0.422107472     0.000013840
    12.520000000     0.000000000     0.423730111     0.000013154
    12.530000000     0.000000000     0.425344477     0.000012447
    12.540000000     0.000000000     0.426950637     0.000011725
    12.550000000     0.000000000     0.428548658     0.000010997
    12.560000000     0.000000000     0.430138606     0.000010268
    12.570000000     0.000000000     0.431720544     0.000009545
    12.580000000     0.000000000     0.433294536     0.000008833
    12.590000000     0.000000000     0.434860647     0.000008139
    12.600000000     0.000000000     0.436418937     0.000007466
    12.610000000     0.000000000     0.437969470     0.000006818
    12.620000000     0.000000000     0.439512304     0.000006198
    12.630000000     0.000000000     0.441047502     0.000005610
    12.640000000     0.000000000     0.442575122     0.000005056
    12.650000000     0.000000000     0.444095224     0.000004536
    12.660000000     0.000000000     0.445607865     0.000004051
    12.670000000     0.000000000     0.447113103     0.000003602
    12.680000000     0.000000000     0.448610995     0.000003189
    12.690000000     0.000000000     0.450101597     0.000002810
    12.700000000     0.000000000     0.451584964     0.000002466
    12.710000000     0.000000000     0.453061153     0.000002154
    12.720000000     0.000000000     0.454530216     0.000001873
    12.730000000     0.000000000     0.455992209     0.000001622
    12.740000000     0.000000000     0.457447183     0.000001398
    12.750000000     0.000000000     0.458895193     0.000001200
    12.760000000     0.000000000     0.460336289     0.000001025
    12.770000000     0.000000000     0.461770523     0.000000872
    12.780000000     0.000000000     0.463197947     0.000000738
    12.790000000     0.000000000     0.464618610     0.000000622
    12.800000000     0.000000000     0.466032562     0.000000522
    12.810000000     0.000000000     0.467439854     0.000000436
    12.820000000     0.000000000     0.468840532     0.000000363
    12.830000000     0.000000000     0.470234647     0.000000301
    12.840000000     0.000000000     0.471622245     0.000000248
    12.850000000     0.000000000     0.473003374     0.000000203
    12.860000000     0.000000000     0.474378081     0.000000166
    12.870000000     0.000000000     0.475746412     0.000000135
    12.880000000     0.000000000     0.477108412     0.000000110
    12.890000000     0.000000000     0.478464128     0.000000088
    12.900000000     0.000000000     0.479813603     0.000000071
    12.910000000     0.000000000     0.481156883     0.000000057
    12.920000000     0.000000000     0.482494011     0.000000045
    12.930000000     0.000000000     0.483825031     0.000000036
    12.940000000     0.000000000     0.485149986     0.000000028
    12.950000000     0.000000000     0.486468919     0.000000022
    12.960000000     0.000000000     0.487781871     0.000000017
    12.970000000     0.000000000     0.489088885     0.000000013
    12.980000000     0.000000000     0.490390002     0.000000010
    12.990000000     0.000000000     0.491685263     0.000000008
    13.000000000     0.000000000     0.492974709     0.000000006
    13.010000000     0.000000000     0.494258379     0.000000005
    13.020000000     0.000000000     0.495536314     0.000000004
    13.030000000     0.000000000     0.496808552     0.000000003
    13.040000000     0.000000000     0.498075133     0.000000002
    13.050000000     0.000000000     0.499336096     0.000000002
    13.060000000     0.000000000     0.500591478     0.000000001
    13.070000000     0.000000000     0.501841318     0.000000001
    13.080000000     0.000000000     0.503085653     0.000000001
    13.090000000     0.000000000     0.504324521     0.000000000
    13.100000000     0.000000000     0.505557957     0.000000000
    13.110000000     0.000000000     0.506785999     0.000000000
    13.120000000     0.000000000     0.508008682     0.000000000
    13.130000000     0.000000000     0.509226043     0.000000000
    13.140000000     0.000000000     0.510438116     0.000000000
    13.150000000     0.000000000     0.511644937     0.000000000
    13.160000000     0.000000000     0.512846541     0.000000000
    13.170000000     0.000000000     0.514042962     0.000000000
    13.180000000     0.000000000     0.515234234     0.000000000
    13.190000000     0.000000000     0.516420392     0.000000000
    13.200000000     0.000000000     0.517601467     0.000000000
    13.210000000     0.000000000     0.518777494     0.000000000
    13.220000000     0.000000000     0.519948506     0.000000000
    13.230000000     0.000000000     0.521114535     0.000000000
    13.240000000     0.000000000     0.522275613     0.000000000
    13.250000000     0.000000000     0.523431772     0.000000000
    13.260000000     0.000000000     0.524583045     0.000000000
    13.270000000     0.000000000     0.525729462     0.000000000
    13.280000000     0.000000000     0.526871055     0.000000000
    13.290000000     0.000000000     0.528007854     0.000000000
    13.300000000     0.000000000     0.529139890     0.000000000
    13.310000000     0.000000000     0.530267193     0.000000000
    13.320000000     0.000000000     0.531389793     0.000000000
    13.330000000     0.000000000     0.532507721     0.000000000
    13.340000000     0.000000000     0.533621005     0.000000000
    13.350000000     0.000000000     0.534729675     0.000000000
    13.360000000     0.000000000     0.535833760     0.000000000
    13.370000000     0.000000000     0.536933288     0.000000000
    13.380000000     0.000000000     0.538028289     0.000000000
    13.390000000     0.000000000     0.539118789     0.000000000
    13.400000000     0.000000000     0.540204818     0.000000000
    13.410000000     0.000000000     0.541286403     0.000000000
    13.420000000     0.000000000     0.542363571     0.000000000
    13.430000000     0.000000000     0.543436349     0.000000000
    13.440000000     0.000000000     0.544504766     0.000000000
    13.450000000     0.000000000     0.545568847     0.000000000
    13.460000000     0.000000000     0.546628618     0.000000000
    13.470000000     0.000000000     0.547684108     0.000000000
    13.480000000     0.000000000     0.548735341     0.000000000
    13.490000000     0.000000000     0.549782343     0.000000000
    13.500000000     0.000000000     0.550825140     0.000000000
    13.510000000     0.000000000     0.551863758     0.000000000
    13.520000000     0.000000000     0.552898222     0.000000000
    13.530000000     0.000000000     0.553928556     0.000000000
    13.540000000     0.000000000     0.554954786     0.000000000
    13.550000000     0.000000000     0.555976936     0.000000000
    13.560000000     0.000000000     0.556995031     0.000000000
    13.570000000     0.000000000     0.558009095     0.000000000
    13.580000000     0.000000000     0.559019152     0.000000000
    13.590000000     0.000000000     0.560025225     0.000000000
    13.600000000     0.000000000     0.561027339     0.000000000
    13.610000000     0.000000000     0.562025516     0.000000000
    13.620000000     0.000000000     0.563019781     0.000000000
    13.630000000     0.000000000     0.564010155     0.000000000
    13.640000000     0.000000000     0.564996662     0.000000000
    13.650000000     0.000000000     0.565979324     0.000000000
    13.660000000     0.000000000     0.566958165     0.000000000
    13.670000000     0.000000000     0.567933206     0.000000000
    13.680000000     0.000000000     0.568904469     0.000000000
    13.690000000     0.000000000     0.569871976     0.000000000
    13.700000000     0.000000000     0.570835750     0.000000000
    13.710000000     0.000000000     0.571795811     0.000000000
    13.720000000     0.000000000     0.572752181     0.000000000
    13.730000000     0.000000000     0.573704882     0.000000000
    13.740000000     0.000000000     0.574653934     0.000000000
    13.750000000     0.000000000     0.575599359     0.000000000
    13.760000000     0.000000000     0.576541176     0.000000000
    13.770000000     0.000000000     0.577479407     0.000000000
    13.780000000     0.000000000     0.578414073     0.000000000
    13.790000000     0.000000000     0.579345192     0.000000000
    13.800000000     0.000000000     0.580272786     0.000000000
    13.810000000     0.000000000     0.581196875     0.000000000
    13.820000000     0.000000000     0.582117477     0.000000000
    13.830000000     0.000000000     0.583034614     0.000000000
    13.840000000     0.000000000     0.583948304     0.000000000
    13.850000000     0.000000000     0.584858566     0.000000000
    13.860000000     0.000000000     0.585765420     0.000000000
    13.870000000     0.000000000     0.586668886     0.000000000
    13.880000000     0.000000000     0.587568980     0.000000000
    13.890000000     0.000000000     0.588465724     0.000000000
    13.900000000     0.000000000     0.589359134     0.000000000
    13.910000000     0.000000000     0.590249230     0.000000000
    13.920000000     0.000000000     0.591136030     0.000000000
    13.930000000     0.000000000     0.592019552     0.000000000
    13.940000000     0.000000000     0.592899814     0.000000000
    13.950000000     0.000000000     0.593776834     0.000000000
    13.960000000     0.000000000     0.594650630     0.000000000
    13.970000000     0.000000000     0.595521219     0.000000000
    13.980000000     0.000000000     0.596388620     0.000000000
    13.990000000     0.000000000     0.597252848     0.000000000
    14.000000000     0.000000000     0.598113922     0.000000000
