     0.000000000     0.000000000     1.740977953     0.000000000
     0.010000000     0.000000000     1.740979904     0.000000000
     0.020000000     0.000000000     1.740985756     0.000000000
     0.030000000     0.000000000     1.740995510     0.000000000
     0.040000000     0.000000000     1.741009167     0.000000000
     0.050000000     0.000000000     1.741026726     0.000000000
     0.060000000     0.000000000     1.741048188     0.000000000
     0.070000000     0.000000000     1.741073555     0.000000000
     0.080000000     0.000000000     1.741102828     0.000000000
     0.090000000     0.000000000     1.741136007     0.000000000
     0.100000000     0.000000000     1.741173095     0.000000000
     0.110000000     0.000000000     1.741214092     0.000000000
     0.120000000     0.000000000     1.741259001     0.000000000
     0.130000000     0.000000000     1.741307824     0.000000000
     0.140000000     0.000000000     1.741360562     0.000000000
     0.150000000     0.000000000     1.741417219     0.000000000
     0.160000000     0.000000000     1.741477796     0.000000000
     0.170000000     0.000000000     1.741542295     0.000000000
     0.180000000     0.000000000     1.741610721     0.000000000
     0.190000000     0.000000000     1.741683076     0.000000000
     0.200000000     0.000000000     1.741759362     0.000000000
     0.210000000     0.000000000     1.741839584     0.000000000
     0.220000000     0.000000000     1.741923745     0.000000000
     0.230000000     0.000000000     1.742011847     0.000000000
     0.240000000     0.000000000     1.742103897     0.000000000
     0.250000000     0.000000000     1.742199896     0.000000000
     0.260000000     0.000000000     1.742299850     0.000000000
     0.270000000     0.000000000     1.742403763     0.000000000
     0.280000000     0.000000000     1.742511639     0.000000000
     0.290000000     0.000000000     1.742623483     0.000000000
     0.300000000     0.000000000     1.742739301     0.000000000
     0.310000000     0.000000000     1.742859096     0.000000000
     0.320000000     0.000000000     1.742982874     0.000000000
     0.330000000     0.000000000     1.743110642     0.000000000
     0.340000000     0.000000000     1.743242403     0.000000000
     0.350000000     0.000000000     1.743378165     0.000000000
     0.360000000     0.000000000     1.743517933     0.000000000
     0.370000000     0.000000000     1.743661714     0.000000000
     0.380000000     0.000000000     1.743809513     0.000000000
     0.390000000     0.000000000     1.743961337     0.000000000
     0.400000000     0.000000000     1.744117193     0.000000000
     0.410000000     0.000000000     1.744277088     0.000000000
     0.420000000     0.000000000     1.744441029     0.000000000
     0.430000000     0.000000000     1.744609023     0.000000000
     0.440000000     0.000000000     1.744781078     0.000000000
     0.450000000     0.000000000     1.744957201     0.000000000
     0.460000000     0.000000000     1.745137401     0.000000000
     0.470000000     0.000000000     1.745321685     0.000000000
     0.480000000     0.000000000     1.745510061     0.000000000
     0.490000000     0.000000000     1.745702539     0.000000000
     0.500000000     0.000000000     1.745899126     0.000000000
     0.510000000     0.000000000     1.746099832     0.000000000
     0.520000000     0.000000000     1.746304666     0.000000000
     0.530000000     0.000000000     1.746513637     0.000000000
     0.540000000     0.000000000     1.746726754     0.000000000
     0.550000000     0.000000000     1.746944027     0.000000000
     0.560000000     0.000000000     1.747165466     0.000000000
     0.570000000     0.000000000     1.747391081     0.000000000
     0.580000000     0.000000000     1.747620882     0.000000000
     0.590000000     0.000000000     1.747854880     0.000000000
     0.600000000     0.000000000     1.748093086     0.000000000
     0.610000000     0.000000000     1.748335511     0.000000000
     0.620000000     0.000000000     1.748582165     0.000000000
     0.630000000     0.000000000     1.748833060     0.000000000
     0.640000000     0.000000000     1.749088209     0.000000000
     0.650000000     0.000000000     1.749347621     0.000000000
     0.660000000     0.000000000     1.749611311     0.000000000
     0.670000000     0.000000000     1.749879289     0.000000000
     0.680000000     0.000000000     1.750151569     0.000000000
     0.690000000     0.000000000     1.750428163     0.000000000
     0.700000000     0.000000000     1.750709084     0.000000000
     0.710000000     0.000000000     1.750994345     0.000000000
     0.720000000     0.000000000     1.751283961     0.000000000
     0.730000000     0.000000000     1.751577944     0.000000000
     0.740000000     0.000000000     1.751876308     0.000000000
     0.750000000     0.000000000     1.752179068     0.000000000
     0.760000000     0.000000000     1.752486239     0.000000000
     0.770000000     0.000000000     1.752797834     0.000000000
     0.780000000     0.000000000     1.753113869     0.000000000
     0.790000000     0.000000000     1.753434359     0.000000000
     0.800000000     0.000000000     1.753759320     0.000000000
     0.810000000     0.000000000     1.754088766     0.000000000
     0.820000000     0.000000000     1.754422715     0.000000000
     0.830000000     0.000000000     1.754761183     0.000000000
     0.840000000     0.000000000     1.755104185     0.000000000
     0.850000000     0.000000000     1.755451739     0.000000000
     0.860000000     0.000000000     1.755803862     0.000000000
     0.870000000     0.000000000     1.756160571     0.000000000
     0.880000000     0.000000000     1.756521884     0.000000000
     0.890000000     0.000000000     1.756887819     0.000000000
     0.900000000     0.000000000     1.757258394     0.000000000
     0.910000000     0.000000000     1.757633627     0.000000000
     0.920000000     0.000000000     1.758013538     0.000000000
     0.930000000     0.000000000     1.758398145     0.000000000
     0.940000000     0.000000000     1.758787468     0.000000000
     0.950000000     0.000000000     1.759181527     0.000000000
     0.960000000     0.000000000     1.759580341     0.000000000
     0.970000000     0.000000000     1.759983932     0.000000000
     0.980000000     0.000000000     1.760392318     0.000000000
     0.990000000     0.000000000     1.760805523     0.000000000
     1.000000000     0.000000000     1.761223567     0.000000000
     1.010000000     0.000000000     1.761646471     0.000000000
     1.020000000     0.000000000     1.762074258     0.000000000
     1.030000000     0.000000000     1.762506950     0.000000000
     1.040000000     0.000000000     1.762944569     0.000000000
     1.050000000     0.000000000     1.763387140     0.000000000
     1.060000000     0.000000000     1.763834684     0.000000000
     1.070000000     0.000000000     1.764287226     0.000000000
     1.080000000     0.000000000     1.764744791     0.000000000
     1.090000000     0.000000000     1.765207401     0.000000000
     1.100000000     0.000000000     1.765675083     0.000000000
     1.110000000     0.000000000     1.766147862     0.000000000
     1.120000000     0.000000000     1.766625763     0.000000000
     1.130000000     0.000000000     1.767108812     0.000000000
     1.140000000     0.000000000     1.767597036     0.000000000
     1.150000000     0.000000000     1.768090462     0.000000000
     1.160000000     0.000000000     1.768589116     0.000000000
     1.170000000     0.000000000     1.769093026     0.000000000
     1.180000000     0.000000000     1.769602222     0.000000000
     1.190000000     0.000000000     1.770116730     0.000000000
     1.200000000     0.000000000     1.770636580     0.000000000
     1.210000000     0.000000000     1.771161801     0.000000000
     1.220000000     0.000000000     1.771692424     0.000000000
     1.230000000     0.000000000     1.772228479     0.000000000
     1.240000000     0.000000000     1.772769995     0.000000000
     1.250000000     0.000000000     1.773317005     0.000000000
     1.260000000     0.000000000     1.773869541     0.000000000
     1.270000000     0.000000000     1.774427634     0.000000000
     1.280000000     0.000000000     1.774991317     0.000000000
     1.290000000     0.000000000     1.775560623     0.000000000
     1.300000000     0.000000000     1.776135587     0.000000000
     1.310000000     0.000000000     1.776716242     0.000000000
     1.320000000     0.000000000     1.777302622     0.000000000
     1.330000000     0.000000000     1.777894765     0.000000000
     1.340000000     0.000000000     1.778492704     0.000000000
     1.350000000     0.000000000     1.779096477     0.000000000
     1.360000000     0.000000000     1.779706121     0.000000000
     1.370000000     0.000000000     1.780321673     0.000000001
     1.380000000     0.000000000     1.780943171     0.000000001
     1.390000000     0.000000000     1.781570654     0.000000001
     1.400000000     0.000000001     1.782204162     0.000000001
     1.410000000     0.000000001     1.782843734     0.000000002
     1.420000000     0.000000001     1.783489411     0.000000003
     1.430000000     0.000000002     1.784141233     0.000000003
     1.440000000     0.000000002     1.784799244     0.000000005
     1.450000000     0.000000003     1.785463486     0.000000006
     1.460000000     0.000000004     1.786134001     0.000000008
     1.470000000     0.000000005     1.786810834     0.000000011
     1.480000000     0.000000006     1.787494029     0.000000014
     1.490000000     0.000000008     1.788183632     0.000000019
     1.500000000     0.000000011     1.788879688     0.000000024
     1.510000000     0.000000015     1.789582245     0.000000031
     1.520000000     0.000000019     1.790291350     0.000000041
     1.530000000     0.000000025     1.791007052     0.000000052
     1.540000000     0.000000032     1.791729399     0.000000067
     1.550000000     0.000000041     1.792458441     0.000000086
     1.560000000     0.000000052     1.793194229     0.000000109
     1.570000000     0.000000066     1.793936815     0.000000138
     1.580000000     0.000000084     1.794686251     0.000000174
     1.590000000     0.000000106     1.795442591     0.000000219
     1.600000000     0.000000133     1.796205888     0.000000274
     1.610000000     0.000000166     1.796976198     0.000000341
     1.620000000     0.000000207     1.797753577     0.000000422
     1.630000000     0.000000257     1.798538082     0.000000520
     1.640000000     0.000000317     1.799329770     0.000000639
     1.650000000     0.000000389     1.800128700     0.000000781
     1.660000000     0.000000476     1.800934933     0.000000951
     1.670000000     0.000000580     1.801748529     0.000001153
     1.680000000     0.000000703     1.802569550     0.000001391
     1.690000000     0.000000849     1.803398059     0.000001671
     1.700000000     0.000001020     1.804234121     0.000001999
     1.710000000     0.000001220     1.805077800     0.000002381
     1.720000000     0.000001453     1.805929163     0.000002823
     1.730000000     0.000001723     1.806788277     0.000003333
     1.740000000     0.000002034     1.807655211     0.000003918
     1.750000000     0.000002390     1.808530035     0.000004586
     1.760000000     0.000002796     1.809412819     0.000005344
     1.770000000     0.000003257     1.810303635     0.000006200
     1.780000000     0.000003777     1.811202558     0.000007161
     1.790000000     0.000004361     1.812109662     0.000008236
     1.800000000     0.000005012     1.813025023     0.000009430
     1.810000000     0.000005736     1.813948717     0.000010751
     1.820000000     0.000006535     1.814880824     0.000012203
     1.830000000     0.000007412     1.815821423     0.000013791
     1.840000000     0.000008369     1.816770595     0.000015517
     1.850000000     0.000009409     1.817728423     0.000017384
     1.860000000     0.000010531     1.818694989     0.000019389
     1.870000000     0.000011734     1.819670378     0.000021532
     1.880000000     0.000013017     1.820654676     0.000023807
     1.890000000     0.000014376     1.821647969     0.000026208
     1.900000000     0.000015806     1.822650346     0.000028725
     1.910000000     0.000017302     1.823661895     0.000031346
     1.920000000     0.000018856     1.824682704     0.000034057
     1.930000000     0.000020458     1.825712865     0.000036841
     1.940000000     0.000022098     1.826752467     0.000039678
     1.950000000     0.000023764     1.827801601     0.000042547
     1.960000000     0.000025443     1.828860358     0.000045425
     1.970000000     0.000027119     1.829928830     0.000048286
     1.980000000     0.000028778     1.831007107     0.000051104
     1.990000000     0.000030403     1.832095282     0.000053850
     2.000000000     0.000031978     1.833193446     0.000056497
     2.010000000     0.000033486     1.834301694     0.000059016
     2.020000000     0.000034910     1.835420123     0.000061379
     2.030000000     0.000036234     1.836548832     0.000063561
     2.040000000     0.000037443     1.837687928     0.000065535
     2.050000000     0.000038522     1.838837527     0.000067278
     2.060000000     0.000039458     1.839997752     0.000068771
     2.070000000     0.000040241     1.841168744     0.000069995
     2.080000000     0.000040859     1.842350654     0.000070937
     2.090000000     0.000041307     1.843543652     0.000071588
     2.100000000     0.000041580     1.844747920     0.000071942
     2.110000000     0.000041676     1.845963653     0.000071997
     2.120000000     0.000041596     1.847191051     0.000071758
     2.130000000     0.000041342     1.848430319     0.000071232
     2.140000000     0.000040922     1.849681659     0.000070433
     2.150000000     0.000040345     1.850945267     0.000069378
     2.160000000     0.000039623     1.852221331     0.000068090
     2.170000000     0.000038770     1.853510031     0.000066595
     2.180000000     0.000037804     1.854811537     0.000064924
     2.190000000     0.000036745     1.856126014     0.000063110
     2.200000000     0.000035616     1.857453625     0.000061193
     2.210000000     0.000034441     1.858794530     0.000059213
     2.220000000     0.000033248     1.860148891     0.000057213
     2.230000000     0.000032065     1.861516873     0.000055240
     2.240000000     0.000030924     1.862898646     0.000053341
     2.250000000     0.000029859     1.864294385     0.000051567
     2.260000000     0.000028904     1.865704271     0.000049970
     2.270000000     0.000028100     1.867128494     0.000048604
     2.280000000     0.000027487     1.868567248     0.000047522
     2.290000000     0.000027108     1.870020736     0.000046782
     2.300000000     0.000027012     1.871489167     0.000046442
     2.310000000     0.000027250     1.872972759     0.000046560
     2.320000000     0.000027879     1.874471734     0.000047200
     2.330000000     0.000028960     1.875986323     0.000048423
     2.340000000     0.000030561     1.877516764     0.000050298
     2.350000000     0.000032759     1.879063300     0.000052892
     2.360000000     0.000035637     1.880626183     0.000056279
     2.370000000     0.000039289     1.882205670     0.000060535
     2.380000000     0.000043821     1.883802027     0.000065742
     2.390000000     0.000049351     1.885415526     0.000071987
     2.400000000     0.000056012     1.887046444     0.000079361
     2.410000000     0.000063954     1.888695067     0.000087964
     2.420000000     0.000073344     1.890361688     0.000097901
     2.430000000     0.000084370     1.892046604     0.000109287
     2.440000000     0.000097243     1.893750121     0.000122246
     2.450000000     0.000112198     1.895472550     0.000136908
     2.460000000     0.000129495     1.897214207     0.000153417
     2.470000000     0.000149424     1.898975416     0.000171927
     2.480000000     0.000172306     1.900756504     0.000192603
     2.490000000     0.000198491     1.902557801     0.000215622
     2.500000000     0.000228363     1.904379644     0.000241178
     2.510000000     0.000262341     1.906222368     0.000269473
     2.520000000     0.000300875     1.908086313     0.000300730
     2.530000000     0.000344451     1.909971818     0.000335182
     2.540000000     0.000393585     1.911879222     0.000373080
     2.550000000     0.000448826     1.913808860     0.000414692
     2.560000000     0.000510748     1.915761066     0.000460301
     2.570000000     0.000579948     1.917736171     0.000510209
     2.580000000     0.000657044     1.919734503     0.000564733
     2.590000000     0.000742661     1.921756387     0.000624208
     2.600000000     0.000837433     1.923802151     0.000688987
     2.610000000     0.000941987     1.925872124     0.000759439
     2.620000000     0.001056936     1.927966642     0.000835951
     2.630000000     0.001182868     1.930086051     0.000918922
     2.640000000     0.001320334     1.932230713     0.001008770
     2.650000000     0.001469838     1.934400999     0.001105926
     2.660000000     0.001631818     1.936597292     0.001210832
     2.670000000     0.001806643     1.938819975     0.001323943
     2.680000000     0.001994589     1.941069419     0.001445723
     2.690000000     0.002195838     1.943345964     0.001576643
     2.700000000     0.002410458     1.945649898     0.001717181
     2.710000000     0.002638398     1.947981427     0.001867815
     2.720000000     0.002879480     1.950340654     0.002029026
     2.730000000     0.003133391     1.952727544     0.002201292
     2.740000000     0.003399681     1.955141903     0.002385085
     2.750000000     0.003677764     1.957583348     0.002580869
     2.760000000     0.003966915     1.960051300     0.002789094
     2.770000000     0.004266282     1.962544970     0.003010199
     2.780000000     0.004574893     1.965063371     0.003244603
     2.790000000     0.004891664     1.967605349     0.003492702
     2.800000000     0.005215421     1.970169625     0.003754871
     2.810000000     0.005544911     1.972754869     0.004031454
     2.820000000     0.005878829     1.975359792     0.004322768
     2.830000000     0.006215837     1.977983259     0.004629096
     2.840000000     0.006554591     1.980624420     0.004950687
     2.850000000     0.006893764     1.983282851     0.005287753
     2.860000000     0.007232074     1.985958703     0.005640470
     2.870000000     0.007568313     1.988652834     0.006008976
     2.880000000     0.007901369     1.991366920     0.006393368
     2.890000000     0.008230251     1.994103517     0.006793710
     2.900000000     0.008554112     1.996866045     0.007210024
     2.910000000     0.008872274     1.999658689     0.007642300
     2.920000000     0.009184238     2.002486201     0.008090493
     2.930000000     0.009489704     2.005353624     0.008554527
     2.940000000     0.009788580     2.008265980     0.009034298
     2.950000000     0.010080992     2.011227955     0.009529678
     2.960000000     0.010367288     2.014243643     0.010040514
     2.970000000     0.010648038     2.017316384     0.010566640
     2.980000000     0.010924035     2.020448697     0.011107870
     2.990000000     0.011196291     2.023642333     0.011664011
     3.000000000     0.011466028     2.026898410     0.012234860
     3.010000000     0.011734680     2.030217608     0.012820206
     3.020000000     0.012003877     2.033600376     0.013419836
     3.030000000     0.012275446     2.037047130     0.014033533
     3.040000000     0.012551404     2.040558394     0.014661076
     3.050000000     0.012833958     2.044134882     0.015302240
     3.060000000     0.013125508     2.047777534     0.015956789
     3.070000000     0.013428660     2.051487513     0.016624479
     3.080000000     0.013746238     2.055266195     0.017305046
     3.090000000     0.014081313     2.059115180     0.017998203
     3.100000000     0.014437243     2.063036304     0.018703626
     3.110000000     0.014817714     2.067031659     0.019420951
     3.120000000     0.015226814     2.071103586     0.020149757
     3.130000000     0.015669106     2.075254618     0.020889555
     3.140000000     0.016149726     2.079487395     0.021639771
     3.150000000     0.016674507     2.083804523     0.022399738
     3.160000000     0.017250109     2.088208447     0.023168673
     3.170000000     0.017884188     2.092701332     0.023945667
     3.180000000     0.018585573     2.097285000     0.024729669
     3.190000000     0.019364478     2.101960912     0.025519468
     3.200000000     0.020232731     2.106730213     0.026313688
     3.210000000     0.021204027     2.111593806     0.027110769
     3.220000000     0.022294202     2.116552459     0.027908962
     3.230000000     0.023521519     2.121606918     0.028706325
     3.240000000     0.024906972     2.126758019     0.029500717
     3.250000000     0.026474593     2.132006799     0.030289801
     3.260000000     0.028251762     2.137354590     0.031071051
     3.270000000     0.030269499     2.142803098     0.031841760
     3.280000000     0.032562744     2.148354468     0.032599056
     3.290000000     0.035170596     2.154011311     0.033339921
     3.300000000     0.038136514     2.159776714     0.034061217
     3.310000000     0.041508447     2.165654187     0.034759714
     3.320000000     0.045338887     2.171647577     0.035432122
     3.330000000     0.049684833     2.177760909     0.036075133
     3.340000000     0.054607636     2.183998177     0.036685457
     3.350000000     0.060172713     2.190363090     0.037259867
     3.360000000     0.066449123     2.196858781     0.037795248
     3.370000000     0.073508978     2.203487511     0.038288639
     3.380000000     0.081426686     2.210250376     0.038737280
     3.390000000     0.090278020     2.217147023     0.039138660
     3.400000000     0.100139000     2.224175384     0.039490559
     3.410000000     0.111084602     2.231331399     0.039791087
     3.420000000     0.123187297     2.238608740     0.040038724
     3.430000000     0.136515433     2.245998495     0.040232348
     3.440000000     0.151131488     2.253488801     0.040371262
     3.450000000     0.167090212     2.261064383     0.040455214
     3.460000000     0.184436713     2.268705935     0.040484406
     3.470000000     0.203204510     2.276389317     0.040459503
     3.480000000     0.223413615     2.284084476     0.040381630
     3.490000000     0.245068694     2.291754069     0.040252357
     3.500000000     0.268157368     2.299351777     0.040073689
     3.510000000     0.292648704     2.306820314     0.039848036
     3.520000000     0.318491972     2.314089191     0.039578185
     3.530000000     0.345615710     2.321072303     0.039267264
     3.540000000     0.373927159     2.327665446     0.038918700
     3.550000000     0.403312106     2.333743880     0.038536176
     3.560000000     0.433635186     2.339160101     0.038123584
     3.570000000     0.464740650     2.343742039     0.037684972
     3.580000000     0.496453626     2.347291983     0.037224502
     3.590000000     0.528581864     2.349586659     0.036746394
     3.600000000     0.560917952     2.350379014     0.036254883
     3.610000000     0.593241965     2.349402386     0.035754173
     3.620000000     0.625324501     2.346377845     0.035248398
     3.630000000     0.656930046     2.341025458     0.034741579
     3.640000000     0.687820581     2.333080079     0.034237598
     3.650000000     0.717759359     2.322311794     0.033740168
     3.660000000     0.746514742     2.308550436     0.033252811
     3.670000000     0.773864012     2.291712435     0.032778843
     3.680000000     0.799597048     2.271826974     0.032321361
     3.690000000     0.823519770     2.249057125     0.031883242
     3.700000000     0.845457261     2.223710971     0.031467139
     3.710000000     0.865256482     2.196238053     0.031075486
     3.720000000     0.882788502     2.167208374     0.030710508
     3.730000000     0.897950202     2.137274310     0.030374233
     3.740000000     0.910665398     2.107119563     0.030068505
     3.750000000     0.920885370     2.077402509     0.029795006
     3.760000000     0.928588791     2.048702888     0.029555265
     3.770000000     0.933781087     2.021480114     0.029350687
     3.780000000     0.936493240     1.996048913     0.029182562
     3.790000000     0.936780103     1.972574230     0.029052091
     3.800000000     0.934718296     1.951083669     0.028960394
     3.810000000     0.930403734     1.931492911     0.028908526
     3.820000000     0.923948910     1.913638219     0.028897487
     3.830000000     0.915479988     1.897310137     0.028928229
     3.840000000     0.905133815     1.882283617     0.029001656
     3.850000000     0.893054937     1.868341547     0.029118624
     3.860000000     0.879392700     1.855290553     0.029279934
     3.870000000     0.864298512     1.842969548     0.029486322
     3.880000000     0.847923327     1.831252569     0.029738443
     3.890000000     0.830415407     1.820047784     0.030036856
     3.900000000     0.811918399     1.809294308     0.030381993
     3.910000000     0.792569749     1.798957995     0.030774143
     3.920000000     0.772499468     1.789026901     0.031213417
     3.930000000     0.751829246     1.779506807     0.031699721
     3.940000000     0.730671898     1.770417118     0.032232722
     3.950000000     0.709131122     1.761787303     0.032811822
     3.960000000     0.687301532     1.753653852     0.033436125
     3.970000000     0.665268930     1.746057511     0.034104408
     3.980000000     0.643110772     1.739040397     0.034815099
     3.990000000     0.620896787     1.732642766     0.035566256
     4.000000000     0.598689693     1.726899554     0.036355553
     4.010000000     0.576545981     1.721837242     0.037180267
     4.020000000     0.554516713     1.717471809     0.038037282
     4.030000000     0.532648311     1.713808405     0.038923091
     4.040000000     0.510983290     1.710842902     0.039833813
     4.050000000     0.489560930     1.708564885     0.040765211
     4.060000000     0.468417858     1.706961189     0.041712729
     4.070000000     0.447588518     1.706018938     0.042671528
     4.080000000     0.427105553     1.705727284     0.043636536
     4.090000000     0.407000063     1.706077506     0.044602502
     4.100000000     0.387301771     1.707061664     0.045564059
     4.110000000     0.368039091     1.708670399     0.046515791
     4.120000000     0.349239111     1.710890626     0.047452307
     4.130000000     0.330927509     1.713703796     0.048368315
     4.140000000     0.313128418     1.717085116     0.049258696
     4.150000000     0.295864241     1.721003842     0.050118584
     4.160000000     0.279155460     1.725424427     0.050943439
     4.170000000     0.263020421     1.730308173     0.051729114
     4.180000000     0.247475132     1.735614959     0.052471925
     4.190000000     0.232533079     1.741304732     0.053168706
     4.200000000     0.218205065     1.747338571     0.053816857
     4.210000000     0.204499086     1.753679287     0.054414389
     4.220000000     0.191420250     1.760291671     0.054959949
     4.230000000     0.178970735     1.767142506     0.055452839
     4.240000000     0.167149799     1.774200511     0.055893026
     4.250000000     0.155953832     1.781436312     0.056281128
     4.260000000     0.145376450     1.788822480     0.056618406
     4.270000000     0.135408635     1.796333626     0.056906726
     4.280000000     0.126038909     1.803946532     0.057148523
     4.290000000     0.117253531     1.811640247     0.057346747
     4.300000000     0.109036733     1.819396157     0.057504808
     4.310000000     0.101370964     1.827198000     0.057626501
     4.320000000     0.094237145     1.835031854     0.057715936
     4.330000000     0.087614938     1.842886097     0.057777457
     4.340000000     0.081483010     1.850751352     0.057815557
     4.350000000     0.075819288     1.858620399     0.057834796
     4.360000000     0.070601211     1.866488043     0.057839711
     4.370000000     0.065805959     1.874350918     0.057834736
     4.380000000     0.061410670     1.882207230     0.057824114
     4.390000000     0.057392628     1.890056443     0.057811825
     4.400000000     0.053729441     1.897898938     0.057801509
     4.410000000     0.050399176     1.905735668     0.057796401
     4.420000000     0.047380487     1.913567833     0.057799271
     4.430000000     0.044652708     1.921396605     0.057812373
     4.440000000     0.042195922     1.929222914     0.057837405
     4.450000000     0.039991020     1.937047292     0.057875472
     4.460000000     0.038019720     1.944869794     0.057927071
     4.470000000     0.036264590     1.952689970     0.057992069
     4.480000000     0.034709041     1.960506898     0.058069710
     4.490000000     0.033337312     1.968319256     0.058158621
     4.500000000     0.032134451     1.976125426     0.058256829
     4.510000000     0.031086283     1.983923624     0.058361794
     4.520000000     0.030179379     1.991712038     0.058470448
     4.530000000     0.029401025     1.999488971     0.058579245
     4.540000000     0.028739192     2.007252990     0.058684219
     4.550000000     0.028182509     2.015003055     0.058781049
     4.560000000     0.027720251     2.022738646     0.058865135
     4.570000000     0.027342323     2.030459839     0.058931681
     4.580000000     0.027039268     2.038167362     0.058975774
     4.590000000     0.026802274     2.045862586     0.058992480
     4.600000000     0.026623204     2.053547485     0.058976934
     4.610000000     0.026494630     2.061224554     0.058924432
     4.620000000     0.026409884     2.068896715     0.058830526
     4.630000000     0.026363124     2.076567224     0.058691111
     4.640000000     0.026349404     2.084239607     0.058502514
     4.650000000     0.026364767     2.091917629     0.058261573
     4.660000000     0.026406340     2.099605338     0.057965710
     4.670000000     0.026472442     2.107307160     0.057612997
     4.680000000     0.026562700     2.115028050     0.057202206
     4.690000000     0.026678172     2.122773670     0.056732854
     4.700000000     0.026821474     2.130550549     0.056205231
     4.710000000     0.026996915     2.138366169     0.055620415
     4.720000000     0.027210620     2.146228943     0.054980277
     4.730000000     0.027470668     2.154148059     0.054287463
     4.740000000     0.027787208     2.162133194     0.053545375
     4.750000000     0.028172580     2.170194150     0.052758128
     4.760000000     0.028641417     2.178340467     0.051930495
     4.770000000     0.029210730     2.186581078     0.051067850
     4.780000000     0.029899974     2.194924058     0.050176093
     4.790000000     0.030731088     2.203376493     0.049261564
     4.800000000     0.031728503     2.211944454     0.048330961
     4.810000000     0.032919110     2.220633054     0.047391246
     4.820000000     0.034332191     2.229446534     0.046449548
     4.830000000     0.035999292     2.238388353     0.045513072
     4.840000000     0.037954052     2.247461241     0.044589003
     4.850000000     0.040231956     2.256667206     0.043684418
     4.860000000     0.042870041     2.266007508     0.042806204
     4.870000000     0.045906511     2.275482599     0.041960976
     4.880000000     0.049380299     2.285092048     0.041155012
     4.890000000     0.053330541     2.294834462     0.040394193
     4.900000000     0.057795977     2.304707408     0.039683952
     4.910000000     0.062814286     2.314707317     0.039029237
     4.920000000     0.068421350     2.324829377     0.038434476
     4.930000000     0.074650456     2.335067362     0.037903565
     4.940000000     0.081531453     2.345413395     0.037439853
     4.950000000     0.089089873     2.355857589     0.037046143
     4.960000000     0.097346027     2.366387565     0.036724697
     4.970000000     0.106314109     2.376987828     0.036477251
     4.980000000     0.116001319     2.387639050     0.036305034
     4.990000000     0.126407031     2.398317276     0.036208789
     5.000000000     0.137522035     2.408993146     0.036188800
     5.010000000     0.149327879     2.419631177     0.036244919
     5.020000000     0.161796345     2.430189183     0.036376598
     5.030000000     0.174889069     2.440617877     0.036582910
     5.040000000     0.188557351     2.450860685     0.036862584
     5.050000000     0.202742170     2.460853803     0.037214024
     5.060000000     0.217374418     2.470526487     0.037635335
     5.070000000     0.232375373     2.479801579     0.038124342
     5.080000000     0.247657430     2.488596251     0.038678610
     5.090000000     0.263125077     2.496822996     0.039295458
     5.100000000     0.278676116     2.504390932     0.039971973
     5.110000000     0.294203128     2.511207577     0.040705025
     5.120000000     0.309595157     2.517181282     0.041491275
     5.130000000     0.324739568     2.522224497     0.042327186
     5.140000000     0.339524084     2.526257915     0.043209040
     5.150000000     0.353838913     2.529215330     0.044132946
     5.160000000     0.367578960     2.531048815     0.045094856
     5.170000000     0.380646033     2.531733767     0.046090585
     5.180000000     0.392951026     2.531273483     0.047115833
     5.190000000     0.404415978     2.529703196     0.048166207
     5.200000000     0.414975991     2.527093797     0.049237249
     5.210000000     0.424580917     2.523555419     0.050324477
     5.220000000     0.433196784     2.519240571     0.051423414
     5.230000000     0.440806893     2.514345737     0.052529632
     5.240000000     0.447412570     2.509109621     0.053638801
     5.250000000     0.453033509     2.503806212     0.054746728
     5.260000000     0.457707716     2.498731714     0.055849417
     5.270000000     0.461491014     2.494186111     0.056943111
     5.280000000     0.464456126     2.490451913     0.058024346
     5.290000000     0.466691347     2.487773733     0.059090003
     5.300000000     0.468298810     2.486342306     0.060137350
     5.310000000     0.469392401     2.486285298     0.061164093
     5.320000000     0.470095364     2.487665566     0.062168406
     5.330000000     0.470537629     2.490485833     0.063148973
     5.340000000     0.470852957     2.494697808     0.064105008
     5.350000000     0.471175946     2.500213456     0.065036277
     5.360000000     0.471638974     2.506916494     0.065943106
     5.370000000     0.472369172     2.514672769     0.066826381
     5.380000000     0.473485476     2.523338809     0.067687541
     5.390000000     0.475095849     2.532768384     0.068528558
     5.400000000     0.477294750     2.542817190     0.069351909
     5.410000000     0.480160890     2.553345968     0.070160538
     5.420000000     0.483755366     2.564222296     0.070957805
     5.430000000     0.488120191     2.575321256     0.071747437
     5.440000000     0.493277286     2.586525019     0.072533458
     5.450000000     0.499227944     2.597721383     0.073320121
     5.460000000     0.505952791     2.608801333     0.074111829
     5.470000000     0.513412245     2.619655883     0.074913058
     5.480000000     0.521547460     2.630172639     0.075728265
     5.490000000     0.530281741     2.640232743     0.076561805
     5.500000000     0.539522389     2.649708919     0.077417842
     5.510000000     0.549162928     2.658465314     0.078300257
     5.520000000     0.559085668     2.666359696     0.079212564
     5.530000000     0.569164523     2.673248369     0.080157825
     5.540000000     0.579268025     2.678993872     0.081138566
     5.550000000     0.589262453     2.683475268     0.082156709
     5.560000000     0.599014989     2.686600404     0.083213499
     5.570000000     0.608396829     2.688319067     0.084309443
     5.580000000     0.617286162     2.688635522     0.085444264
     5.590000000     0.625570945     2.687618563     0.086616856
     5.600000000     0.633151405     2.685407224     0.087825255
     5.610000000     0.639942198     2.682210676     0.089066622
     5.620000000     0.645874195     2.678301655     0.090337241
     5.630000000     0.650895828     2.674003700     0.091632521
     5.640000000     0.654973992     2.669673368     0.092947026
     5.650000000     0.658094484     2.665679151     0.094274509
     5.660000000     0.660261981     2.662379108     0.095607963
     5.670000000     0.661499569     2.660099293     0.096939687
     5.680000000     0.661847861     2.659114970     0.098261367
     5.690000000     0.661363734     2.659636355     0.099564166
     5.700000000     0.660118745     2.661800070     0.100838830
     5.710000000     0.658197283     2.665666750     0.102075800
     5.720000000     0.655694520     2.671224387     0.103265343
     5.730000000     0.652714223     2.678396352     0.104397676
     5.740000000     0.649366521     2.687052752     0.105463109
     5.750000000     0.645765664     2.697023763     0.106452184
     5.760000000     0.642027862     2.708113857     0.107355816
     5.770000000     0.638269252     2.720116082     0.108165435
     5.780000000     0.634604046     2.732825732     0.108873124
     5.790000000     0.631142907     2.746052806     0.109471747
     5.800000000     0.627991575     2.759632581     0.109955073
     5.810000000     0.625249777     2.773433544     0.110317888
     5.820000000     0.623010415     2.787361956     0.110556092
     5.830000000     0.621359052     2.801362535     0.110666785
     5.840000000     0.620373671     2.815415204     0.110648337
     5.850000000     0.620124694     2.829528516     0.110500431
     5.860000000     0.620675235     2.843730953     0.110224107
     5.870000000     0.622081560     2.858061730     0.109821764
     5.880000000     0.624393714     2.872562702     0.109297164
     5.890000000     0.627656271     2.887272531     0.108655402
     5.900000000     0.631909188     2.902223560     0.107902866
     5.910000000     0.637188702     2.917441121     0.107047177
     5.920000000     0.643528248     2.932944454     0.106097112
     5.930000000     0.650959362     2.948748236     0.105062516
     5.940000000     0.659512536     2.964863785     0.103954193
     5.950000000     0.669218004     2.981299285     0.102783795
     5.960000000     0.680106441     2.998058791     0.101563696
     5.970000000     0.692209547     3.015140166     0.100306858
     5.980000000     0.705560529     3.032532479     0.099026697
     5.990000000     0.720194448     3.050213636     0.097736941
     6.000000000     0.736148448     3.068149056     0.096451487
     6.010000000     0.753461864     3.086292042     0.095184266
     6.020000000     0.772176206     3.104586108     0.093949096
     6.030000000     0.792335041     3.122969026     0.092759559
     6.040000000     0.813983757     3.141377926     0.091628864
     6.050000000     0.837169251     3.159754428     0.090569734
     6.060000000     0.861939521     3.178048728     0.089594291
     6.070000000     0.888343186     3.196221778     0.088713953
     6.080000000     0.916428956     3.214245137     0.087939344
     6.090000000     0.946245033     3.232098655     0.087280215
     6.100000000     0.977838488     3.249766658     0.086745369
     6.110000000     1.011254590     3.267233587     0.086342610
     6.120000000     1.046536128     3.284480056     0.086078693
     6.130000000     1.083722706     3.301479975     0.085959294
     6.140000000     1.122850040     3.318199043     0.085988985
     6.150000000     1.163949249     3.334594501     0.086171229
     6.160000000     1.207046160     3.350615808     0.086508380
     6.170000000     1.252160616     3.366205732     0.087001697
     6.180000000     1.299305810     3.381301362     0.087651368
     6.190000000     1.348487632     3.395834548     0.088456543
     6.200000000     1.399704039     3.409731463     0.089415382
     6.210000000     1.452944455     3.422911157     0.090525103
     6.220000000     1.508189191     3.435283288     0.091782044
     6.230000000     1.565408891     3.446745506     0.093181732
     6.240000000     1.624564012     3.457181301     0.094718950
     6.250000000     1.685604320     3.466459285     0.096387821
     6.260000000     1.748468419     3.474434861     0.098181885
     6.270000000     1.813083315     3.480954963     0.100094180
     6.280000000     1.879364001     3.485865929     0.102117328
     6.290000000     1.947213093     3.489023801     0.104243617
     6.300000000     2.016520506     3.490305556     0.106465082
     6.310000000     2.087163185     3.489619227     0.108773580
     6.320000000     2.159004919     3.486910838     0.111160867
     6.330000000     2.231896233     3.482166602     0.113618663
     6.340000000     2.305674393     3.475409789     0.116138714
     6.350000000     2.380163551     3.466692824     0.118712848
     6.360000000     2.455175033     3.456086109     0.121333017
     6.370000000     2.530507828     3.443665466     0.123991343
     6.380000000     2.605949276     3.429499928     0.126680140
     6.390000000     2.681275996     3.413641005     0.129391945
     6.400000000     2.756255069     3.396113878     0.132119525
     6.410000000     2.830645497     3.376910607     0.134855889
     6.420000000     2.904199943     3.355985489     0.137594290
     6.430000000     2.976666765     3.333253080     0.140328216
     6.440000000     3.047792326     3.308589746     0.143051388
     6.450000000     3.117323567     3.281839548     0.145757743
     6.460000000     3.185010826     3.252824733     0.148441424
     6.470000000     3.250610847     3.221360237     0.151096763
     6.480000000     3.313889945     3.187270893     0.153718271
     6.490000000     3.374627251     3.150409804     0.156300624
     6.500000000     3.432617988     3.110676635     0.158838656
     6.510000000     3.487676684     3.068035065     0.161327353
     6.520000000     3.539640254     3.022528801     0.163761852
     6.530000000     3.588370866     2.974295188     0.166137451
     6.540000000     3.633758498     2.923574634     0.168449610
     6.550000000     3.675723132     2.870713298     0.170693977
     6.560000000     3.714216494     2.816156352     0.172866398
     6.570000000     3.749223289     2.760430211     0.174962953
     6.580000000     3.780761879     2.704114198     0.176979976
     6.590000000     3.808884378     2.647804825     0.178914095
     6.600000000     3.833676142     2.592077920     0.180762263
     6.610000000     3.855254648     2.537454418     0.182521799
     6.620000000     3.873767801     2.484374418     0.184190420
     6.630000000     3.889391675     2.433181752     0.185766278
     6.640000000     3.902327769     2.384118912     0.187247999
     6.650000000     3.912799817     2.337330496     0.188634706
     6.660000000     3.921050247     2.292872625     0.189926050
     6.670000000     3.927336367     2.250725664     0.191122228
     6.680000000     3.931926370     2.210807747     0.192224000
     6.690000000     3.935095248     2.172986987     0.193232695
     6.700000000     3.937120718     2.137091186     0.194150209
     6.710000000     3.938279233     2.102915064     0.194979000
     6.720000000     3.938842172     2.070226364     0.195722069
     6.730000000     3.939072266     2.038772869     0.196382937
     6.740000000     3.939220326     2.008291962     0.196965608
     6.750000000     3.939522323     1.978523008     0.197474532
     6.760000000     3.940196829     1.949221196     0.197914553
     6.770000000     3.941442856     1.920170280     0.198290850
     6.780000000     3.943438083     1.891191601     0.198608881
     6.790000000     3.946337460     1.862147680     0.198874304
     6.800000000     3.950272166     1.832940191     0.199092910
     6.810000000     3.955348888     1.803503478     0.199270544
     6.820000000     3.961649386     1.773795606     0.199413018
     6.830000000     3.969230290     1.743789030     0.199526036
     6.840000000     3.978123096     1.713462484     0.199615104
     6.850000000     3.988334304     1.682794905     0.199685453
     6.860000000     3.999845673     1.651761456     0.199741952
     6.870000000     4.012614541     1.620331252     0.199789040
     6.880000000     4.026574193     1.588466351     0.199830648
     6.890000000     4.041634263     1.556121823     0.199870134
     6.900000000     4.057681140     1.523246825     0.199910233
     6.910000000     4.074578412     1.489786514     0.199953001
     6.920000000     4.092167324     1.455684165     0.199999782
     6.930000000     4.110267300     1.420882541     0.200051185
     6.940000000     4.128676539     1.385323576     0.200107065
     6.950000000     4.147172721     1.348945896     0.200166531
     6.960000000     4.165513881     1.311680483     0.200227951
     6.970000000     4.183439462     1.273445540     0.200288992
     6.980000000     4.200671622     1.234142119     0.200346653
     6.990000000     4.216916811     1.193652183     0.200397327
     7.000000000     4.231867669     1.151840403     0.200436868
     7.010000000     4.245205273     1.108560200     0.200460678
     7.020000000     4.256601745     1.063663459     0.200463796
     7.030000000     4.265723249     1.017012360     0.200441004
     7.040000000     4.272233371     0.968491321     0.200386938
     7.050000000     4.275796863     0.918017370     0.200296208
     7.060000000     4.276083742     0.865548297     0.200163516
     7.070000000     4.272773698     0.811089106     0.199983782
     7.080000000     4.265560756     0.754697900     0.199752265
     7.090000000     4.254158146     0.696491959     0.199464687
     7.100000000     4.238303290     0.636653424     0.199117337
     7.110000000     4.217762830     0.575432460     0.198707185
     7.120000000     4.192337606     0.513144886     0.198231973
     7.130000000     4.161867482     0.450161790     0.197690296
     7.140000000     4.126235912     0.386890754     0.197081671
     7.150000000     4.085374156     0.323751170     0.196406584
     7.160000000     4.039265017     0.261148831     0.195666530
     7.170000000     3.987946022     0.199456178     0.194864020
     7.180000000     3.931511930     0.139003775     0.194002581
     7.190000000     3.870116490     0.080085776     0.193086731
     7.200000000     3.803973366     0.022978229     0.192121933
     7.210000000     3.733356169    -0.032034803     0.191114537
     7.220000000     3.658597534    -0.084634723     0.190071695
     7.230000000     3.580087229    -0.134449214     0.189001269
     7.240000000     3.498269262    -0.181046148     0.187911719
     7.250000000     3.413638000    -0.223942930     0.186811979
     7.260000000     3.326733332    -0.262629837     0.185711323
     7.270000000     3.238134907    -0.296602973     0.184619223
     7.280000000     3.148455535    -0.325400957     0.183545203
     7.290000000     3.058333816    -0.348639495     0.182498692
     7.300000000     2.968426131    -0.366039161     0.181488871
     7.310000000     2.879398090    -0.377443443     0.180524531
     7.320000000     2.791915605    -0.382826045     0.179613931
     7.330000000     2.706635725    -0.382288178     0.178764671
     7.340000000     2.624197391    -0.376047849     0.177983570
     7.350000000     2.545212303    -0.364423951     0.177276559
     7.360000000     2.470256051    -0.347817998     0.176648592
     7.370000000     2.399859687    -0.326695904     0.176103572
     7.380000000     2.334501914    -0.301571468     0.175644293
     7.390000000     2.274602044    -0.272992411     0.175272404
     7.400000000     2.220513868    -0.241529199     0.174988391
     7.410000000     2.172520585    -0.207766512     0.174791580
     7.420000000     2.130830879    -0.172297014     0.174680158
     7.430000000     2.095576256    -0.135716967     0.174651210
     7.440000000     2.066809678    -0.098623140     0.174700784
     7.450000000     2.044505561    -0.061610324     0.174823958
     7.460000000     2.028561119    -0.025268684     0.175014936
     7.470000000     2.018799039     0.009819780     0.175267146
     7.480000000     2.014971442     0.043086280     0.175573358
     7.490000000     2.016765039     0.073982042     0.175925806
     7.500000000     2.023807373     0.101986827     0.176316319
     7.510000000     2.035674018     0.126618781     0.176736457
     7.520000000     2.051896571     0.147445033     0.177177649
     7.530000000     2.071971260     0.164092444     0.177631328
     7.540000000     2.095367975     0.176257997     0.178089071
     7.550000000     2.121539530     0.183718489     0.178542727
     7.560000000     2.149930925     0.186339358     0.178984544
     7.570000000     2.179988429     0.184082495     0.179407285
     7.580000000     2.211168264     0.177012754     0.179804331
     7.590000000     2.242944706     0.165302584     0.180169778
     7.600000000     2.274817431     0.149233819     0.180498518
     7.610000000     2.306317962     0.129195400     0.180786301
     7.620000000     2.337015081     0.105675792     0.181029788
     7.630000000     2.366519127     0.079249277     0.181226584
     7.640000000     2.394485099     0.050555994     0.181375255
     7.650000000     2.420614567     0.020276401     0.181475325
     7.660000000     2.444656361    -0.010898543     0.181527259
     7.670000000     2.466406122    -0.042299785     0.181532430
     7.680000000     2.485704751    -0.073313152     0.181493065
     7.690000000     2.502435897    -0.103410490     0.181412181
     7.700000000     2.516522585    -0.132176100     0.181293504
     7.710000000     2.527923160    -0.159325432     0.181141374
     7.720000000     2.536626704    -0.184713384     0.180960646
     7.730000000     2.542648102    -0.208330813     0.180756579
     7.740000000     2.546022958    -0.230289675     0.180534711
     7.750000000     2.546802517    -0.250799136     0.180300747
     7.760000000     2.545048779    -0.270136497     0.180060433
     7.770000000     2.540829963    -0.288617348     0.179819436
     7.780000000     2.534216451    -0.306568982     0.179583229
     7.790000000     2.525277321    -0.324309808     0.179356984
     7.800000000     2.514077576    -0.342135789     0.179145472
     7.810000000     2.500676097    -0.360313174     0.178952976
     7.820000000     2.485124367    -0.379075581     0.178783223
     7.830000000     2.467465955    -0.398622856     0.178639321
     7.840000000     2.447736715    -0.419119355     0.178523726
     7.850000000     2.425965665    -0.440690024     0.178438213
     7.860000000     2.402176433    -0.463413721     0.178383880
     7.870000000     2.376389194    -0.487314359     0.178361154
     7.880000000     2.348622957    -0.512351341     0.178369827
     7.890000000     2.318898100    -0.538411260     0.178409104
     7.900000000     2.287239003    -0.565302893     0.178477661
     7.910000000     2.253676663    -0.592757202     0.178573722
     7.920000000     2.218251166    -0.620433503     0.178695140
     7.930000000     2.181013908    -0.647932272     0.178839492
     7.940000000     2.142029465    -0.674814339     0.179004175
     7.950000000     2.101377038    -0.700625342     0.179186501
     7.960000000     2.059151417    -0.724923360     0.179383799
     7.970000000     2.015463425    -0.747306817     0.179593504
     7.980000000     1.970439832    -0.767439277     0.179813247
     7.990000000     1.924222744    -0.785067956     0.180040935
     8.000000000     1.876968493    -0.800033751     0.180274819
     8.010000000     1.828846077    -0.812272069     0.180513548
     8.020000000     1.780035206    -0.821805389     0.180756217
     8.030000000     1.730724029    -0.828729735     0.181002397
     8.040000000     1.681106616    -0.833197823     0.181252150
     8.050000000     1.631380289    -0.835401474     0.181506031
     8.060000000     1.581742879    -0.835555196     0.181765083
     8.070000000     1.532389994    -0.833881926     0.182030812
     8.080000000     1.483512382    -0.830601227     0.182305153
     8.090000000     1.435293453    -0.825919834     0.182590435
     8.100000000     1.387907028    -0.820024449     0.182889326
     8.110000000     1.341515352    -0.813076825     0.183204783
     8.120000000     1.296267428    -0.805211388     0.183539992
     8.130000000     1.252297675    -0.796535596     0.183898310
     8.140000000     1.209724937    -0.787132968     0.184283200
     8.150000000     1.168651841    -0.777068327     0.184698179
     8.160000000     1.129164484    -0.766394347     0.185146753
     8.170000000     1.091332444    -0.755158313     0.185632371
     8.180000000     1.055209070    -0.743408051     0.186158368
     8.190000000     1.020832038    -0.731196244     0.186727928
     8.200000000     0.988224105    -0.718582781     0.187344039
     8.210000000     0.957394059    -0.705635085     0.188009462
     8.220000000     0.928337778    -0.692426681     0.188726701
     8.230000000     0.901039401    -0.679034380     0.189497979
     8.240000000     0.875472541    -0.665534558     0.190325222
     8.250000000     0.851601512    -0.651999091     0.191210040
     8.260000000     0.829382549    -0.638491504     0.192153720
     8.270000000     0.808764981    -0.625063896     0.193157216
     8.280000000     0.789692339    -0.611755143     0.194221150
     8.290000000     0.772103384    -0.598590699     0.195345804
     8.300000000     0.755933044    -0.585584099     0.196531127
     8.310000000     0.741113248    -0.572739978     0.197776734
     8.320000000     0.727573664    -0.560058125     0.199081914
     8.330000000     0.715242329    -0.547537860     0.200445638
     8.340000000     0.704046196    -0.535181967     0.201866562
     8.350000000     0.693911590    -0.522999453     0.203343043
     8.360000000     0.684764582    -0.511006723     0.204873148
     8.370000000     0.676531317    -0.499227073     0.206454669
     8.380000000     0.669138270    -0.487688844     0.208085131
     8.390000000     0.662512480    -0.476422782     0.209761815
     8.400000000     0.656581752    -0.465459338     0.211481767
     8.410000000     0.651274839    -0.454826493     0.213241818
     8.420000000     0.646521627    -0.444548514     0.215038596
     8.430000000     0.642253320    -0.434645788     0.216868543
     8.440000000     0.638402629    -0.425135568     0.218727925
     8.450000000     0.634903981    -0.416033290     0.220612848
     8.460000000     0.631693740    -0.407353943     0.222519263
     8.470000000     0.628710438    -0.399112916     0.224442974
     8.480000000     0.625895027    -0.391325838     0.226379640
     8.490000000     0.623191135    -0.384007138     0.228324777
     8.500000000     0.620545321    -0.377167397     0.230273751
     8.510000000     0.617907337    -0.370809926     0.232221777
     8.520000000     0.615230368    -0.364927313     0.234163903
     8.530000000     0.612471266    -0.359498791     0.236095008
     8.540000000     0.609590744    -0.354489159     0.238009782
     8.550000000     0.606553551    -0.349849683     0.239902725
     8.560000000     0.603328599    -0.345520974     0.241768130
     8.570000000     0.599889049    -0.341437373     0.243600085
     8.580000000     0.596212346    -0.337532063     0.245392472
     8.590000000     0.592280202    -0.333742006     0.247138974
     8.600000000     0.588078532    -0.330011869     0.248833092
     8.610000000     0.583597330    -0.326296417     0.250468175
     8.620000000     0.578830502    -0.322561214     0.252037455
     8.630000000     0.573775647    -0.318781869     0.253534098
     8.640000000     0.568433805    -0.314942321     0.254951265
     8.650000000     0.562809166    -0.311032784     0.256282192
     8.660000000     0.556908748    -0.307047904     0.257520269
     8.670000000     0.550742064    -0.302985468     0.258659139
     8.680000000     0.544320769    -0.298845731     0.259692801
     8.690000000     0.537658310    -0.294631199     0.260615718
     8.700000000     0.530769580    -0.290346564     0.261422932
     8.710000000     0.523670576    -0.285998474     0.262110168
     8.720000000     0.516378082    -0.281594976     0.262673945
     8.730000000     0.508909378    -0.277144587     0.263111671
     8.740000000     0.501281969    -0.272655143     0.263421730
     8.750000000     0.493513348    -0.268132628     0.263603548
     8.760000000     0.485620801    -0.263580195     0.263657647
     8.770000000     0.477621231    -0.258997561     0.263585668
     8.780000000     0.469531033    -0.254380863     0.263390379
     8.790000000     0.461365992    -0.249722999     0.263075648
     8.800000000     0.453141217    -0.245014394     0.262646397
     8.810000000     0.444871103    -0.240244082     0.262108522
     8.820000000     0.436569323    -0.235400927     0.261468796
     8.830000000     0.428248841    -0.230474803     0.260734735
     8.840000000     0.419921940    -0.225457559     0.259914459
     8.850000000     0.411600279    -0.220343623     0.259016522
     8.860000000     0.403294946    -0.215130227     0.258049734
     8.870000000     0.395016531    -0.209817244     0.257022979
     8.880000000     0.386775204    -0.204406737     0.255945015
     8.890000000     0.378580792    -0.198902327     0.254824294
     8.900000000     0.370442855    -0.193308529     0.253668773
     8.910000000     0.362370766    -0.187630150     0.252485746
     8.920000000     0.354373779    -0.181871848     0.251281688
     8.930000000     0.346461098    -0.176037860     0.250062125
     8.940000000     0.338641930    -0.170131850     0.248831520
     8.950000000     0.330925536    -0.164156795     0.247593194
     8.960000000     0.323321270    -0.158114832     0.246349272
     8.970000000     0.315838601    -0.152007030     0.245100661
     8.980000000     0.308487131    -0.145833121     0.243847056
     8.990000000     0.301276599    -0.139591298     0.242586979
     9.000000000     0.294216864    -0.133278191     0.241317842
     9.010000000     0.287317886    -0.126889127     0.240036040
     9.020000000     0.280589686    -0.120418719     0.238737059
     9.030000000     0.274042296    -0.113861724     0.237415615
     9.040000000     0.267685695    -0.107214053     0.236065795
     9.050000000     0.261529736    -0.100473781     0.234681217
     9.060000000     0.255584057    -0.093641958     0.233255192
     9.070000000     0.249857986    -0.086723079     0.231780886
     9.080000000     0.244360443    -0.079725094     0.230251486
     9.090000000     0.239099822    -0.072658891     0.228660353
     9.100000000     0.234083887    -0.065537300     0.227001163
     9.110000000     0.229319658    -0.058373707     0.225268042
     9.120000000     0.224813299    -0.051180520     0.223455675
     9.130000000     0.220570020    -0.043967772     0.221559405
     9.140000000     0.216593977    -0.036742190     0.219575306
     9.150000000     0.212888196    -0.029507004     0.217500243
     9.160000000     0.209454504    -0.022262611     0.215331899
     9.170000000     0.206293488    -0.015008037     0.213068801
     9.180000000     0.203404462    -0.007742915     0.210710306
     9.190000000     0.200785473    -0.000469602     0.208256590
     9.200000000     0.198433322     0.006804985     0.205708604
     9.210000000     0.196343610     0.014068146     0.203068035
     9.220000000     0.194510821     0.021300978     0.200337241
     9.230000000     0.192928412     0.028478846     0.197519193
     9.240000000     0.191588941     0.035572692     0.194617400
     9.250000000     0.190484206     0.042551082     0.191635838
     9.260000000     0.189605404     0.049382800     0.188578884
     9.270000000     0.188943296     0.056039724     0.185451244
     9.280000000     0.188488387     0.062499635     0.182257891
     9.290000000     0.188231094     0.068748548     0.179004009
     9.300000000     0.188161920     0.074782122     0.175694942
     9.310000000     0.188271608     0.080605832     0.172336157
     9.320000000     0.188551282     0.086233768     0.168933208
     9.330000000     0.188992559     0.091686246     0.165491716
     9.340000000     0.189587642     0.096986687     0.162017349
     9.350000000     0.190329366     0.102158442     0.158515823
     9.360000000     0.191211225     0.107222224     0.154992893
     9.370000000     0.192227348     0.112194664     0.151454362
     9.380000000     0.193372444     0.117088166     0.147906086
     9.390000000     0.194641711     0.121911898     0.144353990
     9.400000000     0.196030708     0.126673432     0.140804075
     9.410000000     0.197535198     0.131380406     0.137262432
     9.420000000     0.199150969     0.136041556     0.133735249
     9.430000000     0.200873629     0.140666687     0.130228821
     9.440000000     0.202698403     0.145265451     0.126749548
     9.450000000     0.204619912     0.149845191     0.123303933
     9.460000000     0.206631968     0.154408373     0.119898577
     9.470000000     0.208727382     0.158950265     0.116540162
     9.480000000     0.210897791     0.163457440     0.113235430
     9.490000000     0.213133514     0.167907447     0.109991162
     9.500000000     0.215423454     0.172269741     0.106814144
     9.510000000     0.217755029     0.176507674     0.103711136
     9.520000000     0.220114165     0.180581254     0.100688832
     9.530000000     0.222485329     0.184450321     0.097753821
     9.540000000     0.224851619     0.188077793     0.094912548
     9.550000000     0.227194899     0.191432698     0.092171269
     9.560000000     0.229495995     0.194492695     0.089536014
     9.570000000     0.231734926     0.197245806     0.087012548
     9.580000000     0.233891179     0.199691115     0.084606338
     9.590000000     0.235944019     0.201838294     0.082322523
     9.600000000     0.237872828     0.203706013     0.080165884
     9.610000000     0.239657458     0.205319509     0.078140829
     9.620000000     0.241278593     0.206707765     0.076251376
     9.630000000     0.242718119     0.207900849     0.074501141
     9.640000000     0.243959473     0.208927839     0.072893339
     9.650000000     0.244987981     0.209815584     0.071430782
     9.660000000     0.245791170     0.210588282     0.070115886
     9.670000000     0.246359036     0.211267674     0.068950677
     9.680000000     0.246684280     0.211873553     0.067936808
     9.690000000     0.246762490     0.212424335     0.067075571
     9.700000000     0.246592269     0.212937541     0.066367909
     9.710000000     0.246175312     0.213430169     0.065814432
     9.720000000     0.245516419     0.213919033     0.065415432
     9.730000000     0.244623455     0.214421155     0.065170887
     9.740000000     0.243507242     0.214954260     0.065080470
     9.750000000     0.242181408     0.215537297     0.065143550
     9.760000000     0.240662171     0.216190810     0.065359187
     9.770000000     0.238968082     0.216936917     0.065726126
     9.780000000     0.237119723     0.217798724     0.066242776
     9.790000000     0.235139370     0.218799113     0.066907195
     9.800000000     0.233050622     0.219959069     0.067717059
     9.810000000     0.230878016     0.221295826     0.068669634
     9.820000000     0.228646620     0.222821201     0.069761744
     9.830000000     0.226381629     0.224540407     0.070989731
     9.840000000     0.224107953     0.226451512     0.072349420
     9.850000000     0.221849829     0.228545564     0.073836086
     9.860000000     0.219630435     0.230807285     0.075444419
     9.870000000     0.217471542     0.233216171     0.077168497
     9.880000000     0.215393188     0.235747826     0.079001768
     9.890000000     0.213413395     0.238375366     0.080937035
     9.900000000     0.211547917     0.241070776     0.082966463
     9.910000000     0.209810043     0.243806114     0.085081582
     9.920000000     0.208210436     0.246554493     0.087273323
     9.930000000     0.206757027     0.249290802     0.089532050
     9.940000000     0.205454953     0.251992164     0.091847623
     9.950000000     0.204306542     0.254638151     0.094209465
     9.960000000     0.203311347     0.257210844     0.096606654
     9.970000000     0.202466215     0.259694807     0.099028015
     9.980000000     0.201765410     0.262077068     0.101462241
     9.990000000     0.201200756     0.264347155     0.103898012
    10.000000000     0.200761824     0.266497189     0.106324128
    10.010000000     0.200436144     0.268521994     0.108729643
    10.020000000     0.200209434     0.270419127     0.111104007
    10.030000000     0.200065861     0.272188738     0.113437198
    10.040000000     0.199988297     0.273833198     0.115719857
    10.050000000     0.199958602     0.275356497     0.117943412
    10.060000000     0.199957903     0.276763473     0.120100186
    10.070000000     0.199966869     0.278059009     0.122183495
    10.080000000     0.199965996     0.279247344     0.124187727
    10.090000000     0.199935872     0.280331617     0.126108398
    10.100000000     0.199857440     0.281313724     0.127942189
    10.110000000     0.199712242     0.282194488     0.129686956
    10.120000000     0.199482658     0.282974072     0.131341724
    10.130000000     0.199152113     0.283652544     0.132906645
    10.140000000     0.198705272     0.284230511     0.134382944
    10.150000000     0.198128218     0.284709741     0.135772835
    10.160000000     0.197408596     0.285093763     0.137079429
    10.170000000     0.196535743     0.285388429     0.138306610
    10.180000000     0.195500784     0.285602426     0.139458911
    10.190000000     0.194296712     0.285747694     0.140541369
    10.200000000     0.192918434     0.285839651     0.141559382
    10.210000000     0.191362793     0.285897113     0.142518560
    10.220000000     0.189628569     0.285941818     0.143424572
    10.230000000     0.187716447     0.285997498     0.144283003
    10.240000000     0.185628967     0.286088563     0.145099218
    10.250000000     0.183370446     0.286238533     0.145878235
    10.260000000     0.180946883     0.286468431     0.146624614
    10.270000000     0.178365840     0.286795400     0.147342353
    10.280000000     0.175636307     0.287231761     0.148034815
    10.290000000     0.172768556     0.287784669     0.148704662
    10.300000000     0.169773971     0.288456415     0.149353810
    10.310000000     0.166664882     0.289245286     0.149983405
    10.320000000     0.163454381     0.290146818     0.150593817
    10.330000000     0.160156139     0.291155185     0.151184650
    10.340000000     0.156784224     0.292264489     0.151754769
    10.350000000     0.153352913     0.293469721     0.152302341
    10.360000000     0.149876518     0.294767279     0.152824891
    10.370000000     0.146369209     0.296155026     0.153319368
    10.380000000     0.142844857     0.297631962     0.153782218
    10.390000000     0.139316881     0.299197669     0.154209471
    10.400000000     0.135798111     0.300851680     0.154596825
    10.410000000     0.132300666     0.302592946     0.154939739
    10.420000000     0.128835848     0.304419456     0.155233524
    10.430000000     0.125414056     0.306328069     0.155473437
    10.440000000     0.122044710     0.308314505     0.155654769
    10.450000000     0.118736200     0.310373450     0.155772934
    10.460000000     0.115495851     0.312498701     0.155823548
    10.470000000     0.112329906     0.314683313     0.155802509
    10.480000000     0.109243519     0.316919721     0.155706063
    10.490000000     0.106240777     0.319199863     0.155530866
    10.500000000     0.103324722     0.321515309     0.155274037
    10.510000000     0.100497396     0.323857430     0.154933201
    10.520000000     0.097759895     0.326217620     0.154506522
    10.530000000     0.095112434     0.328587565     0.153992730
    10.540000000     0.092554415     0.330959534     0.153391127
    10.550000000     0.090084512     0.333326688     0.152701598
    10.560000000     0.087700751     0.335683348     0.151924599
    10.570000000     0.085400598     0.338025216     0.151061141
    10.580000000     0.083181046     0.340349513     0.150112762
    10.590000000     0.081038705     0.342655020     0.149081494
    10.600000000     0.078969885     0.344942001     0.147969818
    10.610000000     0.076970682     0.347212016     0.146780614
    10.620000000     0.075037052     0.349467630     0.145517101
    10.630000000     0.073164883     0.351712051     0.144182781
    10.640000000     0.071350064     0.353948729     0.142781370
    10.650000000     0.069588538     0.356180955     0.141316732
    10.660000000     0.067876357     0.358411522     0.139792816
    10.670000000     0.066209720     0.360642470     0.138213585
    10.680000000     0.064585014     0.362874964     0.136582956
    10.690000000     0.062998832     0.365109296     0.134904743
    10.700000000     0.061448003     0.367345015     0.133182601
    10.710000000     0.059929597     0.369581150     0.131419983
    10.720000000     0.058440936     0.371816476     0.129620101
    10.730000000     0.056979597     0.374049776     0.127785898
    10.740000000     0.055543406     0.376280046     0.125920029
    10.750000000     0.054130436     0.378506620     0.124024849
    10.760000000     0.052738992     0.380729196     0.122102417
    10.770000000     0.051367607     0.382947774     0.120154500
    10.780000000     0.050015026     0.385162534     0.118182599
    10.790000000     0.048680193     0.387373685     0.116187969
    10.800000000     0.047362236     0.389581336     0.114171658
    10.810000000     0.046060460     0.391785393     0.112134544
    10.820000000     0.044774329     0.393985533     0.110077381
    10.830000000     0.043503454     0.396181237     0.108000844
    10.840000000     0.042247586     0.398371885     0.105905584
    10.850000000     0.041006603     0.400556881     0.103792269
    10.860000000     0.039780501     0.402735801     0.101661638
    10.870000000     0.038569383     0.404908517     0.099514542
    10.880000000     0.037373453     0.407075294     0.097351983
    10.890000000     0.036193005     0.409236831     0.095175149
    10.900000000     0.035028416     0.411394260     0.092985444
    10.910000000     0.033880135     0.413549089     0.090784501
    10.920000000     0.032748672     0.415703101     0.088574203
    10.930000000     0.031634593     0.417858216     0.086356681
    10.940000000     0.030538503     0.420016319     0.084134312
    10.950000000     0.029461039     0.422179074     0.081909709
    10.960000000     0.028402856     0.424347753     0.079685700
    10.970000000     0.027364615     0.426523086     0.077465303
    10.980000000     0.026346971     0.428705179     0.075251698
    10.990000000     0.025350561     0.430893498     0.073048185
    11.000000000     0.024375991     0.433086922     0.070858153
    11.010000000     0.023423826     0.435283854     0.068685032
    11.020000000     0.022494580     0.437482361     0.066532253
    11.030000000     0.021588703     0.439680328     0.064403205
    11.040000000     0.020706577     0.441875596     0.062301194
    11.050000000     0.019848510     0.444066087     0.060229402
    11.060000000     0.019014729     0.446249892     0.058190851
    11.070000000     0.018205378     0.448425340     0.056188371
    11.080000000     0.017420517     0.450591042     0.054224571
    11.090000000     0.016660124     0.452745918     0.052301817
    11.100000000     0.015924097     0.454889206     0.050422210
    11.110000000     0.015212256     0.457020463     0.048587578
    11.120000000     0.014524352     0.459139546     0.046799465
    11.130000000     0.013860071     0.461246573     0.045059130
    11.140000000     0.013219042     0.463341883     0.043367546
    11.150000000     0.012600844     0.465425967     0.041725411
    11.160000000     0.012005018     0.467499405     0.040133156
    11.170000000     0.011431069     0.469562784     0.038590959
    11.180000000     0.010878480     0.471616638     0.037098760
    11.190000000     0.010346717     0.473661387     0.035656282
    11.200000000     0.009835235     0.475697301     0.034263052
    11.210000000     0.009343486     0.477724478     0.032918416
    11.220000000     0.008870924     0.479742846     0.031621568
    11.230000000     0.008417011     0.481752180     0.030371566
    11.240000000     0.007981216     0.483752124     0.029167357
    11.250000000     0.007563024     0.485742232     0.028007793
    11.260000000     0.007161931     0.487722007     0.026891650
    11.270000000     0.006777450     0.489690947     0.025817648
    11.280000000     0.006409111     0.491648584     0.024784466
    11.290000000     0.006056457     0.493594527     0.023790754
    11.300000000     0.005719045     0.495528485     0.022835147
    11.310000000     0.005396445     0.497450275     0.021916275
    11.320000000     0.005088241     0.499359821     0.021032772
    11.330000000     0.004794024     0.501257126     0.020183286
    11.340000000     0.004513394     0.503142244     0.019366482
    11.350000000     0.004245957     0.505015244     0.018581052
    11.360000000     0.003991326     0.506876182     0.017825712
    11.370000000     0.003749114     0.508725080     0.017099213
    11.380000000     0.003518940     0.510561921     0.016400339
    11.390000000     0.003300423     0.512386647     0.015727911
    11.400000000     0.003093183     0.514199174     0.015080789
    11.410000000     0.002896840     0.515999402     0.014457872
    11.420000000     0.002711016     0.517787228     0.013858100
    11.430000000     0.002535331     0.519562562     0.013280454
    11.440000000     0.002369408     0.521325334     0.012723958
    11.450000000     0.002212869     0.523075497     0.012187680
    11.460000000     0.002065339     0.524813036     0.011670729
    11.470000000     0.001926443     0.526537959     0.011172260
    11.480000000     0.001795812     0.528250296     0.010691470
    11.490000000     0.001673077     0.529950096     0.010227601
    11.500000000     0.001557876     0.531637420     0.009779939
    11.510000000     0.001449850     0.533312336     0.009347812
    11.520000000     0.001348648     0.534974916     0.008930591
    11.530000000     0.001253924     0.536625235     0.008527689
    11.540000000     0.001165339     0.538263368     0.008138558
    11.550000000     0.001082564     0.539889391     0.007762690
    11.560000000     0.001005278     0.541503378     0.007399616
    11.570000000     0.000933167     0.543105409     0.007048900
    11.580000000     0.000865931     0.544695559     0.006710142
    11.590000000     0.000803276     0.546273913     0.006382970
    11.600000000     0.000744922     0.547840557     0.006067046
    11.610000000     0.000690598     0.549395585     0.005762054
    11.620000000     0.000640045     0.550939097     0.005467706
    11.630000000     0.000593017     0.552471205     0.005183734
    11.640000000     0.000549278     0.553992026     0.004909890
    11.650000000     0.000508604     0.555501688     0.004645942
    11.660000000     0.000470785     0.557000328     0.004391675
    11.670000000     0.000435620     0.558488085     0.004146885
    11.680000000     0.000402922     0.559965105     0.003911380
    11.690000000     0.000372515     0.561431536     0.003684977
    11.700000000     0.000344235     0.562887522     0.003467499
    11.710000000     0.000317929     0.564333213     0.003258775
    11.720000000     0.000293454     0.565768751     0.003058640
    11.730000000     0.000270678     0.567194282     0.002866931
    11.740000000     0.000249481     0.568609946     0.002683485
    11.750000000     0.000229749     0.570015885     0.002508145
    11.760000000     0.000211381     0.571412235     0.002340749
    11.770000000     0.000194282     0.572799129     0.002181138
    11.780000000     0.000178364     0.574176694     0.002029150
    11.790000000     0.000163550     0.575545049     0.001884621
    11.800000000     0.000149766     0.576904307     0.001747385
    11.810000000     0.000136946     0.578254573     0.001617275
    11.820000000     0.000125031     0.579595948     0.001494116
    11.830000000     0.000113963     0.580928524     0.001377735
    11.840000000     0.000103692     0.582252391     0.001267951
    11.850000000     0.000094171     0.583567637     0.001164580
    11.860000000     0.000085355     0.584874346     0.001067435
    11.870000000     0.000077204     0.586172604     0.000976321
    11.880000000     0.000069679     0.587462496     0.000891042
    11.890000000     0.000062744     0.588744107     0.000811397
    11.900000000     0.000056366     0.590017523     0.000737180
    11.910000000     0.000050511     0.591282830     0.000668181
    11.920000000     0.000045149     0.592540115     0.000604189
    11.930000000     0.000040250     0.593789467     0.000544987
    11.940000000     0.000035785     0.595030972     0.000490357
    11.950000000     0.000031725     0.596264718     0.000440080
    11.960000000     0.000028046     0.597490792     0.000393935
    11.970000000     0.000024720     0.598709282     0.000351703
    11.980000000     0.000021723     0.599920272     0.000313163
    11.990000000     0.000019030     0.601123848     0.000278099
    12.000000000     0.000016619     0.602320094     0.000246295
    12.010000000     0.000014466     0.603509094     0.000217539
    12.020000000     0.000012552     0.604690930     0.000191626
    12.030000000     0.000010855     0.605865681     0.000168352
    12.040000000     0.000009355     0.607033429     0.000147524
    12.050000000     0.000008035     0.608194250     0.000128952
    12.060000000     0.000006878     0.609348223     0.000112456
    12.070000000     0.000005867     0.610495422     0.000097861
    12.080000000     0.000004986     0.611635922     0.000085004
    12.090000000     0.000004223     0.612769797     0.000073729
    12.100000000     0.000003564     0.613897117     0.000063888
    12.110000000     0.000002996     0.615017954     0.000055344
    12.120000000     0.000002510     0.616132377     0.000047968
    12.130000000     0.000002095     0.617240454     0.000041640
    12.140000000     0.000001742     0.618342251     0.000036250
    12.150000000     0.000001443     0.619437835     0.000031696
    12.160000000     0.000001190     0.620527270     0.000027883
    12.170000000     0.000000979     0.621610619     0.000024725
    12.180000000     0.000000801     0.622687944     0.000022145
    12.190000000     0.000000654     0.623759307     0.000020069
    12.200000000     0.000000531     0.624824767     0.000018435
    12.210000000     0.000000430     0.625884385     0.000017182
    12.220000000     0.000000347     0.626938217     0.000016258
    12.230000000     0.000000278     0.627986322     0.000015614
    12.240000000     0.000000223     0.629028754     0.000015207
    12.250000000     0.000000177     0.630065570     0.000014998
    12.260000000     0.000000141     0.631096823     0.000014950
    12.270000000     0.000000111     0.632122567     0.000015033
    12.280000000     0.000000088     0.633142855     0.000015217
    12.290000000     0.000000069     0.634157738     0.000015476
    12.300000000     0.000000054     0.635167267     0.000015787
    12.310000000     0.000000042     0.636171492     0.000016129
    12.320000000     0.000000032     0.637170462     0.000016483
    12.330000000     0.000000025     0.638164226     0.000016833
    12.340000000     0.000000019     0.639152832     0.000017163
    12.350000000     0.000000015     0.640136326     0.000017462
    12.360000000     0.000000011     0.641114754     0.000017718
    12.370000000     0.000000008     0.642088163     0.000017922
    12.380000000     0.000000006     0.643056598     0.000018067
    12.390000000     0.000000005     0.644020101     0.000018147
    12.400000000     0.000000004     0.644978718     0.000018157
    12.410000000     0.000000003     0.645932491     0.000018095
    12.420000000     0.000000002     0.646881462     0.000017959
    12.430000000     0.000000001     0.647825672     0.000017751
    12.440000000     0.000000001     0.648765164     0.000017471
    12.450000000     0.000000001     0.649699978     0.000017122
    12.460000000     0.000000001     0.650630153     0.000016707
    12.470000000     0.000000000     0.651555729     0.000016232
    12.480000000     0.000000000     0.652476745     0.000015701
    12.490000000     0.000000000     0.653393239     0.000015122
    12.500000000     0.000000000     0.654305249     0.000014499
    12.510000000     0.000000000     0.655212812     0.000013842
    12.520000000     0.000000000     0.656115965     0.000013155
    12.530000000     0.000000000     0.657014744     0.000012448
    12.540000000     0.000000000     0.657909185     0.000011727
    12.550000000     0.000000000     0.658799324     0.000010998
    12.560000000     0.000000000     0.659685195     0.000010269
    12.570000000     0.000000000     0.660566832     0.000009546
    12.580000000     0.000000000     0.661444270     0.000008835
    12.590000000     0.000000000     0.662317542     0.000008140
    12.600000000     0.000000000     0.663186681     0.000007467
    12.610000000     0.000000000     0.664051720     0.000006819
    12.620000000     0.000000000     0.664912692     0.000006200
    12.630000000     0.000000000     0.665769627     0.000005611
    12.640000000     0.000000000     0.666622558     0.000005057
    12.650000000     0.000000000     0.667471515     0.000004537
    12.660000000     0.000000000     0.668316530     0.000004052
    12.670000000     0.000000000     0.669157632     0.000003603
    12.680000000     0.000000000     0.669994852     0.000003190
    12.690000000     0.000000000     0.670828219     0.000002811
    12.700000000     0.000000000     0.671657762     0.000002466
    12.710000000     0.000000000     0.672483511     0.000002155
    12.720000000     0.000000000     0.673305493     0.000001874
    12.730000000     0.000000000     0.674123738     0.000001622
    12.740000000     0.000000000     0.674938272     0.000001398
    12.750000000     0.000000000     0.675749124     0.000001200
    12.760000000     0.000000000     0.676556320     0.000001025
    12.770000000     0.000000000     0.677359889     0.000000872
    12.780000000     0.000000000     0.678159855     0.000000738
    12.790000000     0.000000000     0.678956246     0.000000622
    12.800000000     0.000000000     0.679749088     0.000000522
    12.810000000     0.000000000     0.680538406     0.000000436
    12.820000000     0.000000000     0.681324226     0.000000363
    12.830000000     0.000000000     0.682106572     0.000000301
    12.840000000     0.000000000     0.682885471     0.000000248
    12.850000000     0.000000000     0.683660946     0.000000204
    12.860000000     0.000000000     0.684433021     0.000000166
    12.870000000     0.000000000     0.685201722     0.000000135
    12.880000000     0.000000000     0.685967071     0.000000110
    12.890000000     0.000000000     0.686729092     0.000000088
    12.900000000     0.000000000     0.687487809     0.000000071
    12.910000000     0.000000000     0.688243244     0.000000057
    12.920000000     0.000000000     0.688995420     0.000000045
    12.930000000     0.000000000     0.689744360     0.000000036
    12.940000000     0.000000000     0.690490087     0.000000028
    12.950000000     0.000000000     0.691232622     0.000000022
    12.960000000     0.000000000     0.691971986     0.000000017
    12.970000000     0.000000000     0.692708203     0.000000013
    12.980000000     0.000000000     0.693441293     0.000000010
    12.990000000     0.000000000     0.694171277     0.000000008
    13.000000000     0.000000000     0.694898176     0.000000006
    13.010000000     0.000000000     0.695622012     0.000000005
    13.020000000     0.000000000     0.696342804     0.000000004
    13.030000000     0.000000000     0.697060573     0.000000003
    13.040000000     0.000000000     0.697775340     0.000000002
    13.050000000     0.000000000     0.698487123     0.000000002
    13.060000000     0.000000000     0.699195943     0.000000001
    13.070000000     0.000000000     0.699901820     0.000000001
    13.080000000     0.000000000     0.700604772     0.000000001
    13.090000000     0.000000000     0.701304819     0.000000000
    13.100000000     0.000000000     0.702001979     0.000000000
    13.110000000     0.000000000     0.702696273     0.000000000
    13.120000000     0.000000000     0.703387717     0.000000000
    13.130000000     0.000000000     0.704076331     0.000000000
    13.140000000     0.000000000     0.704762133     0.000000000
    13.150000000     0.000000000     0.705445141     0.000000000
    13.160000000     0.000000000     0.706125373     0.000000000
    13.170000000     0.000000000     0.706802846     0.000000000
    13.180000000     0.000000000     0.707477578     0.000000000
    13.190000000     0.000000000     0.708149587     0.000000000
    13.200000000     0.000000000     0.708818889     0.000000000
    13.210000000     0.000000000     0.709485503     0.000000000
    13.220000000     0.000000000     0.710149444     0.000000000
    13.230000000     0.000000000     0.710810729     0.000000000
    13.240000000     0.000000000     0.711469376     0.000000000
    13.250000000     0.000000000     0.712125400     0.000000000
    13.260000000     0.000000000     0.712778817     0.000000000
    13.270000000     0.000000000     0.713429645     0.000000000
    13.280000000     0.000000000     0.714077899     0.000000000
    13.290000000     0.000000000     0.714723594     0.000000000
    13.300000000     0.000000000     0.715366747     0.000000000
    13.310000000     0.000000000     0.716007373     0.000000000
    13.320000000     0.000000000     0.716645488     0.000000000
    13.330000000     0.000000000     0.717281106     0.000000000
    13.340000000     0.000000000     0.717914244     0.000000000
    13.350000000     0.000000000     0.718544915     0.000000000
    13.360000000     0.000000000     0.719173135     0.000000000
    13.370000000     0.000000000     0.719798919     0.000000000
    13.380000000     0.000000000     0.720422281     0.000000000
    13.390000000     0.000000000     0.721043235     0.000000000
    13.400000000     0.000000000     0.721661797     0.000000000
    13.410000000     0.000000000     0.722277980     0.000000000
    13.420000000     0.000000000     0.722891799     0.000000000
    13.430000000     0.000000000     0.723503267     0.000000000
    13.440000000     0.000000000     0.724112399     0.000000000
    13.450000000     0.000000000     0.724719207     0.000000000
    13.460000000     0.000000000     0.725323707     0.000000000
    13.470000000     0.000000000     0.725925910     0.000000000
    13.480000000     0.000000000     0.726525832     0.000000000
    13.490000000     0.000000000     0.727123484     0.000000000
    13.500000000     0.000000000     0.727718881     0.000000000
    13.510000000     0.000000000     0.728312035     0.000000000
    13.520000000     0.000000000     0.728902959     0.000000000
    13.530000000     0.000000000     0.729491667     0.000000000
    13.540000000     0.000000000     0.730078170     0.000000000
    13.550000000     0.000000000     0.730662482     0.000000000
    13.560000000     0.000000000     0.731244614     0.000000000
    13.570000000     0.000000000     0.731824581     0.000000000
    13.580000000     0.000000000     0.732402393     0.000000000
    13.590000000     0.000000000     0.732978063     0.000000000
    13.600000000     0.000000000     0.733551604     0.000000000
    13.610000000     0.000000000     0.734123026     0.000000000
    13.620000000     0.000000000     0.734692343     0.000000000
    13.630000000     0.000000000     0.735259566     0.000000000
    13.640000000     0.000000000     0.735824707     0.000000000
    13.650000000     0.000000000     0.736387778     0.000000000
    13.660000000     0.000000000     0.736948789     0.000000000
    13.670000000     0.000000000     0.737507753     0.000000000
    13.680000000     0.000000000     0.738064680     0.000000000
    13.690000000     0.000000000     0.738619583     0.000000000
    13.700000000     0.000000000     0.739172472     0.000000000
    13.710000000     0.000000000     0.739723359     0.000000000
    13.720000000     0.000000000     0.740272254     0.000000000
    13.730000000     0.000000000     0.740819168     0.000000000
    13.740000000     0.000000000     0.741364113     0.000000000
    13.750000000     0.000000000     0.741907099     0.000000000
    13.760000000     0.000000000     0.742448137     0.000000000
    13.770000000     0.000000000     0.742987236     0.000000000
    13.780000000     0.000000000     0.743524409     0.000000000
    13.790000000     0.000000000     0.744059665     0.000000000
    13.800000000     0.000000000     0.744593015     0.000000000
    13.810000000     0.000000000     0.745124468     0.000000000
    13.820000000     0.000000000     0.745654036     0.000000000
    13.830000000     0.000000000     0.746181727     0.000000000
    13.840000000     0.000000000     0.746707554     0.000000000
    13.850000000     0.000000000     0.747231524     0.000000000
    13.860000000     0.000000000     0.747753648     0.000000000
    13.870000000     0.000000000     0.748273937     0.000000000
    13.880000000     0.000000000     0.748792399     0.000000000
    13.890000000     0.000000000     0.749309044     0.000000000
    13.900000000     0.000000000     0.749823883     0.000000000
    13.910000000     0.000000000     0.750336923     0.000000000
    13.920000000     0.000000000     0.750848176     0.000000000
    13.930000000     0.000000000     0.751357650     0.000000000
    13.940000000     0.000000000     0.751865355     0.000000000
    13.950000000     0.000000000     0.752371300     0.000000000
    13.960000000     0.000000000     0.752875494     0.000000000
    13.970000000     0.000000000     0.753377945     0.000000000
    13.980000000     0.000000000     0.753878665     0.000000000
    13.990000000     0.000000000     0.754377660     0.000000000
    14.000000000     0.000000000     0.754874940     0.000000000
