     0.000000000     0.000000000     2.062392892     0.000000000
     0.010000000     0.000000000     2.062397231     0.000000000
     0.020000000     0.000000000     2.062410247     0.000000000
     0.030000000     0.000000000     2.062431941     0.000000000
     0.040000000     0.000000000     2.062462316     0.000000000
     0.050000000     0.000000000     2.062501373     0.000000000
     0.060000000     0.000000000     2.062549115     0.000000000
     0.070000000     0.000000000     2.062605547     0.000000000
     0.080000000     0.000000000     2.062670672     0.000000000
     0.090000000     0.000000000     2.062744496     0.000000000
     0.100000000     0.000000000     2.062827024     0.000000000
     0.110000000     0.000000000     2.062918263     0.000000000
     0.120000000     0.000000000     2.063018219     0.000000000
     0.130000000     0.000000000     2.063126901     0.000000000
     0.140000000     0.000000000     2.063244317     0.000000000
     0.150000000     0.000000000     2.063370476     0.000000000
     0.160000000     0.000000000     2.063505388     0.000000000
     0.170000000     0.000000000     2.063649064     0.000000000
     0.180000000     0.000000000     2.063801514     0.000000000
     0.190000000     0.000000000     2.063962751     0.000000000
     0.200000000     0.000000000     2.064132786     0.000000000
     0.210000000     0.000000000     2.064311635     0.000000000
     0.220000000     0.000000000     2.064499309     0.000000000
     0.230000000     0.000000000     2.064695825     0.000000000
     0.240000000     0.000000000     2.064901198     0.000000000
     0.250000000     0.000000000     2.065115443     0.000000000
     0.260000000     0.000000000     2.065338578     0.000000000
     0.270000000     0.000000000     2.065570620     0.000000000
     0.280000000     0.000000000     2.065811588     0.000000000
     0.290000000     0.000000000     2.066061500     0.000000000
     0.300000000     0.000000000     2.066320377     0.000000000
     0.310000000     0.000000000     2.066588239     0.000000000
     0.320000000     0.000000000     2.066865108     0.000000000
     0.330000000     0.000000000     2.067151005     0.000000000
     0.340000000     0.000000000     2.067445953     0.000000000
     0.350000000     0.000000000     2.067749977     0.000000000
     0.360000000     0.000000000     2.068063100     0.000000000
     0.370000000     0.000000000     2.068385348     0.000000000
     0.380000000     0.000000000     2.068716747     0.000000000
     0.390000000     0.000000000     2.069057323     0.000000000
     0.400000000     0.000000000     2.069407105     0.000000000
     0.410000000     0.000000000     2.069766120     0.000000000
     0.420000000     0.000000000     2.070134398     0.000000000
     0.430000000     0.000000000     2.070511969     0.000000000
     0.440000000     0.000000000     2.070898864     0.000000000
     0.450000000     0.000000000     2.071295116     0.000000000
     0.460000000     0.000000000     2.071700755     0.000000000
     0.470000000     0.000000000     2.072115817     0.000000000
     0.480000000     0.000000000     2.072540336     0.000000000
     0.490000000     0.000000000     2.072974346     0.000000000
     0.500000000     0.000000000     2.073417885     0.000000000
     0.510000000     0.000000000     2.073870989     0.000000000
     0.520000000     0.000000000     2.074333697     0.000000000
     0.530000000     0.000000000     2.074806047     0.000000000
     0.540000000     0.000000000     2.075288079     0.000000000
     0.550000000     0.000000000     2.075779836     0.000000000
     0.560000000     0.000000000     2.076281357     0.000000000
     0.570000000     0.000000000     2.076792688     0.000000000
     0.580000000     0.000000000     2.077313870     0.000000000
     0.590000000     0.000000000     2.077844950     0.000000000
     0.600000000     0.000000000     2.078385974     0.000000000
     0.610000000     0.000000000     2.078936988     0.000000000
     0.620000000     0.000000000     2.079498040     0.000000000
     0.630000000     0.000000000     2.080069180     0.000000000
     0.640000000     0.000000000     2.080650459     0.000000000
     0.650000000     0.000000000     2.081241927     0.000000000
     0.660000000     0.000000000     2.081843638     0.000000000
     0.670000000     0.000000000     2.082455644     0.000000000
     0.680000000     0.000000000     2.083078001     0.000000000
     0.690000000     0.000000000     2.083710765     0.000000000
     0.700000000     0.000000000     2.084353993     0.000000000
     0.710000000     0.000000000     2.085007744     0.000000000
     0.720000000     0.000000000     2.085672078     0.000000000
     0.730000000     0.000000000     2.086347055     0.000000000
     0.740000000     0.000000000     2.087032739     0.000000000
     0.750000000     0.000000000     2.087729192     0.000000000
     0.760000000     0.000000000     2.088436479     0.000000000
     0.770000000     0.000000000     2.089154668     0.000000000
     0.780000000     0.000000000     2.089883825     0.000000000
     0.790000000     0.000000000     2.090624021     0.000000000
     0.800000000     0.000000000     2.091375325     0.000000000
     0.810000000     0.000000000     2.092137810     0.000000000
     0.820000000     0.000000000     2.092911549     0.000000000
     0.830000000     0.000000000     2.093696618     0.000000000
     0.840000000     0.000000000     2.094493093     0.000000000
     0.850000000     0.000000000     2.095301053     0.000000000
     0.860000000     0.000000000     2.096120576     0.000000000
     0.870000000     0.000000000     2.096951746     0.000000000
     0.880000000     0.000000000     2.097794645     0.000000000
     0.890000000     0.000000000     2.098649358     0.000000000
     0.900000000     0.000000000     2.099515971     0.000000000
     0.910000000     0.000000000     2.100394574     0.000000000
     0.920000000     0.000000000     2.101285257     0.000000000
     0.930000000     0.000000000     2.102188111     0.000000000
     0.940000000     0.000000000     2.103103231     0.000000000
     0.950000000     0.000000000     2.104030712     0.000000000
     0.960000000     0.000000000     2.104970654     0.000000000
     0.970000000     0.000000000     2.105923155     0.000000000
     0.980000000     0.000000000     2.106888319     0.000000000
     0.990000000     0.000000000     2.107866248     0.000000000
     1.000000000     0.000000000     2.108857051     0.000000000
     1.010000000     0.000000000     2.109860834     0.000000000
     1.020000000     0.000000000     2.110877710     0.000000000
     1.030000000     0.000000000     2.111907792     0.000000000
     1.040000000     0.000000000     2.112951194     0.000000000
     1.050000000     0.000000000     2.114008036     0.000000000
     1.060000000     0.000000000     2.115078438     0.000000000
     1.070000000     0.000000000     2.116162522     0.000000000
     1.080000000     0.000000000     2.117260415     0.000000000
     1.090000000     0.000000000     2.118372245     0.000000000
     1.100000000     0.000000000     2.119498143     0.000000000
     1.110000000     0.000000000     2.120638243     0.000000000
     1.120000000     0.000000000     2.121792682     0.000000000
     1.130000000     0.000000000     2.122961600     0.000000000
     1.140000000     0.000000000     2.124145139     0.000000000
     1.150000000     0.000000000     2.125343446     0.000000000
     1.160000000     0.000000000     2.126556669     0.000000000
     1.170000000     0.000000000     2.127784962     0.000000000
     1.180000000     0.000000000     2.129028479     0.000000000
     1.190000000     0.000000000     2.130287381     0.000000000
     1.200000000     0.000000000     2.131561829     0.000000000
     1.210000000     0.000000000     2.132851990     0.000000000
     1.220000000     0.000000000     2.134158035     0.000000000
     1.230000000     0.000000000     2.135480137     0.000000000
     1.240000000     0.000000000     2.136818474     0.000000000
     1.250000000     0.000000000     2.138173228     0.000000000
     1.260000000     0.000000000     2.139544585     0.000000000
     1.270000000     0.000000000     2.140932737     0.000000000
     1.280000000     0.000000000     2.142337876     0.000000000
     1.290000000     0.000000000     2.143760204     0.000000000
     1.300000000     0.000000000     2.145199923     0.000000000
     1.310000000     0.000000000     2.146657243     0.000000000
     1.320000000     0.000000000     2.148132377     0.000000000
     1.330000000     0.000000000     2.149625544     0.000000000
     1.340000000     0.000000000     2.151136969     0.000000000
     1.350000000     0.000000000     2.152666881     0.000000000
     1.360000000     0.000000000     2.154215514     0.000000000
     1.370000000     0.000000000     2.155783110     0.000000000
     1.380000000     0.000000000     2.157369915     0.000000000
     1.390000000     0.000000000     2.158976182     0.000000000
     1.400000000     0.000000000     2.160602170     0.000000000
     1.410000000     0.000000000     2.162248145     0.000000000
     1.420000000     0.000000000     2.163914378     0.000000000
     1.430000000     0.000000000     2.165601149     0.000000000
     1.440000000     0.000000000     2.167308745     0.000000000
     1.450000000     0.000000000     2.169037458     0.000000000
     1.460000000     0.000000000     2.170787590     0.000000000
     1.470000000     0.000000000     2.172559450     0.000000000
     1.480000000     0.000000000     2.174353355     0.000000000
     1.490000000     0.000000000     2.176169631     0.000000000
     1.500000000     0.000000000     2.178008611     0.000000000
     1.510000000     0.000000000     2.179870640     0.000000000
     1.520000000     0.000000000     2.181756069     0.000000000
     1.530000000     0.000000000     2.183665260     0.000000000
     1.540000000     0.000000000     2.185598586     0.000000000
     1.550000000     0.000000000     2.187556429     0.000000000
     1.560000000     0.000000000     2.189539181     0.000000000
     1.570000000     0.000000000     2.191547247     0.000000000
     1.580000000     0.000000000     2.193581041     0.000000000
     1.590000000     0.000000000     2.195640992     0.000000000
     1.600000000     0.000000000     2.197727538     0.000000000
     1.610000000     0.000000000     2.199841132     0.000000000
     1.620000000     0.000000000     2.201982238     0.000000000
     1.630000000     0.000000000     2.204151337     0.000000000
     1.640000000     0.000000000     2.206348921     0.000000000
     1.650000000     0.000000000     2.208575498     0.000000000
     1.660000000     0.000000000     2.210831592     0.000000000
     1.670000000     0.000000000     2.213117742     0.000000000
     1.680000000     0.000000000     2.215434503     0.000000000
     1.690000000     0.000000000     2.217782449     0.000000000
     1.700000000     0.000000000     2.220162170     0.000000000
     1.710000000     0.000000000     2.222574276     0.000000000
     1.720000000     0.000000001     2.225019394     0.000000000
     1.730000000     0.000000001     2.227498175     0.000000000
     1.740000000     0.000000001     2.230011287     0.000000000
     1.750000000     0.000000002     2.232559421     0.000000000
     1.760000000     0.000000003     2.235143292     0.000000000
     1.770000000     0.000000004     2.237763637     0.000000000
     1.780000000     0.000000006     2.240421218     0.000000000
     1.790000000     0.000000009     2.243116823     0.000000000
     1.800000000     0.000000014     2.245851266     0.000000000
     1.810000000     0.000000020     2.248625389     0.000000000
     1.820000000     0.000000029     2.251440063     0.000000000
     1.830000000     0.000000042     2.254296190     0.000000000
     1.840000000     0.000000060     2.257194702     0.000000000
     1.850000000     0.000000086     2.260136565     0.000000000
     1.860000000     0.000000123     2.263122779     0.000000000
     1.870000000     0.000000176     2.266154380     0.000000001
     1.880000000     0.000000249     2.269232441     0.000000001
     1.890000000     0.000000352     2.272358074     0.000000001
     1.900000000     0.000000495     2.275532434     0.000000002
     1.910000000     0.000000695     2.278756715     0.000000003
     1.920000000     0.000000970     2.282032158     0.000000003
     1.930000000     0.000001349     2.285360050     0.000000005
     1.940000000     0.000001870     2.288741726     0.000000006
     1.950000000     0.000002581     2.292178572     0.000000009
     1.960000000     0.000003549     2.295672028     0.000000012
     1.970000000     0.000004861     2.299223587     0.000000016
     1.980000000     0.000006632     2.302834804     0.000000021
     1.990000000     0.000009014     2.306507290     0.000000029
     2.000000000     0.000012203     2.310242722     0.000000038
     2.010000000     0.000016458     2.314042841     0.000000050
     2.020000000     0.000022111     2.317909459     0.000000066
     2.030000000     0.000029591     2.321844459     0.000000087
     2.040000000     0.000039448     2.325849797     0.000000113
     2.050000000     0.000052385     2.329927509     0.000000147
     2.060000000     0.000069297     2.334079711     0.000000190
     2.070000000     0.000091315     2.338308606     0.000000246
     2.080000000     0.000119862     2.342616481     0.000000316
     2.090000000     0.000156725     2.347005716     0.000000404
     2.100000000     0.000204130     2.351478787     0.000000514
     2.110000000     0.000264841     2.356038265     0.000000653
     2.120000000     0.000342274     2.360686824     0.000000825
     2.130000000     0.000440624     2.365427239     0.000001039
     2.140000000     0.000565023     2.370262394     0.000001302
     2.150000000     0.000721713     2.375195282     0.000001626
     2.160000000     0.000918250     2.380229006     0.000002023
     2.170000000     0.001163729     2.385366781     0.000002507
     2.180000000     0.001469042     2.390611936     0.000003095
     2.190000000     0.001847161     2.395967911     0.000003805
     2.200000000     0.002313448     2.401438260     0.000004661
     2.210000000     0.002885997     2.407026643     0.000005689
     2.220000000     0.003585993     2.412736823     0.000006918
     2.230000000     0.004438094     2.418572661     0.000008381
     2.240000000     0.005470833     2.424538104     0.000010119
     2.250000000     0.006717014     2.430637169     0.000012173
     2.260000000     0.008214120     2.436873932     0.000014595
     2.270000000     0.010004696     2.443252499     0.000017440
     2.280000000     0.012136705     2.449776977     0.000020771
     2.290000000     0.014663841     2.456451441     0.000024660
     2.300000000     0.017645776     2.463279884     0.000029185
     2.310000000     0.021148319     2.470266158     0.000034438
     2.320000000     0.025243468     2.477413904     0.000040517
     2.330000000     0.030009329     2.484726460     0.000047535
     2.340000000     0.035529878     2.492206752     0.000055618
     2.350000000     0.041894536     2.499857158     0.000064908
     2.360000000     0.049197547     2.507679342     0.000075562
     2.370000000     0.057537113     2.515674049     0.000087758
     2.380000000     0.067014298     2.523840861     0.000101694
     2.390000000     0.077731664     2.532177891     0.000117595
     2.400000000     0.089791635     2.540681424     0.000135710
     2.410000000     0.103294606     2.549345468     0.000156323
     2.420000000     0.118336778     2.558161227     0.000179750
     2.430000000     0.135007761     2.567116463     0.000206346
     2.440000000     0.153387958     2.576194730     0.000236512
     2.450000000     0.173545780     2.585374468     0.000270695
     2.460000000     0.195534733     2.594627940     0.000309396
     2.470000000     0.219390453     2.603919976     0.000353173
     2.480000000     0.245127747     2.613206537     0.000402648
     2.490000000     0.272737735     2.622433056     0.000458510
     2.500000000     0.302185177     2.631532585     0.000521520
     2.510000000     0.333406077     2.640423740     0.000592515
     2.520000000     0.366305676     2.649008473     0.000672409
     2.530000000     0.400756908     2.657169722     0.000762196
     2.540000000     0.436599436     2.664768995     0.000862948
     2.550000000     0.473639332     2.671643961     0.000975817
     2.560000000     0.511649483     2.677606156     0.001102023
     2.570000000     0.550370783     2.682438904     0.001242857
     2.580000000     0.589514130     2.685895615     0.001399662
     2.590000000     0.628763269     2.687698706     0.001573825
     2.600000000     0.667778438     2.687539556     0.001766761
     2.610000000     0.706200812     2.685080165     0.001979889
     2.620000000     0.743657653     2.679957556     0.002214611
     2.630000000     0.779768095     2.671792305     0.002472287
     2.640000000     0.814149432     2.660202809     0.002754197
     2.650000000     0.846423790     2.644826782     0.003061512
     2.660000000     0.876224999     2.625350810     0.003395257
     2.670000000     0.903205518     2.601547441     0.003756268
     2.680000000     0.927043216     2.573317397     0.004145153
     2.690000000     0.947447830     2.540732195     0.004562252
     2.700000000     0.964166931     2.504070465     0.005007589
     2.710000000     0.976991201     2.463840152     0.005480841
     2.720000000     0.985758896     2.420779238     0.005981293
     2.730000000     0.990359353     2.375830085     0.006507807
     2.740000000     0.990735421     2.330086692     0.007058795
     2.750000000     0.986884769     2.284719487     0.007632195
     2.760000000     0.978860011     2.240887260     0.008225460
     2.770000000     0.966767654     2.199649220     0.008835551
     2.780000000     0.950765894     2.161890495     0.009458943
     2.790000000     0.931061332     2.128271567     0.010091642
     2.800000000     0.907904706     2.099206777     0.010729213
     2.810000000     0.881585766     2.074870980     0.011366818
     2.820000000     0.852427435     2.055228480     0.011999270
     2.830000000     0.820779440     2.040075703     0.012621092
     2.840000000     0.787011567     2.029088920     0.013226591
     2.850000000     0.751506751     2.021869956     0.013809942
     2.860000000     0.714654163     2.017985367     0.014365275
     2.870000000     0.676842476     2.016996994     0.014886772
     2.880000000     0.638453472     2.018483726     0.015368768
     2.890000000     0.599856133     2.022055492     0.015805848
     2.900000000     0.561401331     2.027361025     0.016192954
     2.910000000     0.523417222     2.034091027     0.016525474
     2.920000000     0.486205402     2.041978174     0.016799339
     2.930000000     0.450037875     2.050795102     0.017011100
     2.940000000     0.415154841     2.060351218     0.017158004
     2.950000000     0.381763297     2.070488881     0.017238051
     2.960000000     0.350036414     2.081079354     0.017250033
     2.970000000     0.320113636     2.092018728     0.017193572
     2.980000000     0.292101431     2.103223976     0.017069121
     2.990000000     0.266074613     2.114629229     0.016877965
     3.000000000     0.242078136     2.126182342     0.016622195
     3.010000000     0.220129278     2.137841829     0.016304670
     3.020000000     0.200220107     2.149574188     0.015928962
     3.030000000     0.182320135     2.161351672     0.015499287
     3.040000000     0.166379088     2.173150479     0.015020423
     3.050000000     0.152329694     2.184949349     0.014497624
     3.060000000     0.140090435     2.196728495     0.013936516
     3.070000000     0.129568188     2.208468789     0.013342999
     3.080000000     0.120660733     2.220151129     0.012723141
     3.090000000     0.113259067     2.231755903     0.012083070
     3.100000000     0.107249519     2.243262493     0.011428878
     3.110000000     0.102515643     2.254648809     0.010766522
     3.120000000     0.098939890     2.265890823     0.010101733
     3.130000000     0.096405053     2.276962162     0.009439941
     3.140000000     0.094795512     2.287833797     0.008786202
     3.150000000     0.093998273     2.298473939     0.008145143
     3.160000000     0.093903829     2.308848250     0.007520916
     3.170000000     0.094406862     2.318920518     0.006917164
     3.180000000     0.095406805     2.328653963     0.006337004
     3.190000000     0.096808274     2.338013310     0.005783016
     3.200000000     0.098521405     2.346967707     0.005257247
     3.210000000     0.100462097     2.355494439     0.004761227
     3.220000000     0.102552181     2.363583172     0.004295988
     3.230000000     0.104719528     2.371240214     0.003862098
     3.240000000     0.106898108     2.378491995     0.003459692
     3.250000000     0.109027995     2.385386838     0.003088524
     3.260000000     0.111055345     2.391994130     0.002747999
     3.270000000     0.112932332     2.398400399     0.002437231
     3.280000000     0.114617056     2.404702426     0.002155085
     3.290000000     0.116073425     2.410998286     0.001900225
     3.300000000     0.117271009     2.417377811     0.001671161
     3.310000000     0.118184872     2.423914166     0.001466289
     3.320000000     0.118795382     2.430657978     0.001283936
     3.330000000     0.119088005     2.437634813     0.001122391
     3.340000000     0.119053071     2.444846108     0.000979942
     3.350000000     0.118685543     2.452273025     0.000854898
     3.360000000     0.117984753     2.459882415     0.000745621
     3.370000000     0.116954146     2.467633967     0.000650538
     3.380000000     0.115601007     2.475487697     0.000568159
     3.390000000     0.113936187     2.483411048     0.000497091
     3.400000000     0.111973823     2.491384893     0.000436042
     3.410000000     0.109731068     2.499407805     0.000383827
     3.420000000     0.107227813     2.507497990     0.000339374
     3.430000000     0.104486424     2.515692515     0.000301716
     3.440000000     0.101531478     2.524043816     0.000269996
     3.450000000     0.098389517     2.532613997     0.000243460
     3.460000000     0.095088805     2.541467887     0.000221450
     3.470000000     0.091659108     2.550666118     0.000203402
     3.480000000     0.088131487     2.560259414     0.000188837
     3.490000000     0.084538107     2.570284894     0.000177353
     3.500000000     0.080912076     2.580764686     0.000168621
     3.510000000     0.077287298     2.591706604     0.000162375
     3.520000000     0.073698371     2.603106298     0.000158409
     3.530000000     0.070180497     2.614950206     0.000156567
     3.540000000     0.066769441     2.627218660     0.000156738
     3.550000000     0.063501519     2.639888726     0.000158854
     3.560000000     0.060413626     2.652936515     0.000162884
     3.570000000     0.057543298     2.666338884     0.000168827
     3.580000000     0.054928817     2.680074569     0.000176715
     3.590000000     0.052609347     2.694124830     0.000186610
     3.600000000     0.050625102     2.708473720     0.000198599
     3.610000000     0.049017541     2.723108104     0.000212799
     3.620000000     0.047829572     2.738017490     0.000229356
     3.630000000     0.047105776     2.753193787     0.000248447
     3.640000000     0.046892615     2.768631014     0.000270284
     3.650000000     0.047238631     2.784325015     0.000295117
     3.660000000     0.048194602     2.800273223     0.000323241
     3.670000000     0.049813664     2.816474466     0.000355000
     3.680000000     0.052151354     2.832928857     0.000390798
     3.690000000     0.055265581     2.849637732     0.000431102
     3.700000000     0.059216501     2.866603649     0.000476457
     3.710000000     0.064066275     2.883830382     0.000527493
     3.720000000     0.069878717     2.901322862     0.000584935
     3.730000000     0.076718800     2.919086991     0.000649618
     3.740000000     0.084652038     2.937129256     0.000722496
     3.750000000     0.093743729     2.955456093     0.000804655
     3.760000000     0.104058063     2.974073002     0.000897327
     3.770000000     0.115657119     2.992983453     0.001001899
     3.780000000     0.128599749     3.012187690     0.001119927
     3.790000000     0.142940385     3.031681526     0.001253144
     3.800000000     0.158727775     3.051455225     0.001403473
     3.810000000     0.176003713     3.071492517     0.001573027
     3.820000000     0.194801755     3.091769701     0.001764120
     3.830000000     0.215146003     3.112254783     0.001979268
     3.840000000     0.237049961     3.132906533     0.002221181
     3.850000000     0.260515532     3.153673332     0.002492767
     3.860000000     0.285532189     3.174491760     0.002797114
     3.870000000     0.312076344     3.195284878     0.003137480
     3.880000000     0.340110987     3.215960298     0.003517271
     3.890000000     0.369585582     3.236408229     0.003940016
     3.900000000     0.400436284     3.256499829     0.004409336
     3.910000000     0.432586468     3.276086277     0.004928906
     3.920000000     0.465947588     3.294999051     0.005502413
     3.930000000     0.500420364     3.313051901     0.006133508
     3.940000000     0.535896287     3.330044914     0.006825753
     3.950000000     0.572259412     3.345770956     0.007582561
     3.960000000     0.609388419     3.360024543     0.008407135
     3.970000000     0.647158892     3.372612967     0.009302405
     3.980000000     0.685445777     3.383369166     0.010270960
     3.990000000     0.724125947     3.392165563     0.011314983
     4.000000000     0.763080834     3.398927780     0.012436184
     4.010000000     0.802199049     3.403646892     0.013635739
     4.020000000     0.841378920     3.406388689     0.014914231
     4.030000000     0.880530903     3.407298262     0.016271596
     4.040000000     0.919579771     3.406598370     0.017707082
     4.050000000     0.958466546     3.404580354     0.019219210
     4.060000000     0.997150106     3.401587206     0.020805753
     4.070000000     1.035608418     3.397989522     0.022463720
     4.080000000     1.073839351     3.394156503     0.024189356
     4.090000000     1.111861054     3.390425424     0.025978158
     4.100000000     1.149711847     3.387073815     0.027824900
     4.110000000     1.187449631     3.384298542     0.029723672
     4.120000000     1.225150800     3.382204956     0.031667939
     4.130000000     1.262908671     3.380807463     0.033650602
     4.140000000     1.300831426     3.380040746     0.035664078
     4.150000000     1.339039608     3.379778989     0.037700386
     4.160000000     1.377663195     3.379859274     0.039751243
     4.170000000     1.416838291     3.380105026     0.041808158
     4.180000000     1.456703494     3.380346002     0.043862544
     4.190000000     1.497395993     3.380432597     0.045905814
     4.200000000     1.539047462     3.380243857     0.047929486
     4.210000000     1.581779845     3.379690124     0.049925283
     4.220000000     1.625701088     3.378712234     0.051885222
     4.230000000     1.670900948     3.377279363     0.053801700
     4.240000000     1.717446951     3.375386907     0.055667572
     4.250000000     1.765380617     3.373054485     0.057476210
     4.260000000     1.814714066     3.370322854     0.059221563
     4.270000000     1.865427105     3.367247734     0.060898196
     4.280000000     1.917464912     3.363888744     0.062501322
     4.290000000     1.970736417     3.360292682     0.064026823
     4.300000000     2.025113485     3.356472007     0.065471262
     4.310000000     2.080430965     3.352380970     0.066831886
     4.320000000     2.136487688     3.347892900     0.068106617
     4.330000000     2.193048448     3.342782478     0.069294049
     4.340000000     2.249846993     3.336716312     0.070393428
     4.350000000     2.306590004     3.329254135     0.071404637
     4.360000000     2.362962034     3.319861619     0.072328179
     4.370000000     2.418631332     3.307934610     0.073165154
     4.380000000     2.473256439     3.292833483     0.073917244
     4.390000000     2.526493426     3.273925529     0.074586694
     4.400000000     2.578003603     3.250632652     0.075176290
     4.410000000     2.627461501     3.222481067     0.075689347
     4.420000000     2.674562915     3.189149271     0.076129687
     4.430000000     2.719032782     3.150510188     0.076501618
     4.440000000     2.760632636     3.106663322     0.076809916
     4.450000000     2.799167431     3.057953065     0.077059790
     4.460000000     2.834491471     3.004970087     0.077256859
     4.470000000     2.866513261     2.948533987     0.077407107
     4.480000000     2.895199079     2.889657018     0.077516837
     4.490000000     2.920575124     2.829490692     0.077592622
     4.500000000     2.942728119     2.769259176     0.077641235
     4.510000000     2.961804323     2.710185459     0.077669585
     4.520000000     2.978006917     2.653417836     0.077684630
     4.530000000     2.991591814     2.599964734     0.077693302
     4.540000000     3.002861972     2.550644920     0.077702404
     4.550000000     3.012160352     2.506057591     0.077718526
     4.560000000     3.019861704     2.466573239     0.077747943
     4.570000000     3.026363396     2.432342483     0.077796524
     4.580000000     3.032075535     2.403317229     0.077869642
     4.590000000     3.037410674     2.379277388     0.077972091
     4.600000000     3.042773363     2.359857096     0.078108010
     4.610000000     3.048549859     2.344566625     0.078280825
     4.620000000     3.055098266     2.332809033     0.078493199
     4.630000000     3.062739376     2.323893237     0.078747003
     4.640000000     3.071748445     2.317046667     0.079043298
     4.650000000     3.082348130     2.311430839     0.079382339
     4.660000000     3.094702736     2.306162118     0.079763600
     4.670000000     3.108913913     2.300338306     0.080185807
     4.680000000     3.125017883     2.293070090     0.080646997
     4.690000000     3.142984230     2.283515452     0.081144590
     4.700000000     3.162716244     2.270914927     0.081675465
     4.710000000     3.184052768     2.254625934     0.082236061
     4.720000000     3.206771462     2.234154647     0.082822477
     4.730000000     3.230593352     2.209183516     0.083430577
     4.740000000     3.255188525     2.179591513     0.084056102
     4.750000000     3.280182797     2.145462984     0.084694776
     4.760000000     3.305165169     2.107080631     0.085342412
     4.770000000     3.329695887     2.064899421     0.085995015
     4.780000000     3.353314906     2.019501239     0.086648866
     4.790000000     3.375550589     1.971534139     0.087300608
     4.800000000     3.395928438     1.921643740     0.087947314
     4.810000000     3.413979719     1.870406586     0.088586543
     4.820000000     3.429249814     1.818275403     0.089216384
     4.830000000     3.441306170     1.765544343     0.089835480
     4.840000000     3.449745728     1.712338913     0.090443050
     4.850000000     3.454201739     1.658631163     0.091038884
     4.860000000     3.454349870     1.604276764     0.091623332
     4.870000000     3.449913544     1.549067514     0.092197281
     4.880000000     3.440668452     1.492791317     0.092762115
     4.890000000     3.426446192     1.435291668     0.093319671
     4.900000000     3.407137017     1.376519946     0.093872180
     4.910000000     3.382691648     1.316575506     0.094422207
     4.920000000     3.353122159     1.255730137     0.094972570
     4.930000000     3.318501928     1.194434608     0.095526273
     4.940000000     3.278964643     1.133306043     0.096086416
     4.950000000     3.234702401     1.073096262     0.096656111
     4.960000000     3.185962909     1.014643367     0.097238396
     4.970000000     3.133045828     0.958811490     0.097836143
     4.980000000     3.076298313     0.906425962     0.098451973
     4.990000000     3.016109799     0.858212285     0.099088164
     5.000000000     2.952906113     0.814746648     0.099746571
     5.010000000     2.887142999     0.776423454     0.100428545
     5.020000000     2.819299155     0.743442350     0.101134859
     5.030000000     2.749868892     0.715814248     0.101865643
     5.040000000     2.679354543     0.693383730     0.102620329
     5.050000000     2.608258753     0.675863803     0.103397604
     5.060000000     2.537076789     0.662878273     0.104195378
     5.070000000     2.466289023     0.654006522     0.105010764
     5.080000000     2.396353723     0.648825289     0.105840077
     5.090000000     2.327700311     0.646942286     0.106678847
     5.100000000     2.260723207     0.648017487     0.107521852
     5.110000000     2.195776413     0.651769833     0.108363163
     5.120000000     2.133168927     0.657969645     0.109196219
     5.130000000     2.073161107     0.666419700     0.110013908
     5.140000000     2.015962047     0.676929789     0.110808674
     5.150000000     1.961728034     0.689290273     0.111572639
     5.160000000     1.910562106     0.703249475     0.112297736
     5.170000000     1.862514718     0.718498208     0.112975863
     5.180000000     1.817585495     0.734662989     0.113599035
     5.190000000     1.775726019     0.751308074     0.114159560
     5.200000000     1.736843562     0.767945550     0.114650202
     5.210000000     1.700805684     0.784052429     0.115064358
     5.220000000     1.667445538     0.799093620     0.115396221
     5.230000000     1.636567772     0.812549649     0.115640947
     5.240000000     1.607954833     0.823947910     0.115794800
     5.250000000     1.581373531     0.832895834     0.115855289
     5.260000000     1.556581666     0.839113850     0.115821288
     5.270000000     1.533334544     0.842465257     0.115693126
     5.280000000     1.511391222     0.842979394     0.115472661
     5.290000000     1.490520300     0.840864011     0.115163328
     5.300000000     1.470505131     0.836502893     0.114770151
     5.310000000     1.451148315     0.830435998     0.114299735
     5.320000000     1.432275374     0.823321829     0.113760222
     5.330000000     1.413737544     0.815885164     0.113161221
     5.340000000     1.395413624     0.808856697     0.112513708
     5.350000000     1.377210884     0.802913351     0.111829899
     5.360000000     1.359065046     0.798628114     0.111123098
     5.370000000     1.340939382     0.796435995     0.110407523
     5.380000000     1.322823004     0.796618925     0.109698108
     5.390000000     1.304728461     0.799308405     0.109010293
     5.400000000     1.286688746     0.804501647     0.108359800
     5.410000000     1.268753862     0.812085575     0.107762391
     5.420000000     1.250987092     0.821863212     0.107233631
     5.430000000     1.233461123     0.833578393     0.106788641
     5.440000000     1.216254178     0.846936469     0.106441853
     5.450000000     1.199446297     0.861620380     0.106206769
     5.460000000     1.183115905     0.877302642     0.106095732
     5.470000000     1.167336772     0.893654383     0.106119702
     5.480000000     1.152175475     0.910352645     0.106288054
     5.490000000     1.137689421     0.927086945     0.106608386
     5.500000000     1.123925480     0.943565746     0.107086354
     5.510000000     1.110919254     0.959523160     0.107725528
     5.520000000     1.098694972     0.974725941     0.108527276
     5.530000000     1.087265969     0.988980646     0.109490673
     5.540000000     1.076635722     1.002140632     0.110612445
     5.550000000     1.066799343     1.014112388     0.111886946
     5.560000000     1.057745453     1.024860528     0.113306166
     5.570000000     1.049458337     1.034410701     0.114859777
     5.580000000     1.041920263     1.042849695     0.116535218
     5.590000000     1.035113866     1.050322136     0.118317815
     5.600000000     1.029024477     1.057023471     0.120190939
     5.610000000     1.023642300     1.063189274     0.122136198
     5.620000000     1.018964336     1.069081338     0.124133673
     5.630000000     1.014995980     1.074971526     0.126162175
     5.640000000     1.011752223     1.081124743     0.128199546
     5.650000000     1.009258401     1.087782618     0.130222976
     5.660000000     1.007550476     1.095149477     0.132209350
     5.670000000     1.006674818     1.103381817     0.134135615
     5.680000000     1.006687513     1.112581970     0.135979149
     5.690000000     1.007653201     1.122796053     0.137718152
     5.700000000     1.009643494     1.134015804     0.139332026
     5.710000000     1.012735032     1.146183659     0.140801753
     5.720000000     1.017007217     1.159200293     0.142110257
     5.730000000     1.022539731     1.172933912     0.143242751
     5.740000000     1.029409880     1.187230508     0.144187045
     5.750000000     1.037689882     1.201924310     0.144933833
     5.760000000     1.047444150     1.216847503     0.145476927
     5.770000000     1.058726670     1.231838270     0.145813451
     5.780000000     1.071578544     1.246746266     0.145943984
     5.790000000     1.086025763     1.261434932     0.145872641
     5.800000000     1.102077282     1.275780455     0.145607105
     5.810000000     1.119723435     1.289667832     0.145158590
     5.820000000     1.138934748     1.302984959     0.144541745
     5.830000000     1.159661163     1.315616110     0.143774504
     5.840000000     1.181831705     1.327436215     0.142877867
     5.850000000     1.205354592     1.338307138     0.141875629
     5.860000000     1.230117788     1.348076640     0.140794063
     5.870000000     1.255989980     1.356580212     0.139661544
     5.880000000     1.282821954     1.363645502     0.138508141
     5.890000000     1.310448349     1.369098874     0.137365172
     5.900000000     1.338689724     1.372773615     0.136264730
     5.910000000     1.367354914     1.374519312     0.135239193
     5.920000000     1.396243613     1.374211837     0.134320722
     5.930000000     1.425149120     1.371763201     0.133540754
     5.940000000     1.453861206     1.367130319     0.132929507
     5.950000000     1.482169031     1.360321665     0.132515496
     5.960000000     1.509864061     1.351400879     0.132325075
     5.970000000     1.536742917     1.340486629     0.132382007
     5.980000000     1.562610124     1.327748281     0.132707080
     5.990000000     1.587280682     1.313397171     0.133317758
     6.000000000     1.610582447     1.297673673     0.134227899
     6.010000000     1.632358258     1.280830852     0.135447517
     6.020000000     1.652467790     1.263116418     0.136982616
     6.030000000     1.670789103     1.244755541     0.138835083
     6.040000000     1.687219872     1.225937568     0.141002658
     6.050000000     1.701678282     1.206809251     0.143478967
     6.060000000     1.714103577     1.187475786     0.146253628
     6.070000000     1.724456273     1.168009145     0.149312427
     6.080000000     1.732718030     1.148461355     0.152637559
     6.090000000     1.738891205     1.128879319     0.156207938
     6.100000000     1.742998090     1.109317743     0.159999559
     6.110000000     1.745079865     1.089847639     0.163985924
     6.120000000     1.745195285     1.070559404     0.168138499
     6.130000000     1.743419132     1.051561003     0.172427231
     6.140000000     1.739840464     1.032972825     0.176821073
     6.150000000     1.734560688     1.014921097     0.181288549
     6.160000000     1.727691507     0.997531385     0.185798314
     6.170000000     1.719352759     0.980922959     0.190319725
     6.180000000     1.709670205     0.965204058     0.194823395
     6.190000000     1.698773298     0.950467683     0.199281732
     6.200000000     1.686792973     0.936787503     0.203669432
     6.210000000     1.673859495     0.924213826     0.207963953
     6.220000000     1.660100409     0.912769988     0.212145915
     6.230000000     1.645638633     0.902449823     0.216199453
     6.240000000     1.630590712     0.893216950     0.220112506
     6.250000000     1.615065284     0.885006371     0.223877024
     6.260000000     1.599161779     0.877728455     0.227489105
     6.270000000     1.582969368     0.871274941     0.230949049
     6.280000000     1.566566194     0.865526182     0.234261336
     6.290000000     1.550018885     0.860358602     0.237434515
     6.300000000     1.533382370     0.855651320     0.240481025
     6.310000000     1.516699978     0.851291058     0.243416929
     6.320000000     1.500003843     0.847174844     0.246261587
     6.330000000     1.483315565     0.843210549     0.249037262
     6.340000000     1.466647142     0.839315852     0.251768668
     6.350000000     1.450002117     0.835416646     0.254482471
     6.360000000     1.433376933     0.831446062     0.257206756
     6.370000000     1.416762435     0.827345044     0.259970455
     6.380000000     1.400145490     0.823064900     0.262802771
     6.390000000     1.383510685     0.818571595     0.265732580
     6.400000000     1.366842041     0.813850938     0.268787851
     6.410000000     1.350124703     0.808913533     0.271995064
     6.420000000     1.333346567     0.803798312     0.275378672
     6.430000000     1.316499785     0.798573803     0.278960572
     6.440000000     1.299582118     0.793336637     0.282759647
     6.450000000     1.282598094     0.788207343     0.286791331
     6.460000000     1.265559940     0.783323788     0.291067260
     6.470000000     1.248488276     0.778832976     0.295594964
     6.480000000     1.231412526     0.774882076     0.300377650
     6.490000000     1.214371065     0.771609602     0.305414043
     6.500000000     1.197411085     0.769137599     0.310698320
     6.510000000     1.180588179     0.767565502     0.316220111
     6.520000000     1.163965671     0.766966043     0.321964594
     6.530000000     1.147613698     0.767383316     0.327912654
     6.540000000     1.131608072     0.768832850     0.334041134
     6.550000000     1.116028957     0.771303334     0.340323153
     6.560000000     1.100959390     0.774759575     0.346728497
     6.570000000     1.086483678     0.779146184     0.353224066
     6.580000000     1.072685731     0.784391596     0.359774392
     6.590000000     1.059647342     0.790412092     0.366342190
     6.600000000     1.047446484     0.797115656     0.372888957
     6.610000000     1.036155640     0.804405577     0.379375597
     6.620000000     1.025840222     0.812183726     0.385763064
     6.630000000     1.016557098     0.820353430     0.392013010
     6.640000000     1.008353274     0.828821750     0.398088430
     6.650000000     1.001264745     0.837500962     0.403954286
     6.660000000     0.995315549     0.846309034     0.409578105
     6.670000000     0.990517037     0.855169040     0.414930529
     6.680000000     0.986867370     0.864007595     0.419985824
     6.690000000     0.984351267     0.872752632     0.424722317
     6.700000000     0.982939982     0.881330955     0.429122764
     6.710000000     0.982591536     0.889666118     0.433174642
     6.720000000     0.983251176     0.897677089     0.436870354
     6.730000000     0.984852069     0.905278079     0.440207345
     6.740000000     0.987316197     0.912379671     0.443188121
     6.750000000     0.990555455     0.918891232     0.445820182
     6.760000000     0.994472911     0.924724322     0.448115860
     6.770000000     0.998964218     0.929796726     0.450092061
     6.780000000     1.003919134     0.934036588     0.451769936
     6.790000000     1.009223144     0.937386192     0.453174460
     6.800000000     1.014759124     0.939804983     0.454333952
     6.810000000     1.020409044     0.941271653     0.455279530
     6.820000000     1.026055648     0.941785262     0.456044517
     6.830000000     1.031584111     0.941365515     0.456663814
     6.840000000     1.036883621     0.940052376     0.457173243
     6.850000000     1.041848865     0.937905129     0.457608880
     6.860000000     1.046381390     0.935000911     0.458006393
     6.870000000     1.050390830     0.931432659     0.458400390
     6.880000000     1.053795957     0.927306370     0.458823797
     6.890000000     1.056525566     0.922737699     0.459307267
     6.900000000     1.058519161     0.917848005     0.459878649
     6.910000000     1.059727458     0.912760156     0.460562507
     6.920000000     1.060112683     0.907594439     0.461379707
     6.930000000     1.059648681     0.902464924     0.462347077
     6.940000000     1.058320842     0.897476503     0.463477149
     6.950000000     1.056125845     0.892722665     0.464777972
     6.960000000     1.053071252     0.888283904     0.466253022
     6.970000000     1.049174946     0.884226603     0.467901186
     6.980000000     1.044464459     0.880602319     0.469716825
     6.990000000     1.038976178     0.877447488     0.471689930
     7.000000000     1.032754486     0.874783724     0.473806337
     7.010000000     1.025850826     0.872618873     0.476048023
     7.020000000     1.018322729     0.870948908     0.478393460
     7.030000000     1.010232821     0.869760539     0.480818025
     7.040000000     1.001647815     0.869034255     0.483294465
     7.050000000     0.992637517     0.868747394     0.485793392
     7.060000000     0.983273849     0.868876829     0.488283815
     7.070000000     0.973629903     0.869400990     0.490733694
     7.080000000     0.963779032     0.870301114     0.493110501
     7.090000000     0.953793974     0.871561772     0.495381793
     7.100000000     0.943746035     0.873170918     0.497515766
     7.110000000     0.933704299     0.875119709     0.499481808
     7.120000000     0.923734897     0.877402324     0.501251016
     7.130000000     0.913900311     0.880015869     0.502796686
     7.140000000     0.904258718     0.882960306     0.504094763
     7.150000000     0.894863389     0.886238227     0.505124240
     7.160000000     0.885762113     0.889854276     0.505867508
     7.170000000     0.876996675     0.893814075     0.506310639
     7.180000000     0.868602380     0.898122646     0.506443612
     7.190000000     0.860607626     0.902782444     0.506260464
     7.200000000     0.853033534     0.907791232     0.505759372
     7.210000000     0.845893652     0.913140042     0.504942666
     7.220000000     0.839193724     0.918811468     0.503816758
     7.230000000     0.832931559     0.924778475     0.502392013
     7.240000000     0.827096991     0.931003821     0.500682534
     7.250000000     0.821671952     0.937440135     0.498705895
     7.260000000     0.816630666     0.944030624     0.496482801
     7.270000000     0.811939971     0.950710349     0.494036695
     7.280000000     0.807559788     0.957408011     0.491393324
     7.290000000     0.803443716     0.964048156     0.488580250
     7.300000000     0.799539790     0.970553729     0.485626344
     7.310000000     0.795791362     0.976848896     0.482561250
     7.320000000     0.792138133     0.982862027     0.479414842
     7.330000000     0.788517293     0.988528757     0.476216680
     7.340000000     0.784864784     0.993795026     0.472995475
     7.350000000     0.781116641     0.998619997     0.469778576
     7.360000000     0.777210407     1.002978709     0.466591492
     7.370000000     0.773086584     1.006864294     0.463457445
     7.380000000     0.768690101     1.010289575     0.460396982
     7.390000000     0.763971756     1.013287892     0.457427637
     7.400000000     0.758889620     1.015913072     0.454563658
     7.410000000     0.753410346     1.018238564     0.451815798
     7.420000000     0.747510385     1.020355825     0.449191177
     7.430000000     0.741177054     1.022372049     0.446693220
     7.440000000     0.734409442     1.024407296     0.444321657
     7.450000000     0.727219141     1.026591041     0.442072605
     7.460000000     0.719630775     1.029058153     0.439938704
     7.470000000     0.711682310     1.031944354     0.437909326
     7.480000000     0.703425164     1.035381331     0.435970839
     7.490000000     0.694924085     1.039491803     0.434106918
     7.500000000     0.686256817     1.044384899     0.432298905
     7.510000000     0.677513568     1.050152279     0.430526197
     7.520000000     0.668796278     1.056865299     0.428766675
     7.530000000     0.660217707     1.064573413     0.426997136
     7.540000000     0.651900379     1.073303796     0.425193745
     7.550000000     0.643975372     1.083062031     0.423332485
     7.560000000     0.636581008     1.093833605     0.421389603
     7.570000000     0.629861443     1.105585909     0.419342038
     7.580000000     0.623965184     1.118270517     0.417167828
     7.590000000     0.619043562     1.131825561     0.414846491
     7.600000000     0.615249161     1.146178131     0.412359370
     7.610000000     0.612734234     1.161246669     0.409689938
     7.620000000     0.611649111     1.176943347     0.406824059
     7.630000000     0.612140601     1.193176427     0.403750208
     7.640000000     0.614350404     1.209852527     0.400459630
     7.650000000     0.618413534     1.226878723     0.396946462
     7.660000000     0.624456744     1.244164340     0.393207791
     7.670000000     0.632596962     1.261622301     0.389243671
     7.680000000     0.642939731     1.279169857     0.385057080
     7.690000000     0.655577652     1.296728551     0.380653836
     7.700000000     0.670588830     1.314223327     0.376042462
     7.710000000     0.688035322     1.331580795     0.371234012
     7.720000000     0.707961592     1.348726805     0.366241852
     7.730000000     0.730392986     1.365583662     0.361081415
     7.740000000     0.755334232     1.382067437     0.355769916
     7.750000000     0.782767985     1.398085865     0.350326051
     7.760000000     0.812653450     1.413537232     0.344769673
     7.770000000     0.844925098     1.428310431     0.339121458
     7.780000000     0.879491516     1.442286091     0.333402558
     7.790000000     0.916234434     1.455338394     0.327634264
     7.800000000     0.955007963     1.467336981     0.321837664
     7.810000000     0.995638093     1.478148355     0.316033317
     7.820000000     1.037922506     1.487636257     0.310240947
     7.830000000     1.081630735     1.495660868     0.304479154
     7.840000000     1.126504718     1.502077002     0.298765153
     7.850000000     1.172259802     1.506731893     0.293114548
     7.860000000     1.218586199     1.509463411     0.287541136
     7.870000000     1.265150953     1.510099650     0.282056753
     7.880000000     1.311600406     1.508460680     0.276671155
     7.890000000     1.357563181     1.504362989     0.271391946
     7.900000000     1.402653668     1.497626677     0.266224539
     7.910000000     1.446475987     1.488085032     0.261172168
     7.920000000     1.488628388     1.475595648     0.256235933
     7.930000000     1.528708036     1.460051885     0.251414885
     7.940000000     1.566316116     1.441393240     0.246706146
     7.950000000     1.601063160     1.419613232     0.242105062
     7.960000000     1.632574526     1.394763728     0.237605387
     7.970000000     1.660495899     1.366955340     0.233199483
     7.980000000     1.684498718     1.336354387     0.228878550
     7.990000000     1.704285406     1.303177808     0.224632864
     8.000000000     1.719594286     1.267687955     0.220452025
     8.010000000     1.730204061     1.230189154     0.216325214
     8.020000000     1.735937761     1.191027239     0.212241445
     8.030000000     1.736666036     1.150592085     0.208189816
     8.040000000     1.732309715     1.109321789     0.204159746
     8.050000000     1.722841569     1.067706064     0.200141202
     8.060000000     1.708287193     1.026285936     0.196124905
     8.070000000     1.688725003     0.985647218     0.192102518
     8.080000000     1.664285315     0.946406397     0.188066807
     8.090000000     1.635148520     0.909189221     0.184011775
     8.100000000     1.601542391     0.874603972     0.179932771
     8.110000000     1.563738574     0.843212624     0.175826569
     8.120000000     1.522048339     0.815503581     0.171691412
     8.130000000     1.476817683     0.791869336     0.167527031
     8.140000000     1.428421895     0.772591471     0.163334633
     8.150000000     1.377259715     0.757834119     0.159116861
     8.160000000     1.323747206     0.747645800     0.154877725
     8.170000000     1.268311480     0.741968477     0.150622510
     8.180000000     1.211384429     0.740652062     0.146357665
     8.190000000     1.153396571     0.743472289     0.142090663
     8.200000000     1.094771175     0.750149964     0.137829857
     8.210000000     1.035918747     0.760369880     0.133584313
     8.220000000     0.977232017     0.773798131     0.129363640
     8.230000000     0.919081495     0.790097036     0.125177809
     8.240000000     0.861811684     0.808937286     0.121036976
     8.250000000     0.805737996     0.830007264     0.116951302
     8.260000000     0.751144422     0.853019690     0.112930773
     8.270000000     0.698281958     0.877715878     0.108985038
     8.280000000     0.647367804     0.903867925     0.105123250
     8.290000000     0.598585311     0.931279173     0.101353922
     8.300000000     0.552084649     0.959783265     0.097684796
     8.310000000     0.507984165     0.989242134     0.094122732
     8.320000000     0.466372367     1.019543231     0.090673617
     8.330000000     0.427310479     1.050596323     0.087342285
     8.340000000     0.390835518     1.082330154     0.084132465
     8.350000000     0.356963815     1.114689240     0.081046750
     8.360000000     0.325694919     1.147631014     0.078086576
     8.370000000     0.297015829     1.181123463     0.075252235
     8.380000000     0.270905490     1.215143299     0.072542895
     8.390000000     0.247339498     1.249674664     0.069956645
     8.400000000     0.226294962     1.284708236     0.067490552
     8.410000000     0.207755476     1.320240648     0.065140737
     8.420000000     0.191716161     1.356274046     0.062902461
     8.430000000     0.178188721     1.392815704     0.060770226
     8.440000000     0.167206473     1.429877615     0.058737881
     8.450000000     0.158829306     1.467476023     0.056798740
     8.460000000     0.153148504     1.505630912     0.054945698
     8.470000000     0.150291371     1.544365467     0.053171364
     8.480000000     0.150425590     1.583705530     0.051468176
     8.490000000     0.153763209     1.623679066     0.049828530
     8.500000000     0.160564167     1.664315623     0.048244901
     8.510000000     0.171139227     1.705645795     0.046709954
     8.520000000     0.185852178     1.747700642     0.045216656
     8.530000000     0.205121158     1.790511068     0.043758373
     8.540000000     0.229418924     1.834107123     0.042328959
     8.550000000     0.259271897     1.878517208     0.040922836
     8.560000000     0.295257799     1.923767182     0.039535053
     8.570000000     0.338001699     1.969879330     0.038161343
     8.580000000     0.388170310     2.016871164     0.036798156
     8.590000000     0.446464373     2.064754026     0.035442682
     8.600000000     0.513609019     2.113531413     0.034092859
     8.610000000     0.590342027     2.163196977     0.032747368
     8.620000000     0.677399950     2.213732101     0.031405610
     8.630000000     0.775502149     2.265102949     0.030067674
     8.640000000     0.885332833     2.317256885     0.028734295
     8.650000000     1.007521312     2.370118110     0.027406794
     8.660000000     1.142620726     2.423582364     0.026087019
     8.670000000     1.291085625     2.477510504     0.024777266
     8.680000000     1.453248862     2.531720740     0.023480211
     8.690000000     1.629298334     2.585979282     0.022198822
     8.700000000     1.819254216     2.639989110     0.020936281
     8.710000000     2.022947363     2.693376582     0.019695898
     8.720000000     2.239999625     2.745675549     0.018481032
     8.730000000     2.469806842     2.796308700     0.017295014
     8.740000000     2.711525299     2.844565891     0.016141074
     8.750000000     2.964062358     2.889579371     0.015022275
     8.760000000     3.226071985     2.930296016     0.013941454
     8.770000000     3.495955737     2.965447136     0.012901172
     8.780000000     3.771869712     2.993516980     0.011903673
     8.790000000     4.051737777     3.012712049     0.010950849
     8.800000000     4.333271241     3.020934598     0.010044221
     8.810000000     4.613994921     3.015765486     0.009184920
     8.820000000     4.891279376     2.994463717     0.008373685
     8.830000000     5.162378833     2.953992525     0.007610868
     8.840000000     5.424474151     2.891084242     0.006896438
     8.850000000     5.674719929     2.802357741     0.006230006
     8.860000000     5.910294729     2.684501682     0.005610844
     8.870000000     6.128453183     2.534532472     0.005037912
     8.880000000     6.326578675     2.350125909     0.004509895
     8.890000000     6.502235183     2.130004861     0.004025230
     8.900000000     6.653216859     1.874342881     0.003582149
     8.910000000     6.777593939     1.585119601     0.003178713
     8.920000000     6.873753635     1.266346423     0.002812848
     8.930000000     6.940434816     0.924081000     0.002482382
     8.940000000     6.976755422     0.566174813     0.002185079
     8.950000000     6.982231772     0.201749861     0.001918670
     8.960000000     6.956789196    -0.159534128     0.001680886
     8.970000000     6.900763631    -0.508303872     0.001469480
     8.980000000     6.814894166    -0.836244243     0.001282252
     8.990000000     6.700306740    -1.136689678     0.001117070
     9.000000000     6.558489509    -1.404957911     0.000971886
     9.010000000     6.391260630    -1.638413139     0.000844750
     9.020000000     6.200729441    -1.836301314     0.000733817
     9.030000000     5.989252181    -1.999432559     0.000637360
     9.040000000     5.759383572    -2.129792093     0.000553771
     9.050000000     5.513825618    -2.230148279     0.000481561
     9.060000000     5.255375086    -2.303704377     0.000419366
     9.070000000     4.986871049    -2.353818049     0.000365942
     9.080000000     4.711143878    -2.383794637     0.000320161
     9.090000000     4.430966911    -2.396748540     0.000281007
     9.100000000     4.149011934    -2.395521048     0.000247572
     9.110000000     3.867809387    -2.382641226     0.000219047
     9.120000000     3.589714055    -2.360317283     0.000194718
     9.130000000     3.316876765    -2.330447897     0.000173957
     9.140000000     3.051222416    -2.294645367     0.000156217
     9.150000000     2.794434437    -2.254264740     0.000141021
     9.160000000     2.547945596    -2.210434922     0.000127959
     9.170000000     2.312934866    -2.164089244     0.000116679
     9.180000000     2.090329942    -2.115993993     0.000106883
     9.190000000     1.880814830    -2.066774171     0.000098317
     9.200000000     1.684841853    -2.016936203     0.000090768
     9.210000000     1.502647352    -1.966887603     0.000084061
     9.220000000     1.334270314    -1.916953810     0.000078048
     9.230000000     1.179573148    -1.867392438     0.000072610
     9.240000000     1.038263864    -1.818405267     0.000067650
     9.250000000     0.909918947    -1.770148272     0.000063091
     9.260000000     0.794006250    -1.722739960     0.000058871
     9.270000000     0.689907365    -1.676268302     0.000054942
     9.280000000     0.596938956    -1.630796453     0.000051268
     9.290000000     0.514372655    -1.586367485     0.000047821
     9.300000000     0.441453236    -1.543008283     0.000044581
     9.310000000     0.377414821    -1.500732752     0.000041533
     9.320000000     0.321495005    -1.459544454     0.000038668
     9.330000000     0.272946850    -1.419438780     0.000035979
     9.340000000     0.231048743    -1.380404723     0.000033463
     9.350000000     0.195112217    -1.342426347     0.000031117
     9.360000000     0.164487837    -1.305483988     0.000028941
     9.370000000     0.138569317    -1.269555241     0.000026933
     9.380000000     0.116796049    -1.234615781     0.000025095
     9.390000000     0.098654243    -1.200640038     0.000023424
     9.400000000     0.083676877    -1.167601765     0.000021920
     9.410000000     0.071442679    -1.135474514     0.000020582
     9.420000000     0.061574310    -1.104232043     0.000019406
     9.430000000     0.053735967    -1.073848678     0.000018389
     9.440000000     0.047630548    -1.044299627     0.000017527
     9.450000000     0.042996548    -1.015561277     0.000016814
     9.460000000     0.039604812    -0.987611473     0.000016242
     9.470000000     0.037255259    -0.960429786     0.000015805
     9.480000000     0.035773671    -0.933997787     0.000015494
     9.490000000     0.035008617    -0.908299308     0.000015298
     9.500000000     0.034828573    -0.883320708     0.000015208
     9.510000000     0.035119276    -0.859051117     0.000015212
     9.520000000     0.035781336    -0.835482645     0.000015299
     9.530000000     0.036728122    -0.812610523     0.000015455
     9.540000000     0.037883927    -0.790433125     0.000015669
     9.550000000     0.039182393    -0.768951802     0.000015928
     9.560000000     0.040565206    -0.748170444     0.000016219
     9.570000000     0.041981016    -0.728094677     0.000016529
     9.580000000     0.043384582    -0.708730585     0.000016847
     9.590000000     0.044736098    -0.690082891     0.000017159
     9.600000000     0.046000687    -0.672152592     0.000017456
     9.610000000     0.047148030    -0.654934149     0.000017727
     9.620000000     0.048152094    -0.638412497     0.000017962
     9.630000000     0.048990954    -0.622560327     0.000018153
     9.640000000     0.049646659    -0.607336222     0.000018292
     9.650000000     0.050105137    -0.592684265     0.000018373
     9.660000000     0.050356116    -0.578535574     0.000018392
     9.670000000     0.050393036    -0.564811879     0.000018345
     9.680000000     0.050212950    -0.551430739     0.000018229
     9.690000000     0.049816393    -0.538311589     0.000018044
     9.700000000     0.049207217    -0.525381535     0.000017789
     9.710000000     0.048392391    -0.512579913     0.000017468
     9.720000000     0.047381751    -0.499860954     0.000017081
     9.730000000     0.046187721    -0.487194416     0.000016633
     9.740000000     0.044824988    -0.474564459     0.000016128
     9.750000000     0.043310158    -0.461967321     0.000015571
     9.760000000     0.041661375    -0.449408419     0.000014970
     9.770000000     0.039897940    -0.436899405     0.000014329
     9.780000000     0.038039911    -0.424455541     0.000013656
     9.790000000     0.036107717    -0.412093589     0.000012958
     9.800000000     0.034121775    -0.399830245     0.000012242
     9.810000000     0.032102134    -0.387681099     0.000011515
     9.820000000     0.030068146    -0.375660011     0.000010784
     9.830000000     0.028038171    -0.363778807     0.000010054
     9.840000000     0.026029323    -0.352047209     0.000009333
     9.850000000     0.024057257    -0.340472908     0.000008625
     9.860000000     0.022136009    -0.329061724     0.000007935
     9.870000000     0.020277877    -0.317817812     0.000007269
     9.880000000     0.018493348    -0.306743879     0.000006629
     9.890000000     0.016791073    -0.295841404     0.000006018
     9.900000000     0.015177884    -0.285110833     0.000005440
     9.910000000     0.013658841    -0.274551765     0.000004895
     9.920000000     0.012237320    -0.264163107     0.000004386
     9.930000000     0.010915122    -0.253943210     0.000003912
     9.940000000     0.009692609    -0.243889989     0.000003474
     9.950000000     0.008568851    -0.234001017     0.000003071
     9.960000000     0.007541788    -0.224273606     0.000002703
     9.970000000     0.006608392    -0.214704877     0.000002368
     9.980000000     0.005764839    -0.205291812     0.000002066
     9.990000000     0.005006662    -0.196031301     0.000001794
    10.000000000     0.004328917    -0.186920176     0.000001551
    10.010000000     0.003726318    -0.177955244     0.000001335
    10.020000000     0.003193379    -0.169133309     0.000001144
    10.030000000     0.002724525    -0.160451187     0.000000976
    10.040000000     0.002314201    -0.151905727     0.000000829
    10.050000000     0.001956956    -0.143493819     0.000000701
    10.060000000     0.001647520    -0.135212403     0.000000590
    10.070000000     0.001380862    -0.127058476     0.000000495
    10.080000000     0.001152231    -0.119029097     0.000000413
    10.090000000     0.000957191    -0.111121393     0.000000343
    10.100000000     0.000791640    -0.103332555     0.000000284
    10.110000000     0.000651818    -0.095659846     0.000000234
    10.120000000     0.000534312    -0.088100600     0.000000191
    10.130000000     0.000436047    -0.080652219     0.000000156
    10.140000000     0.000354276    -0.073312176     0.000000127
    10.150000000     0.000286563    -0.066078014     0.000000103
    10.160000000     0.000230764    -0.058947343     0.000000083
    10.170000000     0.000185006    -0.051917839     0.000000066
    10.180000000     0.000147663    -0.044987247     0.000000053
    10.190000000     0.000117336    -0.038153374     0.000000042
    10.200000000     0.000092823    -0.031414087     0.000000033
    10.210000000     0.000073106    -0.024767319     0.000000026
    10.220000000     0.000057322    -0.018211057     0.000000021
    10.230000000     0.000044746    -0.011743349     0.000000016
    10.240000000     0.000034775    -0.005362297     0.000000012
    10.250000000     0.000026905     0.000933944     0.000000010
    10.260000000     0.000020725     0.007147165     0.000000007
    10.270000000     0.000015893     0.013279107     0.000000006
    10.280000000     0.000012133     0.019331463     0.000000004
    10.290000000     0.000009222     0.025305877     0.000000003
    10.300000000     0.000006979     0.031203948     0.000000003
    10.310000000     0.000005257     0.037027231     0.000000002
    10.320000000     0.000003943     0.042777238     0.000000001
    10.330000000     0.000002944     0.048455439     0.000000001
    10.340000000     0.000002189     0.054063265     0.000000001
    10.350000000     0.000001620     0.059602107     0.000000001
    10.360000000     0.000001193     0.065073320     0.000000000
    10.370000000     0.000000875     0.070478221     0.000000000
    10.380000000     0.000000639     0.075818092     0.000000000
    10.390000000     0.000000465     0.081094184     0.000000000
    10.400000000     0.000000336     0.086307712     0.000000000
    10.410000000     0.000000242     0.091459861     0.000000000
    10.420000000     0.000000174     0.096551784     0.000000000
    10.430000000     0.000000124     0.101584605     0.000000000
    10.440000000     0.000000088     0.106559420     0.000000000
    10.450000000     0.000000063     0.111477296     0.000000000
    10.460000000     0.000000044     0.116339273     0.000000000
    10.470000000     0.000000031     0.121146366     0.000000000
    10.480000000     0.000000022     0.125899564     0.000000000
    10.490000000     0.000000015     0.130599832     0.000000000
    10.500000000     0.000000010     0.135248110     0.000000000
    10.510000000     0.000000007     0.139845317     0.000000000
    10.520000000     0.000000005     0.144392347     0.000000000
    10.530000000     0.000000003     0.148890076     0.000000000
    10.540000000     0.000000002     0.153339356     0.000000000
    10.550000000     0.000000002     0.157741020     0.000000000
    10.560000000     0.000000001     0.162095880     0.000000000
    10.570000000     0.000000001     0.166404732     0.000000000
    10.580000000     0.000000000     0.170668351     0.000000000
    10.590000000     0.000000000     0.174887493     0.000000000
    10.600000000     0.000000000     0.179062899     0.000000000
    10.610000000     0.000000000     0.183195292     0.000000000
    10.620000000     0.000000000     0.187285379     0.000000000
    10.630000000     0.000000000     0.191333850     0.000000000
    10.640000000     0.000000000     0.195341380     0.000000000
    10.650000000     0.000000000     0.199308630     0.000000000
    10.660000000     0.000000000     0.203236244     0.000000000
    10.670000000     0.000000000     0.207124853     0.000000000
    10.680000000     0.000000000     0.210975076     0.000000000
    10.690000000     0.000000000     0.214787515     0.000000001
    10.700000000     0.000000000     0.218562761     0.000000001
    10.710000000     0.000000000     0.222301392     0.000000001
    10.720000000     0.000000000     0.226003975     0.000000001
    10.730000000     0.000000000     0.229671062     0.000000002
    10.740000000     0.000000000     0.233303195     0.000000002
    10.750000000     0.000000000     0.236900904     0.000000003
    10.760000000     0.000000000     0.240464710     0.000000004
    10.770000000     0.000000000     0.243995119     0.000000005
    10.780000000     0.000000000     0.247492632     0.000000007
    10.790000000     0.000000000     0.250957734     0.000000009
    10.800000000     0.000000000     0.254390904     0.000000012
    10.810000000     0.000000000     0.257792611     0.000000015
    10.820000000     0.000000000     0.261163312     0.000000020
    10.830000000     0.000000000     0.264503456     0.000000025
    10.840000000     0.000000000     0.267813486     0.000000032
    10.850000000     0.000000000     0.271093831     0.000000041
    10.860000000     0.000000000     0.274344915     0.000000051
    10.870000000     0.000000000     0.277567153     0.000000064
    10.880000000     0.000000000     0.280760952     0.000000080
    10.890000000     0.000000000     0.283926710     0.000000100
    10.900000000     0.000000000     0.287064818     0.000000123
    10.910000000     0.000000000     0.290175660     0.000000152
    10.920000000     0.000000000     0.293259612     0.000000186
    10.930000000     0.000000000     0.296317043     0.000000227
    10.940000000     0.000000000     0.299348315     0.000000276
    10.950000000     0.000000000     0.302353784     0.000000334
    10.960000000     0.000000000     0.305333797     0.000000403
    10.970000000     0.000000000     0.308288696     0.000000483
    10.980000000     0.000000000     0.311218819     0.000000576
    10.990000000     0.000000000     0.314124493     0.000000685
    11.000000000     0.000000000     0.317006042     0.000000811
    11.010000000     0.000000000     0.319863785     0.000000955
    11.020000000     0.000000000     0.322698032     0.000001120
    11.030000000     0.000000000     0.325509090     0.000001308
    11.040000000     0.000000000     0.328297260     0.000001520
    11.050000000     0.000000000     0.331062836     0.000001759
    11.060000000     0.000000000     0.333806109     0.000002027
    11.070000000     0.000000000     0.336527364     0.000002325
    11.080000000     0.000000000     0.339226879     0.000002655
    11.090000000     0.000000000     0.341904931     0.000003018
    11.100000000     0.000000000     0.344561790     0.000003416
    11.110000000     0.000000000     0.347197720     0.000003849
    11.120000000     0.000000000     0.349812982     0.000004318
    11.130000000     0.000000000     0.352407834     0.000004822
    11.140000000     0.000000000     0.354982526     0.000005362
    11.150000000     0.000000000     0.357537307     0.000005935
    11.160000000     0.000000000     0.360072420     0.000006541
    11.170000000     0.000000000     0.362588104     0.000007177
    11.180000000     0.000000000     0.365084594     0.000007839
    11.190000000     0.000000000     0.367562122     0.000008525
    11.200000000     0.000000000     0.370020916     0.000009229
    11.210000000     0.000000000     0.372461198     0.000009947
    11.220000000     0.000000001     0.374883190     0.000010674
    11.230000000     0.000000001     0.377287108     0.000011403
    11.240000000     0.000000001     0.379673163     0.000012128
    11.250000000     0.000000001     0.382041567     0.000012842
    11.260000000     0.000000001     0.384392525     0.000013537
    11.270000000     0.000000001     0.386726239     0.000014207
    11.280000000     0.000000001     0.389042909     0.000014843
    11.290000000     0.000000001     0.391342732     0.000015440
    11.300000000     0.000000001     0.393625900     0.000015989
    11.310000000     0.000000001     0.395892604     0.000016484
    11.320000000     0.000000001     0.398143030     0.000016919
    11.330000000     0.000000001     0.400377363     0.000017289
    11.340000000     0.000000001     0.402595784     0.000017589
    11.350000000     0.000000001     0.404798472     0.000017814
    11.360000000     0.000000001     0.406985602     0.000017962
    11.370000000     0.000000001     0.409157347     0.000018031
    11.380000000     0.000000001     0.411313877     0.000018020
    11.390000000     0.000000001     0.413455361     0.000017930
    11.400000000     0.000000001     0.415581962     0.000017760
    11.410000000     0.000000001     0.417693845     0.000017515
    11.420000000     0.000000001     0.419791169     0.000017196
    11.430000000     0.000000001     0.421874092     0.000016808
    11.440000000     0.000000001     0.423942769     0.000016355
    11.450000000     0.000000001     0.425997353     0.000015845
    11.460000000     0.000000001     0.428037996     0.000015282
    11.470000000     0.000000001     0.430064845     0.000014674
    11.480000000     0.000000001     0.432078048     0.000014028
    11.490000000     0.000000001     0.434077748     0.000013350
    11.500000000     0.000000001     0.436064088     0.000012649
    11.510000000     0.000000001     0.438037207     0.000011932
    11.520000000     0.000000001     0.439997244     0.000011205
    11.530000000     0.000000001     0.441944335     0.000010476
    11.540000000     0.000000000     0.443878613     0.000009751
    11.550000000     0.000000000     0.445800212     0.000009036
    11.560000000     0.000000000     0.447709261     0.000008337
    11.570000000     0.000000000     0.449605889     0.000007657
    11.580000000     0.000000000     0.451490222     0.000007001
    11.590000000     0.000000000     0.453362385     0.000006374
    11.600000000     0.000000000     0.455222502     0.000005776
    11.610000000     0.000000000     0.457070693     0.000005212
    11.620000000     0.000000000     0.458907078     0.000004682
    11.630000000     0.000000000     0.460731776     0.000004187
    11.640000000     0.000000000     0.462544903     0.000003728
    11.650000000     0.000000000     0.464346573     0.000003304
    11.660000000     0.000000000     0.466136900     0.000002916
    11.670000000     0.000000000     0.467915995     0.000002562
    11.680000000     0.000000000     0.469683969     0.000002241
    11.690000000     0.000000000     0.471440930     0.000001951
    11.700000000     0.000000000     0.473186986     0.000001691
    11.710000000     0.000000000     0.474922241     0.000001460
    11.720000000     0.000000000     0.476646801     0.000001254
    11.730000000     0.000000000     0.478360768     0.000001073
    11.740000000     0.000000000     0.480064244     0.000000914
    11.750000000     0.000000000     0.481757329     0.000000775
    11.760000000     0.000000000     0.483440123     0.000000654
    11.770000000     0.000000000     0.485112722     0.000000550
    11.780000000     0.000000000     0.486775223     0.000000460
    11.790000000     0.000000000     0.488427720     0.000000383
    11.800000000     0.000000000     0.490070309     0.000000318
    11.810000000     0.000000000     0.491703081     0.000000262
    11.820000000     0.000000000     0.493326128     0.000000215
    11.830000000     0.000000000     0.494939540     0.000000176
    11.840000000     0.000000000     0.496543406     0.000000144
    11.850000000     0.000000000     0.498137814     0.000000116
    11.860000000     0.000000000     0.499722851     0.000000094
    11.870000000     0.000000000     0.501298603     0.000000076
    11.880000000     0.000000000     0.502865154     0.000000060
    11.890000000     0.000000000     0.504422588     0.000000048
    11.900000000     0.000000000     0.505970987     0.000000038
    11.910000000     0.000000000     0.507510433     0.000000030
    11.920000000     0.000000000     0.509041006     0.000000024
    11.930000000     0.000000000     0.510562786     0.000000019
    11.940000000     0.000000000     0.512075851     0.000000014
    11.950000000     0.000000000     0.513580279     0.000000011
    11.960000000     0.000000000     0.515076146     0.000000009
    11.970000000     0.000000000     0.516563528     0.000000007
    11.980000000     0.000000000     0.518042500     0.000000005
    11.990000000     0.000000000     0.519513136     0.000000004
    12.000000000     0.000000000     0.520975507     0.000000003
    12.010000000     0.000000000     0.522429688     0.000000002
    12.020000000     0.000000000     0.523875747     0.000000002
    12.030000000     0.000000000     0.525313757     0.000000001
    12.040000000     0.000000000     0.526743786     0.000000001
    12.050000000     0.000000000     0.528165903     0.000000001
    12.060000000     0.000000000     0.529580176     0.000000001
    12.070000000     0.000000000     0.530986672     0.000000000
    12.080000000     0.000000000     0.532385456     0.000000000
    12.090000000     0.000000000     0.533776596     0.000000000
    12.100000000     0.000000000     0.535160154     0.000000000
    12.110000000     0.000000000     0.536536196     0.000000000
    12.120000000     0.000000000     0.537904783     0.000000000
    12.130000000     0.000000000     0.539265980     0.000000000
    12.140000000     0.000000000     0.540619847     0.000000000
    12.150000000     0.000000000     0.541966446     0.000000000
    12.160000000     0.000000000     0.543305836     0.000000000
    12.170000000     0.000000000     0.544638078     0.000000000
    12.180000000     0.000000000     0.545963230     0.000000000
    12.190000000     0.000000000     0.547281351     0.000000000
    12.200000000     0.000000000     0.548592498     0.000000000
    12.210000000     0.000000000     0.549896729     0.000000000
    12.220000000     0.000000000     0.551194099     0.000000000
    12.230000000     0.000000000     0.552484664     0.000000000
    12.240000000     0.000000000     0.553768480     0.000000000
    12.250000000     0.000000000     0.555045600     0.000000000
    12.260000000     0.000000000     0.556316079     0.000000000
    12.270000000     0.000000000     0.557579970     0.000000000
    12.280000000     0.000000000     0.558837325     0.000000000
    12.290000000     0.000000000     0.560088197     0.000000000
    12.300000000     0.000000000     0.561332637     0.000000000
    12.310000000     0.000000000     0.562570696     0.000000000
    12.320000000     0.000000000     0.563802425     0.000000000
    12.330000000     0.000000000     0.565027873     0.000000000
    12.340000000     0.000000000     0.566247089     0.000000000
    12.350000000     0.000000000     0.567460123     0.000000000
    12.360000000     0.000000000     0.568667022     0.000000000
    12.370000000     0.000000000     0.569867834     0.000000000
    12.380000000     0.000000000     0.571062607     0.000000000
    12.390000000     0.000000000     0.572251388     0.000000000
    12.400000000     0.000000000     0.573434221     0.000000000
    12.410000000     0.000000000     0.574611154     0.000000000
    12.420000000     0.000000000     0.575782231     0.000000000
    12.430000000     0.000000000     0.576947497     0.000000000
    12.440000000     0.000000000     0.578106996     0.000000000
    12.450000000     0.000000000     0.579260772     0.000000000
    12.460000000     0.000000000     0.580408869     0.000000000
    12.470000000     0.000000000     0.581551330     0.000000000
    12.480000000     0.000000000     0.582688196     0.000000000
    12.490000000     0.000000000     0.583819510     0.000000000
    12.500000000     0.000000000     0.584945314     0.000000000
    12.510000000     0.000000000     0.586065648     0.000000000
    12.520000000     0.000000000     0.587180554     0.000000000
    12.530000000     0.000000000     0.588290071     0.000000000
    12.540000000     0.000000000     0.589394240     0.000000000
    12.550000000     0.000000000     0.590493100     0.000000000
    12.560000000     0.000000000     0.591586691     0.000000000
    12.570000000     0.000000000     0.592675050     0.000000000
    12.580000000     0.000000000     0.593758216     0.000000000
    12.590000000     0.000000000     0.594836227     0.000000000
    12.600000000     0.000000000     0.595909121     0.000000000
    12.610000000     0.000000000     0.596976934     0.000000000
    12.620000000     0.000000000     0.598039705     0.000000000
    12.630000000     0.000000000     0.599097468     0.000000000
    12.640000000     0.000000000     0.600150260     0.000000000
    12.650000000     0.000000000     0.601198117     0.000000000
    12.660000000     0.000000000     0.602241074     0.000000000
    12.670000000     0.000000000     0.603279166     0.000000000
    12.680000000     0.000000000     0.604312428     0.000000000
    12.690000000     0.000000000     0.605340894     0.000000000
    12.700000000     0.000000000     0.606364598     0.000000000
    12.710000000     0.000000000     0.607383573     0.000000000
    12.720000000     0.000000000     0.608397854     0.000000000
    12.730000000     0.000000000     0.609407473     0.000000000
    12.740000000     0.000000000     0.610412462     0.000000000
    12.750000000     0.000000000     0.611412855     0.000000000
    12.760000000     0.000000000     0.612408683     0.000000000
    12.770000000     0.000000000     0.613399977     0.000000000
    12.780000000     0.000000000     0.614386770     0.000000000
    12.790000000     0.000000000     0.615369093     0.000000000
    12.800000000     0.000000000     0.616346976     0.000000000
    12.810000000     0.000000000     0.617320449     0.000000000
    12.820000000     0.000000000     0.618289544     0.000000000
    12.830000000     0.000000000     0.619254290     0.000000000
    12.840000000     0.000000000     0.620214717     0.000000000
    12.850000000     0.000000000     0.621170854     0.000000000
    12.860000000     0.000000000     0.622122730     0.000000000
    12.870000000     0.000000000     0.623070375     0.000000000
    12.880000000     0.000000000     0.624013817     0.000000000
    12.890000000     0.000000000     0.624953084     0.000000000
    12.900000000     0.000000000     0.625888204     0.000000000
    12.910000000     0.000000000     0.626819205     0.000000000
    12.920000000     0.000000000     0.627746115     0.000000000
    12.930000000     0.000000000     0.628668961     0.000000000
    12.940000000     0.000000000     0.629587770     0.000000000
    12.950000000     0.000000000     0.630502569     0.000000000
    12.960000000     0.000000000     0.631413385     0.000000000
    12.970000000     0.000000000     0.632320243     0.000000000
    12.980000000     0.000000000     0.633223170     0.000000000
    12.990000000     0.000000000     0.634122191     0.000000000
    13.000000000     0.000000000     0.635017333     0.000000000
