     0.000000000     0.000000000     2.394951305     0.000000000
     0.010000000     0.000000000     2.394957163     0.000000000
     0.020000000     0.000000000     2.394974739     0.000000000
     0.030000000     0.000000000     2.395004033     0.000000000
     0.040000000     0.000000000     2.395045048     0.000000000
     0.050000000     0.000000000     2.395097786     0.000000000
     0.060000000     0.000000000     2.395162250     0.000000000
     0.070000000     0.000000000     2.395238444     0.000000000
     0.080000000     0.000000000     2.395326373     0.000000000
     0.090000000     0.000000000     2.395426043     0.000000000
     0.100000000     0.000000000     2.395537459     0.000000000
     0.110000000     0.000000000     2.395660629     0.000000000
     0.120000000     0.000000000     2.395795561     0.000000000
     0.130000000     0.000000000     2.395942263     0.000000000
     0.140000000     0.000000000     2.396100744     0.000000000
     0.150000000     0.000000000     2.396271014     0.000000000
     0.160000000     0.000000000     2.396453084     0.000000000
     0.170000000     0.000000000     2.396646965     0.000000000
     0.180000000     0.000000000     2.396852670     0.000000000
     0.190000000     0.000000000     2.397070212     0.000000000
     0.200000000     0.000000000     2.397299604     0.000000000
     0.210000000     0.000000000     2.397540861     0.000000000
     0.220000000     0.000000000     2.397793997     0.000000000
     0.230000000     0.000000000     2.398059030     0.000000000
     0.240000000     0.000000000     2.398335976     0.000000000
     0.250000000     0.000000000     2.398624852     0.000000000
     0.260000000     0.000000000     2.398925677     0.000000000
     0.270000000     0.000000000     2.399238469     0.000000000
     0.280000000     0.000000000     2.399563250     0.000000000
     0.290000000     0.000000000     2.399900039     0.000000000
     0.300000000     0.000000000     2.400248858     0.000000000
     0.310000000     0.000000000     2.400609729     0.000000000
     0.320000000     0.000000000     2.400982675     0.000000000
     0.330000000     0.000000000     2.401367721     0.000000000
     0.340000000     0.000000000     2.401764890     0.000000000
     0.350000000     0.000000000     2.402174209     0.000000000
     0.360000000     0.000000000     2.402595704     0.000000000
     0.370000000     0.000000000     2.403029402     0.000000000
     0.380000000     0.000000000     2.403475330     0.000000000
     0.390000000     0.000000000     2.403933518     0.000000000
     0.400000000     0.000000000     2.404403996     0.000000000
     0.410000000     0.000000000     2.404886793     0.000000000
     0.420000000     0.000000000     2.405381942     0.000000000
     0.430000000     0.000000000     2.405889475     0.000000000
     0.440000000     0.000000000     2.406409424     0.000000000
     0.450000000     0.000000000     2.406941823     0.000000000
     0.460000000     0.000000000     2.407486709     0.000000000
     0.470000000     0.000000000     2.408044115     0.000000000
     0.480000000     0.000000000     2.408614080     0.000000000
     0.490000000     0.000000000     2.409196639     0.000000000
     0.500000000     0.000000000     2.409791833     0.000000000
     0.510000000     0.000000000     2.410399701     0.000000000
     0.520000000     0.000000000     2.411020282     0.000000000
     0.530000000     0.000000000     2.411653618     0.000000000
     0.540000000     0.000000000     2.412299752     0.000000000
     0.550000000     0.000000000     2.412958725     0.000000000
     0.560000000     0.000000000     2.413630584     0.000000000
     0.570000000     0.000000000     2.414315372     0.000000000
     0.580000000     0.000000000     2.415013136     0.000000000
     0.590000000     0.000000000     2.415723924     0.000000000
     0.600000000     0.000000000     2.416447782     0.000000000
     0.610000000     0.000000000     2.417184761     0.000000000
     0.620000000     0.000000000     2.417934910     0.000000000
     0.630000000     0.000000000     2.418698281     0.000000000
     0.640000000     0.000000000     2.419474926     0.000000000
     0.650000000     0.000000000     2.420264899     0.000000000
     0.660000000     0.000000000     2.421068253     0.000000000
     0.670000000     0.000000000     2.421885045     0.000000000
     0.680000000     0.000000000     2.422715330     0.000000000
     0.690000000     0.000000000     2.423559168     0.000000000
     0.700000000     0.000000000     2.424416616     0.000000000
     0.710000000     0.000000000     2.425287735     0.000000000
     0.720000000     0.000000000     2.426172586     0.000000000
     0.730000000     0.000000000     2.427071232     0.000000000
     0.740000000     0.000000000     2.427983735     0.000000000
     0.750000000     0.000000000     2.428910161     0.000000000
     0.760000000     0.000000000     2.429850576     0.000000000
     0.770000000     0.000000000     2.430805046     0.000000000
     0.780000000     0.000000000     2.431773641     0.000000000
     0.790000000     0.000000000     2.432756431     0.000000000
     0.800000000     0.000000000     2.433753486     0.000000000
     0.810000000     0.000000000     2.434764879     0.000000000
     0.820000000     0.000000000     2.435790683     0.000000000
     0.830000000     0.000000000     2.436830974     0.000000000
     0.840000000     0.000000000     2.437885828     0.000000000
     0.850000000     0.000000000     2.438955323     0.000000000
     0.860000000     0.000000000     2.440039538     0.000000000
     0.870000000     0.000000000     2.441138554     0.000000000
     0.880000000     0.000000000     2.442252453     0.000000000
     0.890000000     0.000000000     2.443381319     0.000000000
     0.900000000     0.000000000     2.444525237     0.000000000
     0.910000000     0.000000000     2.445684293     0.000000000
     0.920000000     0.000000000     2.446858576     0.000000000
     0.930000000     0.000000000     2.448048175     0.000000000
     0.940000000     0.000000000     2.449253183     0.000000000
     0.950000000     0.000000000     2.450473691     0.000000000
     0.960000000     0.000000000     2.451709795     0.000000000
     0.970000000     0.000000000     2.452961591     0.000000000
     0.980000000     0.000000000     2.454229177     0.000000000
     0.990000000     0.000000000     2.455512653     0.000000000
     1.000000000     0.000000000     2.456812120     0.000000000
     1.010000000     0.000000000     2.458127682     0.000000000
     1.020000000     0.000000000     2.459459445     0.000000000
     1.030000000     0.000000000     2.460807514     0.000000000
     1.040000000     0.000000000     2.462172000     0.000000000
     1.050000000     0.000000000     2.463553013     0.000000000
     1.060000000     0.000000000     2.464950666     0.000000000
     1.070000000     0.000000000     2.466365075     0.000000000
     1.080000000     0.000000000     2.467796355     0.000000000
     1.090000000     0.000000000     2.469244626     0.000000000
     1.100000000     0.000000000     2.470710010     0.000000000
     1.110000000     0.000000000     2.472192629     0.000000000
     1.120000000     0.000000000     2.473692610     0.000000000
     1.130000000     0.000000000     2.475210080     0.000000000
     1.140000000     0.000000000     2.476745169     0.000000000
     1.150000000     0.000000000     2.478298010     0.000000000
     1.160000000     0.000000000     2.479868738     0.000000000
     1.170000000     0.000000000     2.481457490     0.000000000
     1.180000000     0.000000000     2.483064405     0.000000000
     1.190000000     0.000000000     2.484689627     0.000000000
     1.200000000     0.000000000     2.486333301     0.000000000
     1.210000000     0.000000000     2.487995573     0.000000000
     1.220000000     0.000000000     2.489676595     0.000000000
     1.230000000     0.000000000     2.491376519     0.000000000
     1.240000000     0.000000000     2.493095501     0.000000000
     1.250000000     0.000000000     2.494833701     0.000000000
     1.260000000     0.000000000     2.496591280     0.000000000
     1.270000000     0.000000000     2.498368403     0.000000000
     1.280000000     0.000000000     2.500165238     0.000000000
     1.290000000     0.000000000     2.501981957     0.000000000
     1.300000000     0.000000000     2.503818733     0.000000000
     1.310000000     0.000000000     2.505675745     0.000000000
     1.320000000     0.000000000     2.507553173     0.000000000
     1.330000000     0.000000000     2.509451202     0.000000000
     1.340000000     0.000000000     2.511370021     0.000000000
     1.350000000     0.000000000     2.513309821     0.000000000
     1.360000000     0.000000000     2.515270797     0.000000000
     1.370000000     0.000000000     2.517253151     0.000000000
     1.380000000     0.000000000     2.519257083     0.000000000
     1.390000000     0.000000000     2.521282803     0.000000000
     1.400000000     0.000000000     2.523330521     0.000000000
     1.410000000     0.000000000     2.525400454     0.000000000
     1.420000000     0.000000000     2.527492822     0.000000000
     1.430000000     0.000000000     2.529607848     0.000000000
     1.440000000     0.000000000     2.531745764     0.000000000
     1.450000000     0.000000000     2.533906801     0.000000000
     1.460000000     0.000000000     2.536091200     0.000000000
     1.470000000     0.000000000     2.538299204     0.000000000
     1.480000000     0.000000000     2.540531061     0.000000000
     1.490000000     0.000000000     2.542787027     0.000000000
     1.500000000     0.000000000     2.545067360     0.000000000
     1.510000000     0.000000000     2.547372325     0.000000000
     1.520000000     0.000000000     2.549702194     0.000000000
     1.530000000     0.000000000     2.552057243     0.000000000
     1.540000000     0.000000000     2.554437756     0.000000000
     1.550000000     0.000000000     2.556844020     0.000000000
     1.560000000     0.000000000     2.559276331     0.000000000
     1.570000000     0.000000000     2.561734992     0.000000000
     1.580000000     0.000000000     2.564220311     0.000000000
     1.590000000     0.000000000     2.566732604     0.000000000
     1.600000000     0.000000000     2.569272195     0.000000000
     1.610000000     0.000000000     2.571839413     0.000000000
     1.620000000     0.000000000     2.574434598     0.000000000
     1.630000000     0.000000000     2.577058096     0.000000000
     1.640000000     0.000000000     2.579710260     0.000000000
     1.650000000     0.000000000     2.582391455     0.000000000
     1.660000000     0.000000000     2.585102052     0.000000000
     1.670000000     0.000000000     2.587842431     0.000000000
     1.680000000     0.000000000     2.590612983     0.000000000
     1.690000000     0.000000001     2.593414108     0.000000000
     1.700000000     0.000000001     2.596246215     0.000000000
     1.710000000     0.000000001     2.599109726     0.000000000
     1.720000000     0.000000002     2.602005070     0.000000000
     1.730000000     0.000000003     2.604932690     0.000000000
     1.740000000     0.000000004     2.607893039     0.000000000
     1.750000000     0.000000006     2.610886582     0.000000000
     1.760000000     0.000000008     2.613913798     0.000000000
     1.770000000     0.000000012     2.616975177     0.000000000
     1.780000000     0.000000018     2.620071223     0.000000000
     1.790000000     0.000000026     2.623202452     0.000000000
     1.800000000     0.000000037     2.626369397     0.000000000
     1.810000000     0.000000054     2.629572604     0.000000000
     1.820000000     0.000000077     2.632812634     0.000000000
     1.830000000     0.000000109     2.636090066     0.000000000
     1.840000000     0.000000155     2.639405494     0.000000000
     1.850000000     0.000000219     2.642759528     0.000000000
     1.860000000     0.000000309     2.646152798     0.000000000
     1.870000000     0.000000432     2.649585952     0.000000001
     1.880000000     0.000000603     2.653059656     0.000000001
     1.890000000     0.000000837     2.656574597     0.000000001
     1.900000000     0.000001157     2.660131483     0.000000002
     1.910000000     0.000001593     2.663731042     0.000000003
     1.920000000     0.000002183     2.667374027     0.000000003
     1.930000000     0.000002978     2.671061212     0.000000005
     1.940000000     0.000004046     2.674793397     0.000000006
     1.950000000     0.000005472     2.678571405     0.000000009
     1.960000000     0.000007368     2.682396088     0.000000012
     1.970000000     0.000009877     2.686268322     0.000000016
     1.980000000     0.000013184     2.690189014     0.000000021
     1.990000000     0.000017521     2.694159098     0.000000029
     2.000000000     0.000023183     2.698179542     0.000000038
     2.010000000     0.000030541     2.702251341     0.000000050
     2.020000000     0.000040059     2.706375526     0.000000066
     2.030000000     0.000052315     2.710553160     0.000000087
     2.040000000     0.000068023     2.714785342     0.000000113
     2.050000000     0.000088062     2.719073208     0.000000147
     2.060000000     0.000113510     2.723417928     0.000000190
     2.070000000     0.000145677     2.727820715     0.000000246
     2.080000000     0.000186147     2.732282817     0.000000316
     2.090000000     0.000236831     2.736805524     0.000000404
     2.100000000     0.000300010     2.741390169     0.000000515
     2.110000000     0.000378401     2.746038125     0.000000653
     2.120000000     0.000475214     2.750750805     0.000000825
     2.130000000     0.000594223     2.755529669     0.000001039
     2.140000000     0.000739836     2.760376215     0.000001302
     2.150000000     0.000917171     2.765291986     0.000001627
     2.160000000     0.001132131     2.770278563     0.000002023
     2.170000000     0.001391483     2.775337566     0.000002507
     2.180000000     0.001702933     2.780470653     0.000003095
     2.190000000     0.002075198     2.785679511     0.000003805
     2.200000000     0.002518069     2.790965857     0.000004662
     2.210000000     0.003042471     2.796331429     0.000005689
     2.220000000     0.003660502     2.801777976     0.000006918
     2.230000000     0.004385459     2.807307251     0.000008382
     2.240000000     0.005231851     2.812920994     0.000010119
     2.250000000     0.006215373     2.818620918     0.000012174
     2.260000000     0.007352872     2.824408686     0.000014596
     2.270000000     0.008662264     2.830285885     0.000017441
     2.280000000     0.010162435     2.836253994     0.000020772
     2.290000000     0.011873095     2.842314345     0.000024661
     2.300000000     0.013814598     2.848468072     0.000029187
     2.310000000     0.016007731     2.854716051     0.000034439
     2.320000000     0.018473461     2.861058828     0.000040519
     2.330000000     0.021232649     2.867496527     0.000047537
     2.340000000     0.024305730     2.874028738     0.000055621
     2.350000000     0.027712378     2.880654391     0.000064911
     2.360000000     0.031471135     2.887371587     0.000075566
     2.370000000     0.035599040     2.894177407     0.000087762
     2.380000000     0.040111244     2.901067679     0.000101699
     2.390000000     0.045020640     2.908036698     0.000117600
     2.400000000     0.050337495     2.915076893     0.000135716
     2.410000000     0.056069121     2.922178443     0.000156329
     2.420000000     0.062219567     2.929328820     0.000179757
     2.430000000     0.068789366     2.936512279     0.000206355
     2.440000000     0.075775335     2.943709271     0.000236522
     2.450000000     0.083170424     2.950895817     0.000270706
     2.460000000     0.090963647     2.958042850     0.000309408
     2.470000000     0.099140069     2.965115564     0.000353187
     2.480000000     0.107680868     2.972072845     0.000402664
     2.490000000     0.116563464     2.978866888     0.000458528
     2.500000000     0.125761711     2.985443118     0.000521540
     2.510000000     0.135246141     2.991740622     0.000592538
     2.520000000     0.144984260     2.997693290     0.000672435
     2.530000000     0.154940876     3.003231917     0.000762225
     2.540000000     0.165078443     3.008287460     0.000862982
     2.550000000     0.175357425     3.012795561     0.000975854
     2.560000000     0.185736640     3.016702247     0.001102066
     2.570000000     0.196173596     3.019970426     0.001242904
     2.580000000     0.206624793     3.022586422     0.001399715
     2.590000000     0.217045977     3.024565454     0.001573884
     2.600000000     0.227392358     3.025954773     0.001766827
     2.610000000     0.237618772     3.026833293     0.001979962
     2.620000000     0.247679787     3.027307008     0.002214692
     2.630000000     0.257529774     3.027500370     0.002472376
     2.640000000     0.267122932     3.027544696     0.002754295
     2.650000000     0.276413286     3.027565436     0.003061619
     2.660000000     0.285354680     3.027670433     0.003395374
     2.670000000     0.293900764     3.027940956     0.003756395
     2.680000000     0.302005018     3.028426556     0.004145290
     2.690000000     0.309620807     3.029143765     0.004562399
     2.700000000     0.316701503     3.030077858     0.005007747
     2.710000000     0.323200681     3.031186387     0.005481009
     2.720000000     0.329072405     3.032403219     0.005981471
     2.730000000     0.334271616     3.033642277     0.006507995
     2.740000000     0.338754617     3.034800863     0.007058993
     2.750000000     0.342479670     3.035763152     0.007632402
     2.760000000     0.345407675     3.036404957     0.008225674
     2.770000000     0.347502945     3.036600871     0.008835772
     2.780000000     0.348734034     3.036234547     0.009459169
     2.790000000     0.349074615     3.035212067     0.010091873
     2.800000000     0.348504360     3.033477313     0.010729446
     2.810000000     0.347009812     3.031027240     0.011367053
     2.820000000     0.344585206     3.027924075     0.011999504
     2.830000000     0.341233202     3.024301253     0.012621322
     2.840000000     0.336965514     3.020360465     0.013226817
     2.850000000     0.331803386     3.016358769     0.013810160
     2.860000000     0.325777916     3.012586917     0.014365484
     2.870000000     0.318930181     3.009342283     0.014886970
     2.880000000     0.311311174     3.006901260     0.015368951
     2.890000000     0.302981532     3.005495986     0.015806016
     2.900000000     0.294011061     3.005298983     0.016193104
     2.910000000     0.284478068     3.006417096     0.016525605
     2.920000000     0.274468506     3.008893973     0.016799448
     2.930000000     0.264074970     3.012718835     0.017011187
     2.940000000     0.253395552     3.017838691     0.017158068
     2.950000000     0.242532590     3.024171401     0.017238090
     2.960000000     0.231591359     3.031617684     0.017250048
     2.970000000     0.220678710     3.040070974     0.017193561
     2.980000000     0.209901718     3.049424743     0.017069085
     2.990000000     0.199366355     3.059577393     0.016877904
     3.000000000     0.189176223     3.070435107     0.016622110
     3.010000000     0.179431374     3.081913156     0.016304562
     3.020000000     0.170227228     3.093936109     0.015928832
     3.030000000     0.161653620     3.106437394     0.015499136
     3.040000000     0.153793976     3.119358471     0.015020253
     3.050000000     0.146724613     3.132647865     0.014497437
     3.060000000     0.140514185     3.146260143     0.013936314
     3.070000000     0.135223241     3.160154925     0.013342784
     3.080000000     0.130903899     3.174295917     0.012722915
     3.090000000     0.127599624     3.188649994     0.012082835
     3.100000000     0.125345074     3.203186297     0.011428637
     3.110000000     0.124166022     3.217875361     0.010766277
     3.120000000     0.124079309     3.232688268     0.010101486
     3.130000000     0.125092828     3.247595847     0.009439694
     3.140000000     0.127205522     3.262567968     0.008785957
     3.150000000     0.130407374     3.277572965     0.008144903
     3.160000000     0.134679396     3.292577273     0.007520681
     3.170000000     0.139993599     3.307545368     0.006916936
     3.180000000     0.146312960     3.322440094     0.006336784
     3.190000000     0.153591384     3.337223471     0.005782805
     3.200000000     0.161773674     3.351858023     0.005257046
     3.210000000     0.170795533     3.366308581     0.004761037
     3.220000000     0.180583605     3.380544370     0.004295810
     3.230000000     0.191055596     3.394541029     0.003861930
     3.240000000     0.202120476     3.408282010     0.003459537
     3.250000000     0.213678816     3.421758723     0.003088380
     3.260000000     0.225623253     3.434968809     0.002747866
     3.270000000     0.237839129     3.447912227     0.002437110
     3.280000000     0.250205307     3.460585264     0.002154974
     3.290000000     0.262595179     3.472973207     0.001900125
     3.300000000     0.274877873     3.485042854     0.001671070
     3.310000000     0.286919651     3.496736338     0.001466208
     3.320000000     0.298585496     3.507967647     0.001283864
     3.330000000     0.309740857     3.518622945     0.001122327
     3.340000000     0.320253535     3.528565340     0.000979885
     3.350000000     0.329995672     3.537644349     0.000854848
     3.360000000     0.338845793     3.545709959     0.000745578
     3.370000000     0.346690866     3.552630728     0.000650500
     3.380000000     0.353428317     3.558314837     0.000568127
     3.390000000     0.358967954     3.562732150     0.000497063
     3.400000000     0.363233738     3.565934386     0.000436018
     3.410000000     0.366165357     3.568069643     0.000383808
     3.420000000     0.367719547     3.569387329     0.000339358
     3.430000000     0.367871128     3.570230413     0.000301703
     3.440000000     0.366613710     3.571014074     0.000269986
     3.450000000     0.363960054     3.572192829     0.000243452
     3.460000000     0.359942074     3.574221196     0.000221444
     3.470000000     0.354610473     3.577514742     0.000203398
     3.480000000     0.348034033     3.582418179     0.000188834
     3.490000000     0.340298575     3.589185203     0.000177352
     3.500000000     0.331505619     3.597971641     0.000168621
     3.510000000     0.321770803     3.608840562     0.000162377
     3.520000000     0.311222095     3.621775973     0.000158411
     3.530000000     0.299997865     3.636701066     0.000156570
     3.540000000     0.288244876     3.653497397     0.000156742
     3.550000000     0.276116263     3.672022374     0.000158859
     3.560000000     0.263769548     3.692123609     0.000162888
     3.570000000     0.251364771     3.713649645     0.000168832
     3.580000000     0.239062765     3.736457243     0.000176721
     3.590000000     0.227023646     3.760415772     0.000186616
     3.600000000     0.215405535     3.785409346     0.000198605
     3.610000000     0.204363538     3.811337383     0.000212805
     3.620000000     0.194049012     3.838114102     0.000229363
     3.630000000     0.184609103     3.865667435     0.000248454
     3.640000000     0.176186546     3.893937648     0.000270291
     3.650000000     0.168919712     3.922875939     0.000295124
     3.660000000     0.162942862     3.952443153     0.000323248
     3.670000000     0.158386566     3.982608734     0.000355008
     3.680000000     0.155378239     4.013349965     0.000390806
     3.690000000     0.154042728     4.044651489     0.000431111
     3.700000000     0.154502912     4.076505060     0.000476466
     3.710000000     0.156880227     4.108909384     0.000527503
     3.720000000     0.161295080     4.141869873     0.000584946
     3.730000000     0.167867085     4.175398085     0.000649630
     3.740000000     0.176715075     4.209510642     0.000722508
     3.750000000     0.187956854     4.244227509     0.000804669
     3.760000000     0.201708652     4.279569652     0.000897342
     3.770000000     0.218084277     4.315556246     0.001001915
     3.780000000     0.237193944     4.352201741     0.001119945
     3.790000000     0.259142811     4.389513097     0.001253165
     3.800000000     0.284029226     4.427487454     0.001403496
     3.810000000     0.311942746     4.466110342     0.001573052
     3.820000000     0.342961958     4.505354374     0.001764149
     3.830000000     0.377152192     4.545178246     0.001979300
     3.840000000     0.414563190     4.585525823     0.002221217
     3.850000000     0.455226809     4.626325053     0.002492807
     3.860000000     0.499154877     4.667486541     0.002797158
     3.870000000     0.546337273     4.708901654     0.003137529
     3.880000000     0.596740336     4.750440116     0.003517326
     3.890000000     0.650305702     4.791947169     0.003940077
     3.900000000     0.706949646     4.833240455     0.004409403
     3.910000000     0.766563014     4.874106974     0.004928979
     3.920000000     0.829011795     4.914300597     0.005502494
     3.930000000     0.894138395     4.953540782     0.006133597
     3.940000000     0.961763621     4.991513171     0.006825851
     3.950000000     1.031689394     5.027872727     0.007582667
     3.960000000     1.103702169     5.062249855     0.008407250
     3.970000000     1.177577016     5.094259816     0.009302530
     3.980000000     1.253082296     5.123515519     0.010271095
     3.990000000     1.329984859     5.149643804     0.011315129
     4.000000000     1.408055629     5.172305303     0.012436341
     4.010000000     1.487075476     5.191217895     0.013635908
     4.020000000     1.566841203     5.206183295     0.014914411
     4.030000000     1.647171517     5.217115355     0.016271788
     4.040000000     1.727912802     5.224067138     0.017707287
     4.050000000     1.808944532     5.227252317     0.019219428
     4.060000000     1.890184148     5.227055403     0.020805984
     4.070000000     1.971591254     5.224025596     0.022463965
     4.080000000     2.053170944     5.218850891     0.024189615
     4.090000000     2.134976157     5.212312602     0.025978431
     4.100000000     2.217108907     5.205224646     0.027825186
     4.110000000     2.299720296     5.198365704     0.029723973
     4.120000000     2.383009238     5.192414365     0.031668254
     4.130000000     2.467219830     5.187896853     0.033650931
     4.140000000     2.552637363     5.185154203     0.035664421
     4.150000000     2.639582968     5.184331765     0.037700743
     4.160000000     2.728406959     5.185389812     0.039751613
     4.170000000     2.819480937     5.188131012     0.041808541
     4.180000000     2.913188772     5.192238823     0.043862939
     4.190000000     3.009916611     5.197320699     0.045906221
     4.200000000     3.110042096     5.202950925     0.047929903
     4.210000000     3.213922997     5.208709424     0.049925710
     4.220000000     3.321885513     5.214214448     0.051885656
     4.230000000     3.434212496     5.219148102     0.053802141
     4.240000000     3.551131905     5.223273815     0.055668017
     4.250000000     3.672805791     5.226444221     0.057476658
     4.260000000     3.799320123     5.228597106     0.059222011
     4.270000000     3.930675788     5.229736801     0.060898642
     4.280000000     4.066781071     5.229899603     0.062501763
     4.290000000     4.207445911     5.229104337     0.064027257
     4.300000000     4.352378208     5.227292676     0.065471686
     4.310000000     4.501182414     5.224266813     0.066832296
     4.320000000     4.653360586     5.219633603     0.068107011
     4.330000000     4.808316042     5.212763712     0.069294424
     4.340000000     4.965359668     5.202771947     0.070393780
     4.350000000     5.123718877     5.188521905     0.071404964
     4.360000000     5.282549112     5.168655300     0.072328477
     4.370000000     5.440947724     5.141644616     0.073165421
     4.380000000     5.597969978     5.105867093     0.073917478
     4.390000000     5.752646821     5.059697834     0.074586891
     4.400000000     5.904004030     5.001619270     0.075176448
     4.410000000     6.051082239     4.930342720     0.075689465
     4.420000000     6.192957334     4.844935037     0.076129763
     4.430000000     6.328760644     4.744940008     0.076501650
     4.440000000     6.457698351     4.630480949     0.076809903
     4.450000000     6.579069542     4.502329141     0.077059731
     4.460000000     6.692282335     4.361923339     0.077256754
     4.470000000     6.796867587     4.211329531     0.077406954
     4.480000000     6.892489707     4.053137417     0.077516636
     4.490000000     6.978954228     3.890300119     0.077592373
     4.500000000     7.056211844     3.725934139     0.077640937
     4.510000000     7.124358756     3.563104919     0.077669238
     4.520000000     7.183633265     3.404626627     0.077684235
     4.530000000     7.234408691     3.252901749     0.077692858
     4.540000000     7.277182788     3.109817284     0.077701912
     4.550000000     7.312563955     2.976702482     0.077717986
     4.560000000     7.341254649     2.854341359     0.077747355
     4.570000000     7.364032460     2.743024683     0.077795890
     4.580000000     7.381729423     2.642622389     0.077868962
     4.590000000     7.395210155     2.552658708     0.077971366
     4.600000000     7.405349447     2.472377448     0.078107243
     4.610000000     7.413009936     2.400791965     0.078280017
     4.620000000     7.419020479     2.336720923     0.078492355
     4.630000000     7.424155799     2.278815268     0.078746125
     4.640000000     7.429117911     2.225583155     0.079042391
     4.650000000     7.434519781     2.175418369     0.079381409
     4.660000000     7.440871565     2.126635374     0.079762652
     4.670000000     7.448569700     2.077511945     0.080184850
     4.680000000     7.457888993     2.026339301     0.080646040
     4.690000000     7.468977809     1.971479801     0.081143641
     4.700000000     7.481856298     1.911432778     0.081674535
     4.710000000     7.496417578     1.844908562     0.082235163
     4.720000000     7.512431675     1.770908160     0.082821622
     4.730000000     7.529551989     1.688801349     0.083429778
     4.740000000     7.547323983     1.598390608     0.084055372
     4.750000000     7.565195779     1.499944884     0.084694128
     4.760000000     7.582530319     1.394188252     0.085341861
     4.770000000     7.598618749     1.282235024     0.085994572
     4.780000000     7.612694683     1.165473572     0.086648544
     4.790000000     7.623949035     1.045412748     0.087300419
     4.800000000     7.631545124     0.923513474     0.087947269
     4.810000000     7.634633788     0.801031053     0.088586650
     4.820000000     7.632368269     0.678890674     0.089216650
     4.830000000     7.623918693     0.557611091     0.089835911
     4.840000000     7.608485945     0.437282286     0.090443648
     4.850000000     7.585314817     0.317594830     0.091039650
     4.860000000     7.553706313     0.197913036     0.091624264
     4.870000000     7.513028989     0.077381348     0.092198375
     4.880000000     7.462729251    -0.044947179     0.092763365
     4.890000000     7.402340527    -0.169971103     0.093321067
     4.900000000     7.331491226    -0.298400451     0.093873713
     4.910000000     7.249911415    -0.430628093     0.094423862
     4.920000000     7.157438124    -0.566625946     0.094974334
     4.930000000     7.054019225    -0.705879698     0.095528129
     4.940000000     6.939715797    -0.847373668     0.096088346
     4.950000000     6.814702928    -0.989631985     0.096658098
     4.960000000     6.679268893    -1.130814031     0.097240421
     4.970000000     6.533812698    -1.268852844     0.097838188
     4.980000000     6.378839962    -1.401617392     0.098454018
     4.990000000     6.214957170    -1.527075631     0.099090192
     5.000000000     6.042864346    -1.643436255     0.099748565
     5.010000000     5.863346243    -1.749252635     0.100430489
     5.020000000     5.677262158    -1.843480807     0.101136739
     5.030000000     5.485534546    -1.925492128     0.101867447
     5.040000000     5.289136633    -1.995048178     0.102622045
     5.050000000     5.089079234    -2.052249516     0.103399224
     5.060000000     4.886397049    -2.097470826     0.104196894
     5.070000000     4.682134688    -2.131293284     0.105012171
     5.080000000     4.477332726    -2.154441821     0.105841372
     5.090000000     4.273014040    -2.167731317     0.106680028
     5.100000000     4.070170738    -2.172022774     0.107522919
     5.110000000     3.869751914    -2.168188724     0.108364118
     5.120000000     3.672652476    -2.157086594     0.109197064
     5.130000000     3.479703256    -2.139539051     0.110014646
     5.140000000     3.291662568    -2.116320849     0.110809311
     5.150000000     3.109209346    -2.088151902     0.111573179
     5.160000000     2.932937942    -2.055696070     0.112298185
     5.170000000     2.763354636    -2.019564535     0.112976225
     5.180000000     2.600875846    -1.980322099     0.113599317
     5.190000000     2.445827996    -1.938494390     0.114159767
     5.200000000     2.298448954    -1.894574071     0.114650340
     5.210000000     2.158890927    -1.849024656     0.115064431
     5.220000000     2.027224656    -1.802281208     0.115396235
     5.230000000     1.903444753    -1.754748006     0.115640905
     5.240000000     1.787475969    -1.706793917     0.115794706
     5.250000000     1.679180226    -1.658746685     0.115855147
     5.260000000     1.578364179    -1.610887549     0.115821101
     5.270000000     1.484787129    -1.563447496     0.115692896
     5.280000000     1.398169084    -1.516606115     0.115472391
     5.290000000     1.318198788    -1.470493380     0.115163020
     5.300000000     1.244541551    -1.425194039     0.114769808
     5.310000000     1.176846737    -1.380753710     0.114299358
     5.320000000     1.114754777    -1.337185579     0.113759815
     5.330000000     1.057903601    -1.294476736     0.113160785
     5.340000000     1.005934425    -1.252593700     0.112513246
     5.350000000     0.958496800    -1.211487147     0.111829414
     5.360000000     0.915252926    -1.171096178     0.111122593
     5.370000000     0.875881177    -1.131352367     0.110407000
     5.380000000     0.840078872    -1.092183586     0.109697572
     5.390000000     0.807564288    -1.053517292     0.109009748
     5.400000000     0.778077963    -1.015282984     0.108359248
     5.410000000     0.751383335    -0.977413740     0.107761837
     5.420000000     0.727266778    -0.939847215     0.107233080
     5.430000000     0.705537093    -0.902526712     0.106788097
     5.440000000     0.686024542    -0.865402908     0.106441319
     5.450000000     0.668579495    -0.828436417     0.106206251
     5.460000000     0.653070761    -0.791600839     0.106095233
     5.470000000     0.639383698    -0.754885543     0.106119227
     5.480000000     0.627418165    -0.718297369     0.106287606
     5.490000000     0.617086395    -0.681860771     0.106607968
     5.500000000     0.608310860    -0.645616419     0.107085969
     5.510000000     0.601022171    -0.609618752     0.107725179
     5.520000000     0.595157096    -0.573933216     0.108526965
     5.530000000     0.590656717    -0.538633848     0.109490400
     5.540000000     0.587464768    -0.503801546     0.110612213
     5.550000000     0.585526193    -0.469523004     0.111886754
     5.560000000     0.584785932    -0.435889919     0.113306013
     5.570000000     0.585187945    -0.402997962     0.114859663
     5.580000000     0.586674482    -0.370945013     0.116535141
     5.590000000     0.589185592    -0.339828375     0.118317773
     5.600000000     0.592658855    -0.309740906     0.120190928
     5.610000000     0.597029318    -0.280766226     0.122136215
     5.620000000     0.602229620    -0.252973339     0.124133713
     5.630000000     0.608190269    -0.226411083     0.126162234
     5.640000000     0.614840053    -0.201102935     0.128199619
     5.650000000     0.622106549    -0.177042839     0.130223058
     5.660000000     0.629916698    -0.154192821     0.132209435
     5.670000000     0.638197429    -0.132483237     0.134135696
     5.680000000     0.646876291    -0.111816370     0.135979221
     5.690000000     0.655882083    -0.092073652     0.137718209
     5.700000000     0.665145459    -0.073126086     0.139332061
     5.710000000     0.674599475    -0.054846606     0.140801760
     5.720000000     0.684180102    -0.037122420     0.142110232
     5.730000000     0.693826649    -0.019865170     0.143242688
     5.740000000     0.703482139    -0.003017182     0.144186939
     5.750000000     0.713093591     0.013447049     0.144933680
     5.760000000     0.722612245     0.029523831     0.145476723
     5.770000000     0.731993709     0.045186475     0.145813194
     5.780000000     0.741198037     0.060392993     0.145943671
     5.790000000     0.750189752     0.075093616     0.145872272
     5.800000000     0.758937807     0.089236959     0.145606679
     5.810000000     0.767415489     0.102774404     0.145158107
     5.820000000     0.775600285     0.115663036     0.144541208
     5.830000000     0.783473692     0.127867964     0.143773914
     5.840000000     0.791021000     0.139364950     0.142877227
     5.850000000     0.798231018     0.150143948     0.141874943
     5.860000000     0.805095787     0.160213502     0.140793336
     5.870000000     0.811610242     0.169605233     0.139660780
     5.880000000     0.817771856     0.178377158     0.138507346
     5.890000000     0.823580253     0.186614488     0.137364351
     5.900000000     0.829036805     0.194426902     0.136263889
     5.910000000     0.834144216     0.201941987     0.135238339
     5.920000000     0.838906089     0.209295339     0.134319860
     5.930000000     0.843326516     0.216618508     0.133539889
     5.940000000     0.847409661     0.224026378     0.132928643
     5.950000000     0.851159384     0.231605690     0.132514638
     5.960000000     0.854578897     0.239406239     0.132324227
     5.970000000     0.857670471     0.247435916     0.132381171
     5.980000000     0.860435205     0.255660210     0.132706257
     5.990000000     0.862872878     0.264006240     0.133316950
     6.000000000     0.864981871     0.272370766     0.134227105
     6.010000000     0.866759196     0.280631140     0.135446735
     6.020000000     0.868200608     0.288657868     0.136981843
     6.030000000     0.869300819     0.296327296     0.138834316
     6.040000000     0.870053804     0.303533090     0.141001893
     6.050000000     0.870453195     0.310195407     0.143478198
     6.060000000     0.870492743     0.316267052     0.146252850
     6.070000000     0.870166846     0.321736254     0.149311634
     6.080000000     0.869471116     0.326626085     0.152636746
     6.090000000     0.868402969     0.330990825     0.156207098
     6.100000000     0.866962211     0.334909850     0.159998688
     6.110000000     0.865151600     0.338479882     0.163985017
     6.120000000     0.862977361     0.341806662     0.168137553
     6.130000000     0.860449624     0.344997159     0.172426243
     6.140000000     0.857582781     0.348153340     0.176820044
     6.150000000     0.854395720     0.351368177     0.181287478
     6.160000000     0.850911944     0.354724022     0.185797205
     6.170000000     0.847159553     0.358292946     0.190318584
     6.180000000     0.843171088     0.362138184     0.194822229
     6.190000000     0.838983227     0.366315670     0.199280549
     6.200000000     0.834636358     0.370874778     0.203668245
     6.210000000     0.830174011     0.375857794     0.207962774
     6.220000000     0.825642187     0.381298169     0.212144759
     6.230000000     0.821088586     0.387218005     0.216198337
     6.240000000     0.816561759     0.393625502     0.220111449
     6.250000000     0.812110208     0.400513015     0.223876044
     6.260000000     0.807781455     0.407856175     0.227488221
     6.270000000     0.803621114     0.415614239     0.230948281
     6.280000000     0.799671975     0.423731579     0.234260704
     6.290000000     0.795973142     0.432140127     0.237434038
     6.300000000     0.792559235     0.440762576     0.240480720
     6.310000000     0.789459681     0.449516137     0.243416812
     6.320000000     0.786698107     0.458316682     0.246261674
     6.330000000     0.784291858     0.467083031     0.249037564
     6.340000000     0.782251640     0.475741058     0.251769195
     6.350000000     0.780581301     0.484227207     0.254483230
     6.360000000     0.779277750     0.492491016     0.257207750
     6.370000000     0.778331021     0.500496328     0.259971686
     6.380000000     0.777724466     0.508221066     0.262804234
     6.390000000     0.777435085     0.515655632     0.265734271
     6.400000000     0.777433971     0.522800240     0.268789759
     6.410000000     0.777686871     0.529661549     0.271997179
     6.420000000     0.778154841     0.536249067     0.275380976
     6.430000000     0.778794984     0.542571707     0.278963048
     6.440000000     0.779561256     0.548634865     0.282762273
     6.450000000     0.780405325     0.554438363     0.286794085
     6.460000000     0.781277459     0.559975572     0.291070116
     6.470000000     0.782127438     0.565233942     0.295597895
     6.480000000     0.782905463     0.570197045     0.300380628
     6.490000000     0.783563048     0.574847905     0.305417039
     6.500000000     0.784053890     0.579173135     0.310701304
     6.510000000     0.784334680     0.583167130     0.316223054
     6.520000000     0.784365865     0.586835524     0.321967465
     6.530000000     0.784112327     0.590197277     0.327915424
     6.540000000     0.783543992     0.593285083     0.334043775
     6.550000000     0.782636325     0.596144182     0.340325639
     6.560000000     0.781370744     0.598830012     0.346730802
     6.570000000     0.779734909     0.601405273     0.353226167
     6.580000000     0.777722905     0.603936935     0.359776268
     6.590000000     0.775335310     0.606493548     0.366343822
     6.600000000     0.772579151     0.609142953     0.372890330
     6.610000000     0.769467738     0.611950345     0.379376697
     6.620000000     0.766020404     0.614976612     0.385763882
     6.630000000     0.762262135     0.618276883     0.392013539
     6.640000000     0.758223117     0.621899342     0.398088668
     6.650000000     0.753938198     0.625884394     0.403954234
     6.660000000     0.749446288     0.630264221     0.409577766
     6.670000000     0.744789703     0.635062705     0.414929912
     6.680000000     0.740013481     0.640295571     0.419984940
     6.690000000     0.735164666     0.645970564     0.424721179
     6.700000000     0.730291593     0.652087492     0.429121391
     6.710000000     0.725443187     0.658638069     0.433173054
     6.720000000     0.720668281     0.665605613     0.436868575
     6.730000000     0.716014974     0.672964783     0.440205400
     6.740000000     0.711530036     0.680681603     0.443186037
     6.750000000     0.707258380     0.688714015     0.445817988
     6.760000000     0.703242587     0.697013128     0.448113585
     6.770000000     0.699522509     0.705525199     0.450089736
     6.780000000     0.696134938     0.714194213     0.451767590
     6.790000000     0.693113352     0.722964830     0.453172122
     6.800000000     0.690487718     0.731785353     0.454331652
     6.810000000     0.688284361     0.740610361     0.455277294
     6.820000000     0.686525892     0.749402742     0.456042371
     6.830000000     0.685231168     0.758134894     0.456661781
     6.840000000     0.684415306     0.766789037     0.457171343
     6.850000000     0.684089704     0.775356667     0.457607131
     6.860000000     0.684262095     0.783837296     0.458004810
     6.870000000     0.684936599     0.792236720     0.458398985
     6.880000000     0.686113782     0.800565080     0.458822578
     6.890000000     0.687790702     0.808834966     0.459306240
     6.900000000     0.689960957     0.817059750     0.459877819
     6.910000000     0.692614714     0.825252194     0.460561873
     6.920000000     0.695738730     0.833423283     0.461379268
     6.930000000     0.699316370     0.841581165     0.462346828
     6.940000000     0.703327621     0.849730093     0.463477084
     6.950000000     0.707749109     0.857869296     0.464778084
     6.960000000     0.712554134     0.865991857     0.466253303
     6.970000000     0.717712728     0.874083686     0.467901625
     6.980000000     0.723191745     0.882122772     0.469717412
     6.990000000     0.728954994     0.890078835     0.471690654
     7.000000000     0.734963428     0.897913494     0.473807186
     7.010000000     0.741175387     0.905581038     0.476048986
     7.020000000     0.747546911     0.913029850     0.478394525
     7.030000000     0.754032121     0.920204505     0.480819181
     7.040000000     0.760583670     0.927048542     0.483295700
     7.050000000     0.767153262     0.933507784     0.485794695
     7.060000000     0.773692227     0.939534029     0.488285174
     7.070000000     0.780152155     0.945088783     0.490735098
     7.080000000     0.786485568     0.950146664     0.493111939
     7.090000000     0.792646615     0.954698074     0.495383252
     7.100000000     0.798591781     0.958750810     0.497517235
     7.110000000     0.804280581     0.962330399     0.499483275
     7.120000000     0.809676228     0.965479152     0.501252469
     7.130000000     0.814746250     0.968254055     0.502798112
     7.140000000     0.819463040     0.970723790     0.504096150
     7.150000000     0.823804313     0.972965244     0.505125576
     7.160000000     0.827753472     0.975059859     0.505868780
     7.170000000     0.831299848     0.977090150     0.506311835
     7.180000000     0.834438816     0.979136672     0.506444721
     7.190000000     0.837171785     0.981275657     0.506261474
     7.200000000     0.839506054     0.983577484     0.505760275
     7.210000000     0.841454531     0.986106018     0.504943451
     7.220000000     0.843035348     0.988918774     0.503817420
     7.230000000     0.844271348     0.992067609     0.502392545
     7.240000000     0.845189494     0.995599590     0.500682934
     7.250000000     0.845820197     0.999557545     0.498706161
     7.260000000     0.846196602     1.003979919     0.496482933
     7.270000000     0.846353845     1.008899675     0.494036698
     7.280000000     0.846328312     1.014342225     0.491393201
     7.290000000     0.846156935     1.020322628     0.488580010
     7.300000000     0.845876532     1.026842502     0.485625997
     7.310000000     0.845523246     1.033887218     0.482560808
     7.320000000     0.845132067     1.041423979     0.479414319
     7.330000000     0.844736499     1.049401308     0.476216092
     7.340000000     0.844368353     1.057750309     0.472994840
     7.350000000     0.844057700     1.066387827     0.469777913
     7.360000000     0.843832979     1.075221413     0.466590820
     7.370000000     0.843721266     1.084155752     0.463456785
     7.380000000     0.843748710     1.093100009     0.460396355
     7.390000000     0.843941115     1.101975389     0.457427064
     7.400000000     0.844324662     1.110722119     0.454563159
     7.410000000     0.844926762     1.119305041     0.451815393
     7.420000000     0.845777016     1.127717103     0.449190884
     7.430000000     0.846908257     1.135980282     0.446693056
     7.440000000     0.848357658     1.144143779     0.444321639
     7.450000000     0.850167877     1.152279708     0.442072745
     7.460000000     0.852388210     1.160476895     0.439939014
     7.470000000     0.855075737     1.168833582     0.437909816
     7.480000000     0.858296414     1.177449943     0.435971516
     7.490000000     0.862126103     1.186421186     0.434107786
     7.500000000     0.866651503     1.195831789     0.432299965
     7.510000000     0.871970963     1.205751172     0.430527449
     7.520000000     0.878195135     1.216230860     0.428768115
     7.530000000     0.885447467     1.227303072     0.426998757
     7.540000000     0.893864482     1.238980583     0.425195539
     7.550000000     0.903595839     1.251257663     0.423334441
     7.560000000     0.914804135     1.264111908     0.421391707
     7.570000000     0.927664430     1.277506727     0.419344274
     7.580000000     0.942363468     1.291394257     0.417170179
     7.590000000     0.959098563     1.305718444     0.414848938
     7.600000000     0.978076133     1.320418067     0.412361892
     7.610000000     0.999509858     1.335429500     0.409692513
     7.620000000     1.023618440     1.350689080     0.406826665
     7.630000000     1.050622951     1.366135032     0.403752820
     7.640000000     1.080743772     1.381708904     0.400462226
     7.650000000     1.114197101     1.397356492     0.396949018
     7.660000000     1.151191059     1.413028168     0.393210284
     7.670000000     1.191921405     1.428678405     0.389246078
     7.680000000     1.236566891     1.444264268     0.385059379
     7.690000000     1.285284307     1.459742527     0.380656007
     7.700000000     1.338203274     1.475065188     0.376044486
     7.710000000     1.395420868     1.490173327     0.371235871
     7.720000000     1.456996154     1.504989418     0.366243531
     7.730000000     1.522944757     1.519408562     0.361082901
     7.740000000     1.593233577     1.533289310     0.355771197
     7.750000000     1.667775783     1.546444868     0.350327120
     7.760000000     1.746426243     1.558635536     0.344770524
     7.770000000     1.828977526     1.569563200     0.339122087
     7.780000000     1.915156643     1.578868602     0.333402966
     7.790000000     2.004622661     1.586132104     0.327634452
     7.800000000     2.096965364     1.590878575     0.321837637
     7.810000000     2.191705062     1.592586900     0.316033082
     7.820000000     2.288293699     1.590704321     0.310240514
     7.830000000     2.386117319     1.584665246     0.304478534
     7.840000000     2.484499992     1.573913408     0.298764359
     7.850000000     2.582709211     1.557925398     0.293113595
     7.860000000     2.679962760     1.536232883     0.287540040
     7.870000000     2.775437031     1.508440535     0.282055530
     7.880000000     2.868276685     1.474237016     0.276669824
     7.890000000     2.957605545     1.433397439     0.271390523
     7.900000000     3.042538555     1.385777402     0.266223043
     7.910000000     3.122194594     1.331300754     0.261170616
     7.920000000     3.195709918     1.269945207     0.256234341
     7.930000000     3.262251943     1.201731388     0.251413269
     7.940000000     3.321033082     1.126721193     0.246704521
     7.950000000     3.371324333     1.045030273     0.242103442
     7.960000000     3.412468286     0.956856841     0.237603782
     7.970000000     3.443891241     0.862525168     0.233197904
     7.980000000     3.465114131     0.762537785     0.228877005
     7.990000000     3.475761975     0.657626601     0.224631360
     8.000000000     3.475571587     0.548790878     0.220450566
     8.010000000     3.464397363     0.437310342     0.216323803
     8.020000000     3.442214947     0.324724779     0.212240085
     8.030000000     3.409122700     0.212777179     0.208188506
     8.040000000     3.365340888     0.103324480     0.204158486
     8.050000000     3.311208623    -0.001773345     0.200139989
     8.060000000     3.247178619    -0.100770490     0.196123736
     8.070000000     3.173809889    -0.192142247     0.192101389
     8.080000000     3.091758577    -0.274667555     0.188065712
     8.090000000     3.001767160    -0.347478351     0.184010710
     8.100000000     2.904652299    -0.410073378     0.179931732
     8.110000000     2.801291657    -0.462300080     0.175825550
     8.120000000     2.692610014    -0.504312228     0.171690407
     8.130000000     2.579565037    -0.536512709     0.167526036
     8.140000000     2.463133057    -0.559490547     0.163333644
     8.150000000     2.344295192    -0.573959538     0.159115873
     8.160000000     2.224024138    -0.580703566     0.154876735
     8.170000000     2.103271922    -0.580531405     0.150621516
     8.180000000     1.982958872    -0.574241904     0.146356664
     8.190000000     1.863964006    -0.562599086     0.142089655
     8.200000000     1.747116997    -0.546315856     0.137828840
     8.210000000     1.633191820    -0.526044630     0.133583287
     8.220000000     1.522902123    -0.502373157     0.129362605
     8.230000000     1.416898299    -0.475824002     0.125176767
     8.240000000     1.315766214    -0.446856447     0.121035929
     8.250000000     1.220027457    -0.415869932     0.116950250
     8.260000000     1.130140961    -0.383208382     0.112929720
     8.270000000     1.046505792    -0.349165011     0.108983986
     8.280000000     0.969464873    -0.313987310     0.105122202
     8.290000000     0.899309395    -0.277882024     0.101352881
     8.300000000     0.836283652    -0.241020020     0.097683764
     8.310000000     0.780590022    -0.203541040     0.094121714
     8.320000000     0.732393827    -0.165558387     0.090672615
     8.330000000     0.691827836    -0.127163589     0.087341301
     8.340000000     0.658996161    -0.088431070     0.084131503
     8.350000000     0.633977357    -0.049422763     0.081045811
     8.360000000     0.616826566    -0.010192524     0.078085663
     8.370000000     0.607576564     0.029209798     0.075251350
     8.380000000     0.606237666     0.068734745     0.072542040
     8.390000000     0.612796436     0.108330116     0.069955821
     8.400000000     0.627213248     0.147938208     0.067489760
     8.410000000     0.649418781     0.187493269     0.065139977
     8.420000000     0.679309557     0.226918902     0.062901735
     8.430000000     0.716742740     0.266125196     0.060769533
     8.440000000     0.761530390     0.305005310     0.058737222
     8.450000000     0.813433451     0.343431347     0.056798113
     8.460000000     0.872155768     0.381249326     0.054945104
     8.470000000     0.937338436     0.418273155     0.053170801
     8.480000000     1.008554821     0.454277522     0.051467643
     8.490000000     1.085306569     0.488989672     0.049828027
     8.500000000     1.167020911     0.522080104     0.048244425
     8.510000000     1.253049556     0.553152300     0.046709504
     8.520000000     1.342669410     0.581731772     0.045216230
     8.530000000     1.435085323     0.607254942     0.043757969
     8.540000000     1.529435001     0.629058713     0.042328576
     8.550000000     1.624796133     0.646372124     0.040922472
     8.560000000     1.720195751     0.658312124     0.039534706
     8.570000000     1.814621703     0.663886277     0.038161011
     8.580000000     1.907036088     0.662006125     0.036797838
     8.590000000     1.996390394     0.651515647     0.035442375
     8.600000000     2.081642012     0.631239630     0.034092563
     8.610000000     2.161771739     0.600056187     0.032747081
     8.620000000     2.235801829     0.556995619     0.031405330
     8.630000000     2.302814095     0.501363653     0.030067401
     8.640000000     2.361967566     0.432880667     0.028734027
     8.650000000     2.412515176     0.351820309     0.027406531
     8.660000000     2.453818992     0.259122941     0.026086759
     8.670000000     2.485363495     0.156454662     0.024777010
     8.680000000     2.506766512     0.046185016     0.023479958
     8.690000000     2.517787428    -0.068731771     0.022198572
     8.700000000     2.518332404    -0.184967119     0.020936033
     8.710000000     2.508456428    -0.299092030     0.019695652
     8.720000000     2.488362087    -0.407868962     0.018480789
     8.730000000     2.458395097    -0.508510706     0.017294774
     8.740000000     2.419036693    -0.598864831     0.016140838
     8.750000000     2.370893094    -0.677502499     0.015022042
     8.760000000     2.314682347    -0.743713451     0.013941226
     8.770000000     2.251218921    -0.797426947     0.012900949
     8.780000000     2.181396505    -0.839087304     0.011903455
     8.790000000     2.106169485    -0.869512585     0.010950637
     8.800000000     2.026533631    -0.889758841     0.010044015
     8.810000000     1.943506504    -0.901003971     0.009184720
     8.820000000     1.858108118    -0.904457421     0.008373493
     8.830000000     1.771342338    -0.901296152     0.007610683
     8.840000000     1.684179463    -0.892623850     0.006896262
     8.850000000     1.597540395    -0.879448790     0.006229838
     8.860000000     1.512282713    -0.862675531     0.005610684
     8.870000000     1.429188912    -0.843106138     0.005037761
     8.880000000     1.348956963    -0.821447409     0.004509752
     8.890000000     1.272193315    -0.798321402     0.004025096
     8.900000000     1.199408320    -0.774277293     0.003582024
     8.910000000     1.131014046    -0.749803088     0.003178597
     8.920000000     1.067324336    -0.725336112     0.002812740
     8.930000000     1.008556940    -0.701271397     0.002482282
     8.940000000     0.954837478    -0.677967187     0.002184987
     8.950000000     0.906204978    -0.655746926     0.001918586
     8.960000000     0.862618700    -0.634897178     0.001680809
     8.970000000     0.823965946    -0.615661290     0.001469409
     8.980000000     0.790070554    -0.598229126     0.001282188
     8.990000000     0.760701807    -0.582724055     0.001117012
     9.000000000     0.735583471    -0.569189430     0.000971834
     9.010000000     0.714402743    -0.557577840     0.000844703
     9.020000000     0.696818886    -0.547747024     0.000733775
     9.030000000     0.682471409    -0.539466016     0.000637323
     9.040000000     0.670987625    -0.532433538     0.000553737
     9.050000000     0.661989535    -0.526308028     0.000481531
     9.060000000     0.655099951    -0.520745621     0.000419340
     9.070000000     0.649947855    -0.515440095     0.000365919
     9.080000000     0.646172992    -0.510158073     0.000320140
     9.090000000     0.643429723    -0.504763990     0.000280989
     9.100000000     0.641390208    -0.499231846     0.000247555
     9.110000000     0.639746952    -0.493643647     0.000219032
     9.120000000     0.638214808    -0.488176529     0.000194705
     9.130000000     0.636532499    -0.483081518     0.000173945
     9.140000000     0.634463726    -0.478656747     0.000156206
     9.150000000     0.631797940    -0.475217202     0.000141011
     9.160000000     0.628350819    -0.473062399     0.000127950
     9.170000000     0.623964498    -0.472443150     0.000116671
     9.180000000     0.618507601    -0.473529081     0.000106876
     9.190000000     0.611875079    -0.476379619     0.000098310
     9.200000000     0.603987873    -0.480922421     0.000090762
     9.210000000     0.594792411    -0.486943892     0.000084055
     9.220000000     0.584259929    -0.494095862     0.000078042
     9.230000000     0.572385609    -0.501920201     0.000072604
     9.240000000     0.559187527    -0.509889480     0.000067645
     9.250000000     0.544705398    -0.517457778     0.000063086
     9.260000000     0.528999113    -0.524112974     0.000058866
     9.270000000     0.512147069    -0.529421483     0.000054938
     9.280000000     0.494244296    -0.533058595     0.000051264
     9.290000000     0.475400391    -0.534821491     0.000047817
     9.300000000     0.455737291    -0.534626031     0.000044577
     9.310000000     0.435386894    -0.532491351     0.000041530
     9.320000000     0.414488593    -0.528517492     0.000038665
     9.330000000     0.393186740    -0.522860971     0.000035976
     9.340000000     0.371628101    -0.515711962     0.000033460
     9.350000000     0.349959357    -0.507275239     0.000031115
     9.360000000     0.328324684    -0.497755688     0.000028938
     9.370000000     0.306863481    -0.487348287     0.000026931
     9.380000000     0.285708286    -0.476231932     0.000025093
     9.390000000     0.264982910    -0.464566244     0.000023422
     9.400000000     0.244800846    -0.452490554     0.000021919
     9.410000000     0.225263956    -0.440124338     0.000020580
     9.420000000     0.206461467    -0.427568530     0.000019405
     9.430000000     0.188469281    -0.414907316     0.000018389
     9.440000000     0.171349598    -0.402210103     0.000017527
     9.450000000     0.155150838    -0.389533495     0.000016813
     9.460000000     0.139907851    -0.376923156     0.000016242
     9.470000000     0.125642380    -0.364415505     0.000015806
     9.480000000     0.112363759    -0.352039216     0.000015494
     9.490000000     0.100069798    -0.339816524     0.000015299
     9.500000000     0.088747827    -0.327764343     0.000015209
     9.510000000     0.078375851    -0.315895212     0.000015213
     9.520000000     0.068923785    -0.304218097     0.000015300
     9.530000000     0.060354727    -0.292739053     0.000015456
     9.540000000     0.052626235    -0.281461781     0.000015670
     9.550000000     0.045691578    -0.270388087     0.000015929
     9.560000000     0.039500928    -0.259518257     0.000016220
     9.570000000     0.034002479    -0.248851372     0.000016530
     9.580000000     0.029143469    -0.238385564     0.000016848
     9.590000000     0.024871094    -0.228118223     0.000017160
     9.600000000     0.021133308    -0.218046169     0.000017457
     9.610000000     0.017879496    -0.208165793     0.000017728
     9.620000000     0.015061036    -0.198473168     0.000017963
     9.630000000     0.012631735    -0.188964142     0.000018153
     9.640000000     0.010548164    -0.179634415     0.000018292
     9.650000000     0.008769884    -0.170479594     0.000018373
     9.660000000     0.007259579    -0.161495246     0.000018392
     9.670000000     0.005983117    -0.152676930     0.000018345
     9.680000000     0.004909531    -0.144020237     0.000018229
     9.690000000     0.004010951    -0.135520804     0.000018043
     9.700000000     0.003262480    -0.127174339     0.000017789
     9.710000000     0.002642045    -0.118976633     0.000017467
     9.720000000     0.002130214    -0.110923569     0.000017080
     9.730000000     0.001709999    -0.103011133     0.000016631
     9.740000000     0.001366652    -0.095235417     0.000016126
     9.750000000     0.001087448    -0.087592623     0.000015570
     9.760000000     0.000861484    -0.080079066     0.000014968
     9.770000000     0.000679477    -0.072691173     0.000014327
     9.780000000     0.000533570    -0.065425483     0.000013654
     9.790000000     0.000417155    -0.058278647     0.000012957
     9.800000000     0.000324709    -0.051247426     0.000012240
     9.810000000     0.000251643    -0.044328688     0.000011513
     9.820000000     0.000194165    -0.037519408     0.000010782
     9.830000000     0.000149160    -0.030816660     0.000010052
     9.840000000     0.000114087    -0.024217621     0.000009331
     9.850000000     0.000086882    -0.017719563     0.000008623
     9.860000000     0.000065877    -0.011319852     0.000007933
     9.870000000     0.000049735    -0.005015944     0.000007267
     9.880000000     0.000037386     0.001194617     0.000006627
     9.890000000     0.000027984     0.007314204     0.000006017
     9.900000000     0.000020857     0.013345107     0.000005438
     9.910000000     0.000015480     0.019289540     0.000004894
     9.920000000     0.000011442     0.025149640     0.000004384
     9.930000000     0.000008422     0.030927474     0.000003910
     9.940000000     0.000006174     0.036625037     0.000003472
     9.950000000     0.000004508     0.042244258     0.000003070
     9.960000000     0.000003279     0.047787003     0.000002702
     9.970000000     0.000002377     0.053255074     0.000002367
     9.980000000     0.000001716     0.058650216     0.000002065
     9.990000000     0.000001235     0.063974115     0.000001793
    10.000000000     0.000000886     0.069228404     0.000001551
    10.010000000     0.000000633     0.074414662     0.000001335
    10.020000000     0.000000452     0.079534419     0.000001144
    10.030000000     0.000000321     0.084589155     0.000000976
    10.040000000     0.000000228     0.089580303     0.000000829
    10.050000000     0.000000162     0.094509254     0.000000701
    10.060000000     0.000000115     0.099377353     0.000000590
    10.070000000     0.000000081     0.104185904     0.000000495
    10.080000000     0.000000057     0.108936172     0.000000413
    10.090000000     0.000000041     0.113629384     0.000000343
    10.100000000     0.000000029     0.118266728     0.000000284
    10.110000000     0.000000021     0.122849360     0.000000233
    10.120000000     0.000000015     0.127378398     0.000000191
    10.130000000     0.000000010     0.131854930     0.000000156
    10.140000000     0.000000008     0.136280011     0.000000127
    10.150000000     0.000000005     0.140654666     0.000000103
    10.160000000     0.000000004     0.144979891     0.000000083
    10.170000000     0.000000003     0.149256653     0.000000066
    10.180000000     0.000000002     0.153485892     0.000000053
    10.190000000     0.000000002     0.157668521     0.000000042
    10.200000000     0.000000001     0.161805430     0.000000033
    10.210000000     0.000000001     0.165897482     0.000000026
    10.220000000     0.000000001     0.169945518     0.000000021
    10.230000000     0.000000000     0.173950355     0.000000016
    10.240000000     0.000000000     0.177912789     0.000000012
    10.250000000     0.000000000     0.181833595     0.000000010
    10.260000000     0.000000000     0.185713527     0.000000007
    10.270000000     0.000000000     0.189553320     0.000000006
    10.280000000     0.000000000     0.193353688     0.000000004
    10.290000000     0.000000000     0.197115329     0.000000003
    10.300000000     0.000000000     0.200838922     0.000000002
    10.310000000     0.000000000     0.204525128     0.000000002
    10.320000000     0.000000000     0.208174593     0.000000001
    10.330000000     0.000000000     0.211787945     0.000000001
    10.340000000     0.000000000     0.215365798     0.000000001
    10.350000000     0.000000000     0.218908751     0.000000001
    10.360000000     0.000000000     0.222417387     0.000000000
    10.370000000     0.000000000     0.225892276     0.000000000
    10.380000000     0.000000000     0.229333973     0.000000000
    10.390000000     0.000000000     0.232743021     0.000000000
    10.400000000     0.000000000     0.236119950     0.000000000
    10.410000000     0.000000000     0.239465277     0.000000000
    10.420000000     0.000000000     0.242779508     0.000000000
    10.430000000     0.000000000     0.246063135     0.000000000
    10.440000000     0.000000000     0.249316641     0.000000000
    10.450000000     0.000000000     0.252540497     0.000000000
    10.460000000     0.000000000     0.255735164     0.000000000
    10.470000000     0.000000000     0.258901091     0.000000000
    10.480000000     0.000000000     0.262038718     0.000000000
    10.490000000     0.000000000     0.265148477     0.000000000
    10.500000000     0.000000000     0.268230786     0.000000000
    10.510000000     0.000000000     0.271286059     0.000000000
    10.520000000     0.000000000     0.274314697     0.000000000
    10.530000000     0.000000000     0.277317095     0.000000000
    10.540000000     0.000000000     0.280293637     0.000000000
    10.550000000     0.000000000     0.283244702     0.000000000
    10.560000000     0.000000000     0.286170658     0.000000000
    10.570000000     0.000000000     0.289071867     0.000000000
    10.580000000     0.000000000     0.291948682     0.000000000
    10.590000000     0.000000000     0.294801451     0.000000000
    10.600000000     0.000000000     0.297630513     0.000000000
    10.610000000     0.000000000     0.300436200     0.000000000
    10.620000000     0.000000000     0.303218839     0.000000000
    10.630000000     0.000000000     0.305978747     0.000000000
    10.640000000     0.000000000     0.308716239     0.000000000
    10.650000000     0.000000000     0.311431621     0.000000000
    10.660000000     0.000000000     0.314125192     0.000000000
    10.670000000     0.000000000     0.316797249     0.000000000
    10.680000000     0.000000000     0.319448079     0.000000000
    10.690000000     0.000000000     0.322077965     0.000000001
    10.700000000     0.000000000     0.324687186     0.000000001
    10.710000000     0.000000000     0.327276014     0.000000001
    10.720000000     0.000000001     0.329844715     0.000000001
    10.730000000     0.000000001     0.332393553     0.000000002
    10.740000000     0.000000001     0.334922784     0.000000002
    10.750000000     0.000000001     0.337432661     0.000000003
    10.760000000     0.000000002     0.339923430     0.000000004
    10.770000000     0.000000003     0.342395337     0.000000005
    10.780000000     0.000000003     0.344848618     0.000000007
    10.790000000     0.000000004     0.347283508     0.000000009
    10.800000000     0.000000006     0.349700237     0.000000012
    10.810000000     0.000000007     0.352099032     0.000000015
    10.820000000     0.000000009     0.354480113     0.000000020
    10.830000000     0.000000012     0.356843699     0.000000025
    10.840000000     0.000000015     0.359190003     0.000000032
    10.850000000     0.000000019     0.361519236     0.000000041
    10.860000000     0.000000024     0.363831603     0.000000051
    10.870000000     0.000000030     0.366127309     0.000000064
    10.880000000     0.000000037     0.368406552     0.000000080
    10.890000000     0.000000047     0.370669528     0.000000100
    10.900000000     0.000000058     0.372916430     0.000000123
    10.910000000     0.000000071     0.375147447     0.000000152
    10.920000000     0.000000087     0.377362765     0.000000186
    10.930000000     0.000000106     0.379562566     0.000000227
    10.940000000     0.000000129     0.381747031     0.000000276
    10.950000000     0.000000156     0.383916337     0.000000334
    10.960000000     0.000000188     0.386070657     0.000000403
    10.970000000     0.000000225     0.388210161     0.000000483
    10.980000000     0.000000269     0.390335020     0.000000576
    10.990000000     0.000000320     0.392445397     0.000000685
    11.000000000     0.000000378     0.394541455     0.000000811
    11.010000000     0.000000445     0.396623356     0.000000955
    11.020000000     0.000000522     0.398691255     0.000001120
    11.030000000     0.000000610     0.400745308     0.000001308
    11.040000000     0.000000709     0.402785668     0.000001520
    11.050000000     0.000000821     0.404812484     0.000001759
    11.060000000     0.000000945     0.406825904     0.000002027
    11.070000000     0.000001084     0.408826073     0.000002325
    11.080000000     0.000001238     0.410813135     0.000002655
    11.090000000     0.000001408     0.412787231     0.000003018
    11.100000000     0.000001593     0.414748497     0.000003416
    11.110000000     0.000001795     0.416697072     0.000003849
    11.120000000     0.000002014     0.418633089     0.000004318
    11.130000000     0.000002250     0.420556680     0.000004823
    11.140000000     0.000002501     0.422467975     0.000005362
    11.150000000     0.000002769     0.424367102     0.000005936
    11.160000000     0.000003051     0.426254187     0.000006542
    11.170000000     0.000003348     0.428129353     0.000007177
    11.180000000     0.000003657     0.429992722     0.000007840
    11.190000000     0.000003977     0.431844414     0.000008525
    11.200000000     0.000004305     0.433684546     0.000009230
    11.210000000     0.000004640     0.435513233     0.000009948
    11.220000000     0.000004979     0.437330590     0.000010675
    11.230000000     0.000005319     0.439136727     0.000011404
    11.240000000     0.000005657     0.440931755     0.000012129
    11.250000000     0.000005990     0.442715779     0.000012842
    11.260000000     0.000006314     0.444488906     0.000013538
    11.270000000     0.000006627     0.446251239     0.000014207
    11.280000000     0.000006924     0.448002880     0.000014844
    11.290000000     0.000007202     0.449743930     0.000015440
    11.300000000     0.000007458     0.451474488     0.000015989
    11.310000000     0.000007689     0.453194654     0.000016485
    11.320000000     0.000007892     0.454904526     0.000016920
    11.330000000     0.000008064     0.456604205     0.000017290
    11.340000000     0.000008204     0.458293790     0.000017589
    11.350000000     0.000008309     0.459973384     0.000017814
    11.360000000     0.000008378     0.461643090     0.000017962
    11.370000000     0.000008410     0.463303011     0.000018031
    11.380000000     0.000008405     0.464953250     0.000018020
    11.390000000     0.000008363     0.466593911     0.000017930
    11.400000000     0.000008284     0.468225094     0.000017760
    11.410000000     0.000008169     0.469846898     0.000017514
    11.420000000     0.000008020     0.471459418     0.000017195
    11.430000000     0.000007839     0.473062744     0.000016807
    11.440000000     0.000007628     0.474656964     0.000016355
    11.450000000     0.000007390     0.476242163     0.000015844
    11.460000000     0.000007128     0.477818421     0.000015281
    11.470000000     0.000006844     0.479385818     0.000014673
    11.480000000     0.000006543     0.480944430     0.000014027
    11.490000000     0.000006227     0.482494334     0.000013350
    11.500000000     0.000005900     0.484035604     0.000012649
    11.510000000     0.000005565     0.485568313     0.000011931
    11.520000000     0.000005226     0.487092534     0.000011205
    11.530000000     0.000004886     0.488608341     0.000010476
    11.540000000     0.000004548     0.490115804     0.000009751
    11.550000000     0.000004215     0.491614995     0.000009036
    11.560000000     0.000003888     0.493105984     0.000008336
    11.570000000     0.000003571     0.494588842     0.000007656
    11.580000000     0.000003265     0.496063639     0.000007001
    11.590000000     0.000002973     0.497530442     0.000006373
    11.600000000     0.000002694     0.498989320     0.000005776
    11.610000000     0.000002431     0.500440341     0.000005211
    11.620000000     0.000002184     0.501883571     0.000004681
    11.630000000     0.000001953     0.503319077     0.000004186
    11.640000000     0.000001739     0.504746925     0.000003727
    11.650000000     0.000001541     0.506167178     0.000003304
    11.660000000     0.000001360     0.507579901     0.000002915
    11.670000000     0.000001195     0.508985158     0.000002561
    11.680000000     0.000001045     0.510383010     0.000002240
    11.690000000     0.000000910     0.511773521     0.000001951
    11.700000000     0.000000789     0.513156750     0.000001691
    11.710000000     0.000000681     0.514532759     0.000001460
    11.720000000     0.000000585     0.515901607     0.000001254
    11.730000000     0.000000500     0.517263354     0.000001073
    11.740000000     0.000000426     0.518618058     0.000000914
    11.750000000     0.000000361     0.519965776     0.000000775
    11.760000000     0.000000305     0.521306566     0.000000654
    11.770000000     0.000000256     0.522640485     0.000000549
    11.780000000     0.000000214     0.523967587     0.000000460
    11.790000000     0.000000179     0.525287929     0.000000383
    11.800000000     0.000000148     0.526601564     0.000000317
    11.810000000     0.000000122     0.527908547     0.000000262
    11.820000000     0.000000100     0.529208931     0.000000215
    11.830000000     0.000000082     0.530502769     0.000000176
    11.840000000     0.000000067     0.531790112     0.000000144
    11.850000000     0.000000054     0.533071012     0.000000116
    11.860000000     0.000000044     0.534345521     0.000000094
    11.870000000     0.000000035     0.535613688     0.000000076
    11.880000000     0.000000028     0.536875563     0.000000060
    11.890000000     0.000000022     0.538131195     0.000000048
    11.900000000     0.000000018     0.539380634     0.000000038
    11.910000000     0.000000014     0.540623927     0.000000030
    11.920000000     0.000000011     0.541861123     0.000000024
    11.930000000     0.000000009     0.543092267     0.000000019
    11.940000000     0.000000007     0.544317406     0.000000014
    11.950000000     0.000000005     0.545536588     0.000000011
    11.960000000     0.000000004     0.546749856     0.000000009
    11.970000000     0.000000003     0.547957257     0.000000007
    11.980000000     0.000000002     0.549158835     0.000000005
    11.990000000     0.000000002     0.550354634     0.000000004
    12.000000000     0.000000001     0.551544698     0.000000003
    12.010000000     0.000000001     0.552729069     0.000000002
    12.020000000     0.000000001     0.553907791     0.000000002
    12.030000000     0.000000001     0.555080906     0.000000001
    12.040000000     0.000000000     0.556248455     0.000000001
    12.050000000     0.000000000     0.557410481     0.000000001
    12.060000000     0.000000000     0.558567023     0.000000001
    12.070000000     0.000000000     0.559718122     0.000000000
    12.080000000     0.000000000     0.560863820     0.000000000
    12.090000000     0.000000000     0.562004154     0.000000000
    12.100000000     0.000000000     0.563139164     0.000000000
    12.110000000     0.000000000     0.564268890     0.000000000
    12.120000000     0.000000000     0.565393370     0.000000000
    12.130000000     0.000000000     0.566512641     0.000000000
    12.140000000     0.000000000     0.567626741     0.000000000
    12.150000000     0.000000000     0.568735708     0.000000000
    12.160000000     0.000000000     0.569839579     0.000000000
    12.170000000     0.000000000     0.570938390     0.000000000
    12.180000000     0.000000000     0.572032177     0.000000000
    12.190000000     0.000000000     0.573120976     0.000000000
    12.200000000     0.000000000     0.574204822     0.000000000
    12.210000000     0.000000000     0.575283751     0.000000000
    12.220000000     0.000000000     0.576357797     0.000000000
    12.230000000     0.000000000     0.577426994     0.000000000
    12.240000000     0.000000000     0.578491377     0.000000000
    12.250000000     0.000000000     0.579550980     0.000000000
    12.260000000     0.000000000     0.580605835     0.000000000
    12.270000000     0.000000000     0.581655976     0.000000000
    12.280000000     0.000000000     0.582701435     0.000000000
    12.290000000     0.000000000     0.583742245     0.000000000
    12.300000000     0.000000000     0.584778438     0.000000000
    12.310000000     0.000000000     0.585810046     0.000000000
    12.320000000     0.000000000     0.586837099     0.000000000
    12.330000000     0.000000000     0.587859630     0.000000000
    12.340000000     0.000000000     0.588877669     0.000000000
    12.350000000     0.000000000     0.589891247     0.000000000
    12.360000000     0.000000000     0.590900393     0.000000000
    12.370000000     0.000000000     0.591905139     0.000000000
    12.380000000     0.000000000     0.592905513     0.000000000
    12.390000000     0.000000000     0.593901545     0.000000000
    12.400000000     0.000000000     0.594893264     0.000000000
    12.410000000     0.000000000     0.595880699     0.000000000
    12.420000000     0.000000000     0.596863879     0.000000000
    12.430000000     0.000000000     0.597842832     0.000000000
    12.440000000     0.000000000     0.598817585     0.000000000
    12.450000000     0.000000000     0.599788168     0.000000000
    12.460000000     0.000000000     0.600754606     0.000000000
    12.470000000     0.000000000     0.601716928     0.000000000
    12.480000000     0.000000000     0.602675161     0.000000000
    12.490000000     0.000000000     0.603629331     0.000000000
    12.500000000     0.000000000     0.604579465     0.000000000
    12.510000000     0.000000000     0.605525589     0.000000000
    12.520000000     0.000000000     0.606467730     0.000000000
    12.530000000     0.000000000     0.607405912     0.000000000
    12.540000000     0.000000000     0.608340162     0.000000000
    12.550000000     0.000000000     0.609270505     0.000000000
    12.560000000     0.000000000     0.610196966     0.000000000
    12.570000000     0.000000000     0.611119570     0.000000000
    12.580000000     0.000000000     0.612038342     0.000000000
    12.590000000     0.000000000     0.612953306     0.000000000
    12.600000000     0.000000000     0.613864486     0.000000000
    12.610000000     0.000000000     0.614771906     0.000000000
    12.620000000     0.000000000     0.615675590     0.000000000
    12.630000000     0.000000000     0.616575563     0.000000000
    12.640000000     0.000000000     0.617471846     0.000000000
    12.650000000     0.000000000     0.618364463     0.000000000
    12.660000000     0.000000000     0.619253438     0.000000000
    12.670000000     0.000000000     0.620138793     0.000000000
    12.680000000     0.000000000     0.621020550     0.000000000
    12.690000000     0.000000000     0.621898732     0.000000000
    12.700000000     0.000000000     0.622773361     0.000000000
    12.710000000     0.000000000     0.623644460     0.000000000
    12.720000000     0.000000000     0.624512049     0.000000000
    12.730000000     0.000000000     0.625376151     0.000000000
    12.740000000     0.000000000     0.626236787     0.000000000
    12.750000000     0.000000000     0.627093977     0.000000000
    12.760000000     0.000000000     0.627947745     0.000000000
    12.770000000     0.000000000     0.628798109     0.000000000
    12.780000000     0.000000000     0.629645091     0.000000000
    12.790000000     0.000000000     0.630488711     0.000000000
    12.800000000     0.000000000     0.631328990     0.000000000
    12.810000000     0.000000000     0.632165948     0.000000000
    12.820000000     0.000000000     0.632999605     0.000000000
    12.830000000     0.000000000     0.633829980     0.000000000
    12.840000000     0.000000000     0.634657094     0.000000000
    12.850000000     0.000000000     0.635480965     0.000000000
    12.860000000     0.000000000     0.636301614     0.000000000
    12.870000000     0.000000000     0.637119060     0.000000000
    12.880000000     0.000000000     0.637933320     0.000000000
    12.890000000     0.000000000     0.638744416     0.000000000
    12.900000000     0.000000000     0.639552364     0.000000000
    12.910000000     0.000000000     0.640357183     0.000000000
    12.920000000     0.000000000     0.641158893     0.000000000
    12.930000000     0.000000000     0.641957511     0.000000000
    12.940000000     0.000000000     0.642753055     0.000000000
    12.950000000     0.000000000     0.643545544     0.000000000
    12.960000000     0.000000000     0.644334995     0.000000000
    12.970000000     0.000000000     0.645121425     0.000000000
    12.980000000     0.000000000     0.645904853     0.000000000
    12.990000000     0.000000000     0.646685296     0.000000000
    13.000000000     0.000000000     0.647462771     0.000000000
