     0.000000000     0.000000000     2.097160055     0.000000000
     0.010000000     0.000000000     2.097164648     0.000000000
     0.020000000     0.000000000     2.097178426     0.000000000
     0.030000000     0.000000000     2.097201392     0.000000000
     0.040000000     0.000000000     2.097233548     0.000000000
     0.050000000     0.000000000     2.097274896     0.000000000
     0.060000000     0.000000000     2.097325442     0.000000000
     0.070000000     0.000000000     2.097385190     0.000000000
     0.080000000     0.000000000     2.097454146     0.000000000
     0.090000000     0.000000000     2.097532318     0.000000000
     0.100000000     0.000000000     2.097619713     0.000000000
     0.110000000     0.000000000     2.097716340     0.000000000
     0.120000000     0.000000000     2.097822210     0.000000000
     0.130000000     0.000000000     2.097937332     0.000000000
     0.140000000     0.000000000     2.098061719     0.000000000
     0.150000000     0.000000000     2.098195384     0.000000000
     0.160000000     0.000000000     2.098338340     0.000000000
     0.170000000     0.000000000     2.098490602     0.000000000
     0.180000000     0.000000000     2.098652185     0.000000000
     0.190000000     0.000000000     2.098823106     0.000000000
     0.200000000     0.000000000     2.099003384     0.000000000
     0.210000000     0.000000000     2.099193035     0.000000000
     0.220000000     0.000000000     2.099392081     0.000000000
     0.230000000     0.000000000     2.099600542     0.000000000
     0.240000000     0.000000000     2.099818438     0.000000000
     0.250000000     0.000000000     2.100045794     0.000000000
     0.260000000     0.000000000     2.100282633     0.000000000
     0.270000000     0.000000000     2.100528978     0.000000000
     0.280000000     0.000000000     2.100784857     0.000000000
     0.290000000     0.000000000     2.101050296     0.000000000
     0.300000000     0.000000000     2.101325323     0.000000000
     0.310000000     0.000000000     2.101609967     0.000000000
     0.320000000     0.000000000     2.101904258     0.000000000
     0.330000000     0.000000000     2.102208227     0.000000000
     0.340000000     0.000000000     2.102521906     0.000000000
     0.350000000     0.000000000     2.102845329     0.000000000
     0.360000000     0.000000000     2.103178530     0.000000000
     0.370000000     0.000000000     2.103521546     0.000000000
     0.380000000     0.000000000     2.103874412     0.000000000
     0.390000000     0.000000000     2.104237167     0.000000000
     0.400000000     0.000000000     2.104609850     0.000000000
     0.410000000     0.000000000     2.104992501     0.000000000
     0.420000000     0.000000000     2.105385163     0.000000000
     0.430000000     0.000000000     2.105787877     0.000000000
     0.440000000     0.000000000     2.106200689     0.000000000
     0.450000000     0.000000000     2.106623643     0.000000000
     0.460000000     0.000000000     2.107056785     0.000000000
     0.470000000     0.000000000     2.107500165     0.000000000
     0.480000000     0.000000000     2.107953831     0.000000000
     0.490000000     0.000000000     2.108417834     0.000000000
     0.500000000     0.000000000     2.108892225     0.000000000
     0.510000000     0.000000000     2.109377059     0.000000000
     0.520000000     0.000000000     2.109872389     0.000000000
     0.530000000     0.000000000     2.110378273     0.000000000
     0.540000000     0.000000000     2.110894767     0.000000000
     0.550000000     0.000000000     2.111421931     0.000000000
     0.560000000     0.000000000     2.111959826     0.000000000
     0.570000000     0.000000000     2.112508513     0.000000000
     0.580000000     0.000000000     2.113068056     0.000000000
     0.590000000     0.000000000     2.113638520     0.000000000
     0.600000000     0.000000000     2.114219973     0.000000000
     0.610000000     0.000000000     2.114812482     0.000000000
     0.620000000     0.000000000     2.115416118     0.000000000
     0.630000000     0.000000000     2.116030952     0.000000000
     0.640000000     0.000000000     2.116657058     0.000000000
     0.650000000     0.000000000     2.117294511     0.000000000
     0.660000000     0.000000000     2.117943389     0.000000000
     0.670000000     0.000000000     2.118603769     0.000000000
     0.680000000     0.000000000     2.119275733     0.000000000
     0.690000000     0.000000000     2.119959363     0.000000000
     0.700000000     0.000000000     2.120654744     0.000000000
     0.710000000     0.000000000     2.121361962     0.000000000
     0.720000000     0.000000000     2.122081106     0.000000000
     0.730000000     0.000000000     2.122812265     0.000000000
     0.740000000     0.000000000     2.123555533     0.000000000
     0.750000000     0.000000000     2.124311004     0.000000000
     0.760000000     0.000000000     2.125078776     0.000000000
     0.770000000     0.000000000     2.125858946     0.000000000
     0.780000000     0.000000000     2.126651616     0.000000000
     0.790000000     0.000000000     2.127456890     0.000000000
     0.800000000     0.000000000     2.128274874     0.000000000
     0.810000000     0.000000000     2.129105677     0.000000000
     0.820000000     0.000000000     2.129949408     0.000000000
     0.830000000     0.000000000     2.130806181     0.000000000
     0.840000000     0.000000000     2.131676113     0.000000000
     0.850000000     0.000000000     2.132559321     0.000000000
     0.860000000     0.000000000     2.133455927     0.000000000
     0.870000000     0.000000000     2.134366055     0.000000000
     0.880000000     0.000000000     2.135289832     0.000000000
     0.890000000     0.000000000     2.136227387     0.000000000
     0.900000000     0.000000000     2.137178853     0.000000000
     0.910000000     0.000000000     2.138144365     0.000000000
     0.920000000     0.000000000     2.139124063     0.000000000
     0.930000000     0.000000000     2.140118087     0.000000000
     0.940000000     0.000000000     2.141126584     0.000000000
     0.950000000     0.000000000     2.142149701     0.000000000
     0.960000000     0.000000000     2.143187591     0.000000000
     0.970000000     0.000000000     2.144240408     0.000000000
     0.980000000     0.000000000     2.145308312     0.000000000
     0.990000000     0.000000000     2.146391466     0.000000000
     1.000000000     0.000000000     2.147490035     0.000000000
     1.010000000     0.000000000     2.148604189     0.000000000
     1.020000000     0.000000000     2.149734104     0.000000000
     1.030000000     0.000000000     2.150879956     0.000000000
     1.040000000     0.000000000     2.152041929     0.000000000
     1.050000000     0.000000000     2.153220209     0.000000000
     1.060000000     0.000000000     2.154414987     0.000000000
     1.070000000     0.000000000     2.155626459     0.000000000
     1.080000000     0.000000000     2.156854825     0.000000000
     1.090000000     0.000000000     2.158100289     0.000000000
     1.100000000     0.000000000     2.159363062     0.000000000
     1.110000000     0.000000000     2.160643358     0.000000000
     1.120000000     0.000000000     2.161941399     0.000000000
     1.130000000     0.000000000     2.163257407     0.000000000
     1.140000000     0.000000000     2.164591616     0.000000000
     1.150000000     0.000000000     2.165944260     0.000000000
     1.160000000     0.000000000     2.167315583     0.000000000
     1.170000000     0.000000000     2.168705832     0.000000000
     1.180000000     0.000000000     2.170115262     0.000000000
     1.190000000     0.000000000     2.171544133     0.000000000
     1.200000000     0.000000000     2.172992712     0.000000000
     1.210000000     0.000000000     2.174461273     0.000000000
     1.220000000     0.000000000     2.175950096     0.000000000
     1.230000000     0.000000000     2.177459469     0.000000000
     1.240000000     0.000000000     2.178989688     0.000000000
     1.250000000     0.000000000     2.180541054     0.000000000
     1.260000000     0.000000000     2.182113877     0.000000000
     1.270000000     0.000000000     2.183708477     0.000000000
     1.280000000     0.000000000     2.185325179     0.000000000
     1.290000000     0.000000000     2.186964318     0.000000000
     1.300000000     0.000000000     2.188626238     0.000000000
     1.310000000     0.000000000     2.190311292     0.000000000
     1.320000000     0.000000000     2.192019842     0.000000000
     1.330000000     0.000000000     2.193752259     0.000000000
     1.340000000     0.000000000     2.195508926     0.000000000
     1.350000000     0.000000000     2.197290233     0.000000000
     1.360000000     0.000000000     2.199096585     0.000000000
     1.370000000     0.000000000     2.200928393     0.000000000
     1.380000000     0.000000000     2.202786084     0.000000000
     1.390000000     0.000000000     2.204670093     0.000000000
     1.400000000     0.000000000     2.206580869     0.000000000
     1.410000000     0.000000000     2.208518874     0.000000000
     1.420000000     0.000000000     2.210484582     0.000000000
     1.430000000     0.000000000     2.212478479     0.000000000
     1.440000000     0.000000000     2.214501068     0.000000000
     1.450000000     0.000000000     2.216552863     0.000000000
     1.460000000     0.000000000     2.218634397     0.000000000
     1.470000000     0.000000000     2.220746214     0.000000000
     1.480000000     0.000000000     2.222888876     0.000000000
     1.490000000     0.000000000     2.225062962     0.000000000
     1.500000000     0.000000000     2.227269068     0.000000000
     1.510000000     0.000000000     2.229507806     0.000000000
     1.520000000     0.000000000     2.231779808     0.000000000
     1.530000000     0.000000000     2.234085724     0.000000000
     1.540000000     0.000000000     2.236426225     0.000000000
     1.550000000     0.000000000     2.238802002     0.000000000
     1.560000000     0.000000000     2.241213767     0.000000000
     1.570000000     0.000000000     2.243662255     0.000000000
     1.580000000     0.000000000     2.246148221     0.000000000
     1.590000000     0.000000000     2.248672447     0.000000000
     1.600000000     0.000000000     2.251235740     0.000000000
     1.610000000     0.000000000     2.253838929     0.000000000
     1.620000000     0.000000000     2.256482874     0.000000000
     1.630000000     0.000000000     2.259168459     0.000000000
     1.640000000     0.000000000     2.261896601     0.000000000
     1.650000000     0.000000000     2.264668242     0.000000000
     1.660000000     0.000000000     2.267484360     0.000000000
     1.670000000     0.000000000     2.270345963     0.000000000
     1.680000000     0.000000000     2.273254093     0.000000000
     1.690000000     0.000000001     2.276209827     0.000000000
     1.700000000     0.000000001     2.279214280     0.000000000
     1.710000000     0.000000001     2.282268604     0.000000000
     1.720000000     0.000000002     2.285373990     0.000000000
     1.730000000     0.000000003     2.288531674     0.000000000
     1.740000000     0.000000004     2.291742931     0.000000000
     1.750000000     0.000000006     2.295009083     0.000000000
     1.760000000     0.000000009     2.298331500     0.000000000
     1.770000000     0.000000014     2.301711599     0.000000000
     1.780000000     0.000000020     2.305150849     0.000000000
     1.790000000     0.000000030     2.308650773     0.000000000
     1.800000000     0.000000043     2.312212950     0.000000000
     1.810000000     0.000000063     2.315839016     0.000000000
     1.820000000     0.000000091     2.319530668     0.000000000
     1.830000000     0.000000132     2.323289666     0.000000000
     1.840000000     0.000000189     2.327117839     0.000000000
     1.850000000     0.000000271     2.331017082     0.000000000
     1.860000000     0.000000386     2.334989365     0.000000000
     1.870000000     0.000000548     2.339036731     0.000000001
     1.880000000     0.000000774     2.343161305     0.000000001
     1.890000000     0.000001090     2.347365293     0.000000001
     1.900000000     0.000001528     2.351650988     0.000000002
     1.910000000     0.000002134     2.356020774     0.000000003
     1.920000000     0.000002968     2.360477128     0.000000003
     1.930000000     0.000004113     2.365022629     0.000000005
     1.940000000     0.000005676     2.369659955     0.000000006
     1.950000000     0.000007802     2.374391898     0.000000009
     1.960000000     0.000010682     2.379221357     0.000000012
     1.970000000     0.000014567     2.384151354     0.000000016
     1.980000000     0.000019787     2.389185033     0.000000021
     1.990000000     0.000026772     2.394325668     0.000000029
     2.000000000     0.000036080     2.399576666     0.000000038
     2.010000000     0.000048433     2.404941578     0.000000050
     2.020000000     0.000064760     2.410424100     0.000000066
     2.030000000     0.000086250     2.416028084     0.000000087
     2.040000000     0.000114422     2.421757540     0.000000113
     2.050000000     0.000151200     2.427616647     0.000000147
     2.060000000     0.000199016     2.433609757     0.000000190
     2.070000000     0.000260929     2.439741402     0.000000246
     2.080000000     0.000340763     2.446016303     0.000000316
     2.090000000     0.000443280     2.452439376     0.000000404
     2.100000000     0.000574383     2.459015736     0.000000514
     2.110000000     0.000741348     2.465750709     0.000000653
     2.120000000     0.000953101     2.472649832     0.000000825
     2.130000000     0.001220540     2.479718865     0.000001039
     2.140000000     0.001556900     2.486963790     0.000001302
     2.150000000     0.001978173     2.494390820     0.000001626
     2.160000000     0.002503581     2.502006398     0.000002023
     2.170000000     0.003156109     2.509817200     0.000002507
     2.180000000     0.003963089     2.517830135     0.000003095
     2.190000000     0.004956850     2.526052339     0.000003805
     2.200000000     0.006175414     2.534491172     0.000004661
     2.210000000     0.007663251     2.543154203     0.000005689
     2.220000000     0.009472068     2.552049200     0.000006918
     2.230000000     0.011661628     2.561184102     0.000008381
     2.240000000     0.014300593     2.570566997     0.000010119
     2.250000000     0.017467351     2.580206078     0.000012173
     2.260000000     0.021250823     2.590109598     0.000014595
     2.270000000     0.025751207     2.600285804     0.000017440
     2.280000000     0.031080636     2.610742860     0.000020771
     2.290000000     0.037363705     2.621488743     0.000024660
     2.300000000     0.044737823     2.632531125     0.000029185
     2.310000000     0.053353353     2.643877210     0.000034437
     2.320000000     0.063373482     2.655533548     0.000040516
     2.330000000     0.074973769     2.667505798     0.000047535
     2.340000000     0.088341332     2.679798437     0.000055618
     2.350000000     0.103673609     2.692414404     0.000064908
     2.360000000     0.121176664     2.705354669     0.000075562
     2.370000000     0.141062979     2.718617702     0.000087757
     2.380000000     0.163548726     2.732198827     0.000101694
     2.390000000     0.188850477     2.746089448     0.000117594
     2.400000000     0.217181369     2.760276098     0.000135709
     2.410000000     0.248746713     2.774739307     0.000156322
     2.420000000     0.283739106     2.789452235     0.000179748
     2.430000000     0.322333077     2.804379046     0.000206345
     2.440000000     0.364679350     2.819472969     0.000236510
     2.450000000     0.410898831     2.834674024     0.000270693
     2.460000000     0.461076430     2.849906366     0.000309393
     2.470000000     0.515254866     2.865075215     0.000353170
     2.480000000     0.573428628     2.880063371     0.000402644
     2.490000000     0.635538259     2.894727318     0.000458505
     2.500000000     0.701465171     2.908892969     0.000521515
     2.510000000     0.771027176     2.922351146     0.000592509
     2.520000000     0.843974952     2.934852940     0.000672402
     2.530000000     0.919989627     2.946105170     0.000762188
     2.540000000     0.998681662     2.955766192     0.000862939
     2.550000000     1.079591196     2.963442360     0.000975806
     2.560000000     1.162189976     2.968685422     0.001102011
     2.570000000     1.245884969     2.970991155     0.001242844
     2.580000000     1.330023695     2.969799497     0.001399647
     2.590000000     1.413901286     2.964496556     0.001573808
     2.600000000     1.496769205     2.954419102     0.001766742
     2.610000000     1.577845523     2.938862666     0.001979868
     2.620000000     1.656326578     2.917095101     0.002214589
     2.630000000     1.731399798     2.888378236     0.002472263
     2.640000000     1.802257419     2.852000714     0.002754171
     2.650000000     1.868110785     2.807324767     0.003061484
     2.660000000     1.928204872     2.753848099     0.003395227
     2.670000000     1.981832688     2.691278985     0.003756236
     2.680000000     2.028349146     2.619618501     0.004145120
     2.690000000     2.067184040     2.539239203     0.004562216
     2.700000000     2.097853762     2.450945907     0.005007552
     2.710000000     2.119971412     2.356003014     0.005480803
     2.720000000     2.133255014     2.256115271     0.005981254
     2.730000000     2.137533586     2.153355218     0.006507768
     2.740000000     2.132750885     2.050039953     0.007058755
     2.750000000     2.118966707     1.948570176     0.007632156
     2.760000000     2.096355704     1.851253029     0.008225421
     2.770000000     2.065203736     1.760134527     0.008835513
     2.780000000     2.025901889     1.676865938     0.009458906
     2.790000000     1.978938305     1.602621314     0.010091607
     2.800000000     1.924888085     1.538072651     0.010729180
     2.810000000     1.864401543     1.483417999     0.011366789
     2.820000000     1.798191159     1.438449350     0.011999244
     2.830000000     1.727017585     1.402643245     0.012621069
     2.840000000     1.651675103     1.375257560     0.013226572
     2.850000000     1.572976909     1.355421664     0.013809927
     2.860000000     1.491740620     1.342212070     0.014365265
     2.870000000     1.408774340     1.334710362     0.014886767
     2.880000000     1.324863632     1.332043661     0.015368767
     2.890000000     1.240759664     1.333409961     0.015805852
     2.900000000     1.157168770     1.338091535     0.016192962
     2.910000000     1.074743593     1.345459629     0.016525487
     2.920000000     0.994075945     1.354973235     0.016799356
     2.930000000     0.915691439     1.366174129     0.017011121
     2.940000000     0.840045894     1.378679749     0.017158030
     2.950000000     0.767523477     1.392174989     0.017238079
     2.960000000     0.698436483     1.406403618     0.017250065
     2.970000000     0.633026617     1.421159775     0.017193606
     2.980000000     0.571467624     1.436279824     0.017069158
     2.990000000     0.513869060     1.451634784     0.016878003
     3.000000000     0.460281019     1.467123501     0.016622235
     3.010000000     0.410699583     1.482666656     0.016304710
     3.020000000     0.365072803     1.498201724     0.015929003
     3.030000000     0.323306992     1.513678884     0.015499327
     3.040000000     0.285273145     1.529057875     0.015020463
     3.050000000     0.250813313     1.544305683     0.014497662
     3.060000000     0.219746784     1.559394950     0.013936553
     3.070000000     0.191875932     1.574302911     0.013343034
     3.080000000     0.166991643     1.589010724     0.012723173
     3.090000000     0.144878247     1.603503035     0.012083100
     3.100000000     0.125317878     1.617767677     0.011428906
     3.110000000     0.108094274     1.631795410     0.010766546
     3.120000000     0.092995966     1.645579684     0.010101755
     3.130000000     0.079818900     1.659116377     0.009439960
     3.140000000     0.068368495     1.672403531     0.008786219
     3.150000000     0.058461190     1.685441077     0.008145157
     3.160000000     0.049925510     1.698230555     0.007520928
     3.170000000     0.042602717     1.710774861     0.006917174
     3.180000000     0.036347094     1.723078006     0.006337011
     3.190000000     0.031025916     1.735144901     0.005783021
     3.200000000     0.026519175     1.746981182     0.005257251
     3.210000000     0.022719096     1.758593051     0.004761229
     3.220000000     0.019529508     1.769987159     0.004295989
     3.230000000     0.016865099     1.781170501     0.003862097
     3.240000000     0.014650616     1.792150326     0.003459691
     3.250000000     0.012820011     1.802934057     0.003088521
     3.260000000     0.011315602     1.813529199     0.002747996
     3.270000000     0.010087232     1.823943241     0.002437228
     3.280000000     0.009091469     1.834183549     0.002155082
     3.290000000     0.008290855     1.844257261     0.001900222
     3.300000000     0.007653206     1.854171192     0.001671158
     3.310000000     0.007150972     1.863931769     0.001466286
     3.320000000     0.006760668     1.873545015     0.001283933
     3.330000000     0.006462360     1.883016585     0.001122389
     3.340000000     0.006239219     1.892351857     0.000979940
     3.350000000     0.006077130     1.901556083     0.000854897
     3.360000000     0.005964363     1.910634573     0.000745621
     3.370000000     0.005891283     1.919592907     0.000650538
     3.380000000     0.005850119     1.928437153     0.000568160
     3.390000000     0.005834762     1.937174061     0.000497093
     3.400000000     0.005840602     1.945811208     0.000436044
     3.410000000     0.005864404     1.954357073     0.000383830
     3.420000000     0.005904199     1.962820994     0.000339378
     3.430000000     0.005959206     1.971213013     0.000301720
     3.440000000     0.006029771     1.979543592     0.000270001
     3.450000000     0.006117328     1.987823239     0.000243465
     3.460000000     0.006224370     1.996062090     0.000221456
     3.470000000     0.006354439     2.004269518     0.000203408
     3.480000000     0.006512127     2.012453831     0.000188843
     3.490000000     0.006703083     2.020622095     0.000177359
     3.500000000     0.006934041     2.028780103     0.000168627
     3.510000000     0.007212848     2.036932459     0.000162382
     3.520000000     0.007548502     2.045082748     0.000158416
     3.530000000     0.007951203     2.053233737     0.000156574
     3.540000000     0.008432398     2.061387579     0.000156745
     3.550000000     0.009004842     2.069545986     0.000158861
     3.560000000     0.009682640     2.077710357     0.000162890
     3.570000000     0.010481305     2.085881863     0.000168833
     3.580000000     0.011417797     2.094061485     0.000176721
     3.590000000     0.012510543     2.102250011     0.000186615
     3.600000000     0.013779454     2.110448017     0.000198604
     3.610000000     0.015245900     2.118655813     0.000212804
     3.620000000     0.016932665     2.126873400     0.000229360
     3.630000000     0.018863856     2.135100419     0.000248451
     3.640000000     0.021064766     2.143336120     0.000270287
     3.650000000     0.023561693     2.151579360     0.000295120
     3.660000000     0.026381691     2.159828645     0.000323243
     3.670000000     0.029552261     2.168082228     0.000355002
     3.680000000     0.033100980     2.176338260     0.000390799
     3.690000000     0.037055062     2.184595006     0.000431103
     3.700000000     0.041440845     2.192851084     0.000476458
     3.710000000     0.046283224     2.201105693     0.000527493
     3.720000000     0.051605022     2.209358743     0.000584935
     3.730000000     0.057426321     2.217610815     0.000649617
     3.740000000     0.063763742     2.225862847     0.000722495
     3.750000000     0.070629728     2.234115499     0.000804653
     3.760000000     0.078031803     2.242368191     0.000897324
     3.770000000     0.085971864     2.250617887     0.001001896
     3.780000000     0.094445513     2.258857730     0.001119923
     3.790000000     0.103441446     2.267075695     0.001253140
     3.800000000     0.112940945     2.275253352     0.001403468
     3.810000000     0.122917471     2.283364822     0.001573021
     3.820000000     0.133336403     2.291375904     0.001764114
     3.830000000     0.144154930     2.299243336     0.001979260
     3.840000000     0.155322121     2.306914116     0.002221172
     3.850000000     0.166779177     2.314324883     0.002492756
     3.860000000     0.178459891     2.321401385     0.002797101
     3.870000000     0.190291292     2.328058218     0.003137465
     3.880000000     0.202194498     2.334199074     0.003517254
     3.890000000     0.214085745     2.339717891     0.003939997
     3.900000000     0.225877588     2.344501339     0.004409314
     3.910000000     0.237480249     2.348433109     0.004928880
     3.920000000     0.248803079     2.351400371     0.005502384
     3.930000000     0.259756104     2.353302548     0.006133476
     3.940000000     0.270251614     2.354062148     0.006825716
     3.950000000     0.280205757     2.353636814     0.007582519
     3.960000000     0.289540097     2.352031087     0.008407088
     3.970000000     0.298183084     2.349305796     0.009302353
     3.980000000     0.306071410     2.345582732     0.010270902
     3.990000000     0.313151195     2.341042640     0.011314919
     4.000000000     0.319378985     2.335915563     0.012436114
     4.010000000     0.324722525     2.330464204     0.013635663
     4.020000000     0.329161286     2.324962555     0.014914147
     4.030000000     0.332686735     2.319673235     0.016271506
     4.040000000     0.335302338     2.314827228     0.017706984
     4.050000000     0.337023300     2.310608992     0.019219106
     4.060000000     0.337876048     2.307148616     0.020805642
     4.070000000     0.337897482     2.304521175     0.022463602
     4.080000000     0.337134011     2.302752192     0.024189232
     4.090000000     0.335640405     2.301827346     0.025978028
     4.100000000     0.333478502     2.301704242     0.027824764
     4.110000000     0.330715807     2.302324199     0.029723531
     4.120000000     0.327424018     2.303622420     0.031667793
     4.130000000     0.323677527     2.305535472     0.033650452
     4.140000000     0.319551938     2.308005644     0.035663925
     4.150000000     0.315122629     2.310982355     0.037700230
     4.160000000     0.310463403     2.314421250     0.039751084
     4.170000000     0.305645259     2.318281870     0.041807998
     4.180000000     0.300735303     2.322524889     0.043862382
     4.190000000     0.295795818     2.327109716     0.045905651
     4.200000000     0.290883516     2.331993061     0.047929323
     4.210000000     0.286048976     2.337128719     0.049925120
     4.220000000     0.281336257     2.342468548     0.051885059
     4.230000000     0.276782713     2.347964385     0.053801538
     4.240000000     0.272418959     2.353570531     0.055667411
     4.250000000     0.268269023     2.359246333     0.057476050
     4.260000000     0.264350618     2.364958482     0.059221403
     4.270000000     0.260675557     2.370682643     0.060898037
     4.280000000     0.257250258     2.376404204     0.062501163
     4.290000000     0.254076334     2.382118008     0.064026665
     4.300000000     0.251151237     2.387827148     0.065471105
     4.310000000     0.248468931     2.393541031     0.066831729
     4.320000000     0.246020578     2.399273090     0.068106460
     4.330000000     0.243795215     2.405038562     0.069293893
     4.340000000     0.241780396     2.410852677     0.070393272
     4.350000000     0.239962792     2.416729502     0.071404481
     4.360000000     0.238328741     2.422681434     0.072328024
     4.370000000     0.236864714     2.428719229     0.073165000
     4.380000000     0.235557727     2.434852348     0.073917092
     4.390000000     0.234395656     2.441089445     0.074586543
     4.400000000     0.233367494     2.447438881     0.075176142
     4.410000000     0.232463511     2.453909255     0.075689203
     4.420000000     0.231675362     2.460509907     0.076129547
     4.430000000     0.230996120     2.467251388     0.076501483
     4.440000000     0.230420252     2.474145784     0.076809786
     4.450000000     0.229943557     2.481206753     0.077059667
     4.460000000     0.229563066     2.488449127     0.077256743
     4.470000000     0.229276913     2.495888003     0.077406998
     4.480000000     0.229084201     2.503537337     0.077516736
     4.490000000     0.228984863     2.511408193     0.077592527
     4.500000000     0.228979533     2.519506918     0.077641147
     4.510000000     0.229069430     2.527833512     0.077669502
     4.520000000     0.229256270     2.536380468     0.077684553
     4.530000000     0.229542206     2.545132243     0.077693227
     4.540000000     0.229929801     2.554065420     0.077702330
     4.550000000     0.230422035     2.563149602     0.077718451
     4.560000000     0.231022345     2.572348995     0.077747865
     4.570000000     0.231734697     2.581624708     0.077796440
     4.580000000     0.232563687     2.590937728     0.077869550
     4.590000000     0.233514662     2.600252494     0.077971987
     4.600000000     0.234593855     2.609540845     0.078107891
     4.610000000     0.235808533     2.618785953     0.078280689
     4.620000000     0.237167141     2.627985660     0.078493044
     4.630000000     0.238679448     2.637154563     0.078746825
     4.640000000     0.240356671     2.646324280     0.079043096
     4.650000000     0.242211591     2.655541563     0.079382112
     4.660000000     0.244258641     2.664864384     0.079763346
     4.670000000     0.246513973     2.674356542     0.080185527
     4.680000000     0.248995499     2.684081725     0.080646693
     4.690000000     0.251722912     2.694097980     0.081144261
     4.700000000     0.254717681     2.704453401     0.081675115
     4.710000000     0.258003029     2.715183389     0.082235693
     4.720000000     0.261603907     2.726309437     0.082822094
     4.730000000     0.265546952     2.737839070     0.083430185
     4.740000000     0.269860458     2.749766455     0.084055706
     4.750000000     0.274574351     2.762073264     0.084694381
     4.760000000     0.279720177     2.774729578     0.085342027
     4.770000000     0.285331121     2.787694784     0.085994645
     4.780000000     0.291442046     2.800918621     0.086648518
     4.790000000     0.298089567     2.814342597     0.087300290
     4.800000000     0.305312152     2.827902015     0.087947034
     4.810000000     0.313150263     2.841528810     0.088586307
     4.820000000     0.321646514     2.855155246     0.089216199
     4.830000000     0.330845867     2.868718420     0.089835352
     4.840000000     0.340795824     2.882165301     0.090442985
     4.850000000     0.351546648     2.895457837     0.091038886
     4.860000000     0.363151552     2.908577515     0.091623405
     4.870000000     0.375666886     2.921528603     0.092197427
     4.880000000     0.389152277     2.934339358     0.092762336
     4.890000000     0.403670710     2.947060641     0.093319967
     4.900000000     0.419288539     2.959761731     0.093872551
     4.910000000     0.436075396     2.972523535     0.094422651
     4.920000000     0.454103986     2.985429796     0.094973084
     4.930000000     0.473449736     2.998557212     0.095526854
     4.940000000     0.494190285     3.011965463     0.096087058
     4.950000000     0.516404795     3.025688176     0.096656809
     4.960000000     0.540173052     3.039725645     0.097239145
     4.970000000     0.565574357     3.054039958     0.097836936
     4.980000000     0.592686186     3.068552910     0.098452803
     4.990000000     0.621582611     3.083146930     0.099089024
     5.000000000     0.652332490     3.097669108     0.099747453
     5.010000000     0.684997415     3.111938396     0.100429443
     5.020000000     0.719629460     3.125756009     0.101135765
     5.030000000     0.756268729     3.138918961     0.101866552
     5.040000000     0.794940758     3.151236374     0.102621235
     5.050000000     0.835653816     3.162547576     0.103398501
     5.060000000     0.878396163     3.172740178     0.104196260
     5.070000000     0.923133336     3.181765349     0.105011627
     5.080000000     0.969805564     3.189646768     0.105840918
     5.090000000     1.018325375     3.196479698     0.106679662
     5.100000000     1.068575531     3.202417686     0.107522638
     5.110000000     1.120407364     3.207646521     0.108363919
     5.120000000     1.173639642     3.212347991     0.109196941
     5.130000000     1.228058051     3.216658634     0.110014595
     5.140000000     1.283415403     3.220630208     0.110809325
     5.150000000     1.339432634     3.224198359     0.111573252
     5.160000000     1.395800665     3.227164172     0.112298311
     5.170000000     1.452183176     3.229190638     0.112976397
     5.180000000     1.508220284     3.229813567     0.113599528
     5.190000000     1.563533139     3.228464830     0.114160010
     5.200000000     1.617729364     3.224505145     0.114650609
     5.210000000     1.670409283     3.217263687     0.115064719
     5.220000000     1.721172802     3.206082174     0.115396536
     5.230000000     1.769626813     3.190361350     0.115641214
     5.240000000     1.815392933     3.169607834     0.115795017
     5.250000000     1.858115395     3.143479216     0.115855456
     5.260000000     1.897468852     3.111825062     0.115821403
     5.270000000     1.933165890     3.074721359     0.115693187
     5.280000000     1.964963991     3.032495526     0.115472669
     5.290000000     1.992671741     2.985738524     0.115163281
     5.300000000     2.016154049     2.935299841     0.114770049
     5.310000000     2.035336203     2.882260984     0.114299579
     5.320000000     2.050206580     2.827884486     0.113760012
     5.330000000     2.060817907     2.773539046     0.113160958
     5.340000000     2.067286971     2.720606753     0.112513394
     5.350000000     2.069792758     2.670383784     0.111829536
     5.360000000     2.068573032     2.623989197     0.111122689
     5.370000000     2.063919419     2.582295790     0.110407071
     5.380000000     2.056171115     2.545892447     0.109697616
     5.390000000     2.045707382     2.515080428     0.109009766
     5.400000000     2.032939039     2.489899222     0.108359241
     5.410000000     2.018299177     2.470172801     0.107761806
     5.420000000     2.002233384     2.455565351     0.107233024
     5.430000000     1.985189742     2.445636480     0.106788018
     5.440000000     1.967608907     2.439888604     0.106441218
     5.450000000     1.949914548     2.437802416     0.106206127
     5.460000000     1.932504431     2.438859397     0.106095089
     5.470000000     1.915742402     2.442552539     0.106119063
     5.480000000     1.899951486     2.448387843     0.106287424
     5.490000000     1.885408303     2.455879689     0.106607768
     5.500000000     1.872338922     2.464543160     0.107085753
     5.510000000     1.860916271     2.473886017     0.107724948
     5.520000000     1.851259120     2.483402544     0.108526720
     5.530000000     1.843432644     2.492570960     0.109490143
     5.540000000     1.837450492     2.500855724     0.110611944
     5.550000000     1.833278257     2.507715663     0.111886476
     5.560000000     1.830838191     2.512618604     0.113305728
     5.570000000     1.830014981     2.515062796     0.114859371
     5.580000000     1.830662344     2.514604847     0.116534846
     5.590000000     1.832610224     2.510892902     0.118317475
     5.600000000     1.835672315     2.503702404     0.120190630
     5.610000000     1.839653665     2.492970163     0.122135920
     5.620000000     1.844358092     2.478821045     0.124133423
     5.630000000     1.849595186     2.461581085     0.126161952
     5.640000000     1.855186678     2.441771735     0.128199348
     5.650000000     1.860971984     2.420082537     0.130222799
     5.660000000     1.866812770     2.397323381     0.132209193
     5.670000000     1.872596444     2.374361639     0.134135474
     5.680000000     1.878238476     2.352052710     0.135979022
     5.690000000     1.883683549     2.331173699     0.137718035
     5.700000000     1.888905535     2.312368890     0.139331917
     5.710000000     1.893906366     2.296112783     0.140801648
     5.720000000     1.898713893     2.282692789     0.142110155
     5.730000000     1.903378850     2.272210384     0.143242648
     5.740000000     1.907971091     2.264597228     0.144186940
     5.750000000     1.912575256     2.259641642     0.144933724
     5.760000000     1.917286069     2.257020709     0.145476811
     5.770000000     1.922203442     2.256333728     0.145813328
     5.780000000     1.927427584     2.257133578     0.145943851
     5.790000000     1.933054290     2.258953657     0.145872499
     5.800000000     1.939170578     2.261329291     0.145606953
     5.810000000     1.945850812     2.263813889     0.145158427
     5.820000000     1.953153443     2.265991146     0.144541571
     5.830000000     1.961118446     2.267485178     0.143774320
     5.840000000     1.969765528     2.267970136     0.142877671
     5.850000000     1.979093126     2.267179776     0.141875424
     5.860000000     1.989078219     2.264916015     0.140793847
     5.870000000     1.999676898     2.261054286     0.139661318
     5.880000000     2.010825670     2.255543282     0.138507906
     5.890000000     2.022443406     2.248397604     0.137364928
     5.900000000     2.034433841     2.239683772     0.136264477
     5.910000000     2.046688518     2.229502106     0.135238931
     5.920000000     2.059090068     2.217968319     0.134320450
     5.930000000     2.071515678     2.205198667     0.133540472
     5.940000000     2.083840650     2.191301176     0.132929215
     5.950000000     2.095941908     2.176373499     0.132515192
     5.960000000     2.107701344     2.160506193     0.132324758
     5.970000000     2.119008908     2.143789204     0.132381676
     5.980000000     2.129765327     2.126319267     0.132706733
     5.990000000     2.139884403     2.108206412     0.133317394
     6.000000000     2.149294811     2.089578461     0.134227515
     6.010000000     2.157941356     2.070582906     0.135447110
     6.020000000     2.165785679     2.051385896     0.136982184
     6.030000000     2.172806388     2.032168277     0.138834624
     6.040000000     2.178998634     2.013118884     0.141002169
     6.050000000     2.184373161     1.994425606     0.143478447
     6.060000000     2.188954867     1.976265180     0.146253074
     6.070000000     2.192780935     1.958792943     0.149311836
     6.080000000     2.195898599     1.942133873     0.152636931
     6.090000000     2.198362623     1.926375955     0.156207271
     6.100000000     2.200232573     1.911566477     0.159998854
     6.110000000     2.201569970     1.897711310     0.163985179
     6.120000000     2.202435417     1.884776841     0.168137716
     6.130000000     2.202885776     1.872694070     0.172426410
     6.140000000     2.202971501     1.861364271     0.176820217
     6.150000000     2.202734186     1.850665650     0.181287660
     6.160000000     2.202204419     1.840460327     0.185797395
     6.170000000     2.201399996     1.830600962     0.190318781
     6.180000000     2.200324557     1.820936361     0.194822433
     6.190000000     2.198966680     1.811315609     0.199280755
     6.200000000     2.197299469     1.801590667     0.203668448
     6.210000000     2.195280644     1.791617746     0.207962968
     6.220000000     2.192853145     1.781258112     0.212144936
     6.230000000     2.189946224     1.770379060     0.216198489
     6.240000000     2.186477016     1.758855661     0.220111564
     6.250000000     2.182352525     1.746573631     0.223876113
     6.260000000     2.177472005     1.733433352     0.227488231
     6.270000000     2.171729641     1.719354834     0.230948221
     6.280000000     2.165017480     1.704283264     0.234260561
     6.290000000     2.157228531     1.688194716     0.237433801
     6.300000000     2.148259943     1.671101558     0.240480378
     6.310000000     2.138016179     1.653057082     0.243416354
     6.320000000     2.126412104     1.634158863     0.246261089
     6.330000000     2.113375902     1.614550312     0.249036846
     6.340000000     2.098851740     1.594419872     0.251768336
     6.350000000     2.082802116     1.573997417     0.254482227
     6.360000000     2.065209814     1.553547552     0.257206601
     6.370000000     2.046079436     1.533359963     0.259970389
     6.380000000     2.025438448     1.513737409     0.262802794
     6.390000000     2.003337736     1.494982455     0.265732692
     6.400000000     1.979851636     1.477384330     0.268788048
     6.410000000     1.955077462     1.461207290     0.271995347
     6.420000000     1.929134530     1.446681453     0.275379035
     6.430000000     1.902162711     1.433996551     0.278961013
     6.440000000     1.874320556     1.423298415     0.282760161
     6.450000000     1.845783036     1.414687689     0.286791914
     6.460000000     1.816738962     1.408220218     0.291067907
     6.470000000     1.787388140     1.403908779     0.295595670
     6.480000000     1.757938346     1.401726080     0.300378409
     6.490000000     1.728602178     1.401609107     0.305414850
     6.500000000     1.699593867     1.403464750     0.310699169
     6.510000000     1.671126120     1.407176316     0.316220996
     6.520000000     1.643407050     1.412610191     0.321965507
     6.530000000     1.616637274     1.419621753     0.327913589
     6.540000000     1.591007219     1.428059794     0.334042085
     6.550000000     1.566694691     1.437769121     0.340324113
     6.560000000     1.543862750     1.448591527     0.346729457
     6.570000000     1.522657910     1.460365769     0.353225019
     6.580000000     1.503208696     1.472927397     0.359775331
     6.590000000     1.485624563     1.486109259     0.366343106
     6.600000000     1.469995179     1.499743208     0.372889842
     6.610000000     1.456390063     1.513663174     0.379376443
     6.620000000     1.444858576     1.527709331     0.385763863
     6.630000000     1.435430226     1.541732782     0.392013754
     6.640000000     1.428115272     1.555599997     0.398089112
     6.650000000     1.422905590     1.569196244     0.403954898
     6.660000000     1.419775774     1.582427399     0.409578639
     6.670000000     1.418684419     1.595219809     0.414930980
     6.680000000     1.419575562     1.607518236     0.419986186
     6.690000000     1.422380238     1.619282253     0.424722584
     6.700000000     1.427018105     1.630481710     0.429122932
     6.710000000     1.433399113     1.641092012     0.433174707
     6.720000000     1.441425161     1.651089858     0.436870314
     6.730000000     1.450991744     1.660449972     0.440207198
     6.740000000     1.461989516     1.669143094     0.443187866
     6.750000000     1.474305780     1.677135333     0.445819819
     6.760000000     1.487825860     1.684388841     0.448115390
     6.770000000     1.502434345     1.690863652     0.450091486
     6.780000000     1.518016184     1.696520456     0.451769258
     6.790000000     1.534457627     1.701324002     0.453173683
     6.800000000     1.551646998     1.705246730     0.454333080
     6.810000000     1.569475304     1.708272213     0.455278567
     6.820000000     1.587836672     1.710397983     0.456043470
     6.830000000     1.606628635     1.711637380     0.456662689
     6.840000000     1.625752252     1.712020135     0.457172045
     6.850000000     1.645112103     1.711591554     0.457607616
     6.860000000     1.664616155     1.710410272     0.458005072
     6.870000000     1.684175527     1.708544699     0.458399020
     6.880000000     1.703704181     1.706068458     0.458822386
     6.890000000     1.723118556     1.703055220     0.459305826
     6.900000000     1.742337176     1.699573470     0.459877188
     6.910000000     1.761280263     1.695681689     0.460561038
     6.920000000     1.779869378     1.691424331     0.461378241
     6.930000000     1.798027120     1.686828803     0.462345628
     6.940000000     1.815676904     1.681903478     0.463475729
     6.950000000     1.832742845     1.676636708     0.464776596
     6.960000000     1.849149768     1.670996827     0.466251707
     6.970000000     1.864823345     1.664933227     0.467899945
     6.980000000     1.879690380     1.658378763     0.469715677
     6.990000000     1.893679244     1.651253790     0.471688889
     7.000000000     1.906720441     1.643472044     0.473805421
     7.010000000     1.918747307     1.634948362     0.476047246
     7.020000000     1.929696820     1.625607786     0.478392838
     7.030000000     1.939510498     1.615395187     0.480817572
     7.040000000     1.948135344     1.604284219     0.483294193
     7.050000000     1.955524819     1.592284287     0.485793311
     7.060000000     1.961639796     1.579444426     0.488283933
     7.070000000     1.966449455     1.565853398     0.490734017
     7.080000000     1.969932076     1.551635951     0.493111032
     7.090000000     1.972075697     1.536945871     0.495382530
     7.100000000     1.972878594     1.521956984     0.497516707
     7.110000000     1.972349552     1.506853554     0.499482944
     7.120000000     1.970507896     1.491821429     0.501252337
     7.130000000     1.967383280     1.477040881     0.502798178
     7.140000000     1.963015197     1.462681520     0.504096409
     7.150000000     1.957452232     1.448899148     0.505126020
     7.160000000     1.950751060     1.435834092     0.505869399
     7.170000000     1.942975202     1.423610440     0.506312618
     7.180000000     1.934193580     1.412335658     0.506445652
     7.190000000     1.924478905     1.402100178     0.506262539
     7.200000000     1.913905938     1.392976690     0.505761455
     7.210000000     1.902549690     1.385018938     0.504944729
     7.220000000     1.890483615     1.378260012     0.503818777
     7.230000000     1.877777853     1.372710207     0.502393962
     7.240000000     1.864497591     1.368354745     0.500684392
     7.250000000     1.850701605     1.365151728     0.498707642
     7.260000000     1.836441028     1.363030767     0.496484419
     7.270000000     1.821758413     1.361892702     0.494038172
     7.280000000     1.806687118     1.361610804     0.491394648
     7.290000000     1.791251051     1.362033733     0.488581415
     7.300000000     1.775464798     1.362990421     0.485627347
     7.310000000     1.759334146     1.364296907     0.482562092
     7.320000000     1.742856982     1.365764963     0.479415527
     7.330000000     1.726024571     1.367212174     0.476217216
     7.340000000     1.708823167     1.368472921     0.472995871
     7.350000000     1.691235925     1.369409532     0.469778847
     7.360000000     1.673245053     1.369922708     0.466591652
     7.370000000     1.654834153     1.369960267     0.463457512
     7.380000000     1.635990682     1.369523271     0.460396976
     7.390000000     1.616708455     1.368668867     0.457427577
     7.400000000     1.596990130     1.367509494     0.454563565
     7.410000000     1.576849589     1.366208559     0.451815693
     7.420000000     1.556314166     1.364973078     0.449191080
     7.430000000     1.535426645     1.364044017     0.446693152
     7.440000000     1.514246983     1.363685177     0.444321638
     7.450000000     1.492853713     1.364171354     0.442072652
     7.460000000     1.471344994     1.365776381     0.439938834
     7.470000000     1.449839287     1.368761461     0.437909556
     7.480000000     1.428475652     1.373364169     0.435971181
     7.490000000     1.407413658     1.379788524     0.434107384
     7.500000000     1.386832934     1.388196622     0.432299504
     7.510000000     1.366932372     1.398702409     0.430526937
     7.520000000     1.347929014     1.411368105     0.428767561
     7.530000000     1.330056670     1.426203572     0.426998170
     7.540000000     1.313564282     1.443168611     0.425194928
     7.550000000     1.298714108     1.462177799     0.423333815
     7.560000000     1.285779731     1.483107176     0.421391076
     7.570000000     1.275043956     1.505802011     0.419343647
     7.580000000     1.266796611     1.530084841     0.417169565
     7.590000000     1.261332281     1.555763219     0.414848346
     7.600000000     1.258947994     1.582636782     0.412361330
     7.610000000     1.259940863     1.610503486     0.409691989
     7.620000000     1.264605685     1.639164984     0.406826185
     7.630000000     1.273232500     1.668431173     0.403752391
     7.640000000     1.286104075     1.698123906     0.400461852
     7.650000000     1.303493312     1.728079806     0.396948703
     7.660000000     1.325660551     1.758152055     0.393210032
     7.670000000     1.352850737     1.788210930     0.389245891
     7.680000000     1.385290442     1.818142865     0.385059258
     7.690000000     1.423184704     1.847847780     0.380655953
     7.700000000     1.466713693     1.877234591     0.376044498
     7.710000000     1.516029179     1.906214949     0.371235948
     7.720000000     1.571250820     1.934695601     0.366243672
     7.730000000     1.632462296     1.962569999     0.361083103
     7.740000000     1.699707303     1.989710000     0.355771458
     7.750000000     1.772985488     2.015958518     0.350327437
     7.760000000     1.852248356     2.041123795     0.344770894
     7.770000000     1.937395258     2.064975721     0.339122508
     7.780000000     2.028269541     2.087244221     0.333403433
     7.790000000     2.124654968     2.107619507     0.327634964
     7.800000000     2.226272529     2.125753760     0.321838190
     7.810000000     2.332777770     2.141263780     0.316033674
     7.820000000     2.443758760     2.153734178     0.310241142
     7.830000000     2.558734831     2.162720841     0.304479196
     7.840000000     2.677156218     2.167754623     0.298765053
     7.850000000     2.798404707     2.168345566     0.293114318
     7.860000000     2.921795400     2.163988326     0.287540791
     7.870000000     3.046579678     2.154169792     0.282056307
     7.880000000     3.171949430     2.138379988     0.276670623
     7.890000000     3.297042579     2.116127130     0.271391343
     7.900000000     3.420949924     2.086957055     0.266223881
     7.910000000     3.542723265     2.050476249     0.261171470
     7.920000000     3.661384757     2.006376495     0.256235209
     7.930000000     3.775937405     1.954457965     0.251414147
     7.940000000     3.885376568     1.894646764     0.246705405
     7.950000000     3.988702314     1.827002841     0.242104329
     7.960000000     4.084932435     1.751715252     0.237604669
     7.970000000     4.173115888     1.669084086     0.233198788
     7.980000000     4.252346432     1.579491699     0.228877882
     7.990000000     4.321776175     1.483369470     0.224632226
     8.000000000     4.380628774     1.381168886     0.220451419
     8.010000000     4.428211971     1.273346169     0.216324639
     8.020000000     4.463929214     1.160367415     0.212240901
     8.030000000     4.487290054     1.042736381     0.208189301
     8.040000000     4.497919086     0.921040980     0.204159256
     8.050000000     4.495563185     0.796008742     0.200140732
     8.060000000     4.480096845     0.668557812     0.196124452
     8.070000000     4.451525456     0.539829537     0.192102076
     8.080000000     4.409986411     0.411191712     0.188066371
     8.090000000     4.355747977     0.284207302     0.184011340
     8.100000000     4.289205922     0.160570443     0.179932333
     8.110000000     4.210877946     0.042017956     0.175826123
     8.120000000     4.121396009    -0.069771138     0.171690953
     8.130000000     4.021496730    -0.173274228     0.167526556
     8.140000000     3.912010039    -0.267209497     0.163334140
     8.150000000     3.793846343    -0.350597274     0.159116347
     8.160000000     3.667982488    -0.422793982     0.154877188
     8.170000000     3.535446828    -0.483498657     0.150621951
     8.180000000     3.397303735    -0.532735300     0.146357082
     8.190000000     3.254637891    -0.570816478     0.142090057
     8.200000000     3.108538702    -0.598294316     0.137829229
     8.210000000     2.960085167    -0.615904897     0.133583665
     8.220000000     2.810331510    -0.624511195     0.129362973
     8.230000000     2.660293857    -0.625048562     0.125177126
     8.240000000     2.510938204    -0.618475630     0.121036281
     8.250000000     2.363169883    -0.605732492     0.116950596
     8.260000000     2.217824681    -0.587707247     0.112930061
     8.270000000     2.075661726    -0.565211340     0.108984322
     8.280000000     1.937358196    -0.538963697     0.105122535
     8.290000000     1.803505866    -0.509583191     0.101353211
     8.300000000     1.674609466    -0.477588585     0.097684092
     8.310000000     1.551086758    -0.443404762     0.094122039
     8.320000000     1.433270244    -0.407373713     0.090672937
     8.330000000     1.321410347    -0.369768535     0.087341621
     8.340000000     1.215679900    -0.330808600     0.084131821
     8.350000000     1.116179771    -0.290674135     0.081046127
     8.360000000     1.022945422    -0.249518750     0.078085978
     8.370000000     0.935954207    -0.207478920     0.075251662
     8.380000000     0.855133227    -0.164680054     0.072542350
     8.390000000     0.780367537    -0.121239360     0.069956129
     8.400000000     0.711508547    -0.077266152     0.067490065
     8.410000000     0.648382457    -0.032860540     0.065140280
     8.420000000     0.590798575     0.011888563     0.062902035
     8.430000000     0.538557409     0.056905325     0.060769830
     8.440000000     0.491458416     0.102128204     0.058737516
     8.450000000     0.449307327     0.147510252     0.056798404
     8.460000000     0.411922973     0.193018515     0.054945391
     8.470000000     0.379143553     0.238632721     0.053171085
     8.480000000     0.350832290     0.284343543     0.051467923
     8.490000000     0.326882433     0.330150715     0.049828303
     8.500000000     0.307221560     0.376061211     0.048244697
     8.510000000     0.291815148     0.422087607     0.046709772
     8.520000000     0.280669357     0.468246667     0.045216494
     8.530000000     0.273832986     0.514558103     0.043758230
     8.540000000     0.271398544     0.561043484     0.042328833
     8.550000000     0.273502384     0.607725215     0.040922724
     8.560000000     0.280323832     0.654625552     0.039534954
     8.570000000     0.292083247     0.701765637     0.038161255
     8.580000000     0.309038950     0.749164523     0.036798077
     8.590000000     0.331482963     0.796838171     0.035442610
     8.600000000     0.359735517     0.844798403     0.034092794
     8.610000000     0.394138282     0.893051748     0.032747307
     8.620000000     0.435046328     0.941598120     0.031405552
     8.630000000     0.482818823     0.990429259     0.030067619
     8.640000000     0.537808537     1.039526847     0.028734241
     8.650000000     0.600350227     1.088860216     0.027406741
     8.660000000     0.670748076     1.138383554     0.026086965
     8.670000000     0.749262338     1.188032518     0.024777211
     8.680000000     0.836095470     1.237720127     0.023480155
     8.690000000     0.931378003     1.287331825     0.022198764
     8.700000000     1.035154527     1.336719530     0.020936221
     8.710000000     1.147370133     1.385694536     0.019695836
     8.720000000     1.267857759     1.434019060     0.018480968
     8.730000000     1.396326844     1.481396273     0.017294949
     8.740000000     1.532353760     1.527458671     0.016141007
     8.750000000     1.675374448     1.571754671     0.015022207
     8.760000000     1.824679677     1.613733470     0.013941385
     8.770000000     1.979413308     1.652728343     0.012901102
     8.780000000     2.138573875     1.687938907     0.011903603
     8.790000000     2.301019743     1.718413282     0.010950779
     8.800000000     2.465477973     1.743031754     0.010044151
     8.810000000     2.630556971     1.760494431     0.009184851
     8.820000000     2.794762833     1.769316479     0.008373618
     8.830000000     2.956519208     1.767835871     0.007610802
     8.840000000     3.114190379     1.754239886     0.006896374
     8.850000000     3.266107106     1.726617656     0.006229944
     8.860000000     3.410594718     1.683046129     0.005610784
     8.870000000     3.546002777     1.621715304     0.005037855
     8.880000000     3.670735625     1.541094314     0.004509840
     8.890000000     3.783282989     1.440132471     0.004025178
     8.900000000     3.882249860     1.318478635     0.003582101
     8.910000000     3.966384789     1.176690017     0.003178668
     8.920000000     4.034605817     1.016391261     0.002812806
     8.930000000     4.086023270     0.840341202     0.002482342
     8.940000000     4.119958757     0.652372628     0.002185042
     8.950000000     4.135959794     0.457190900     0.001918636
     8.960000000     4.133809627     0.260046605     0.001680855
     8.970000000     4.113531943     0.066326817     0.001469451
     8.980000000     4.075390338    -0.118870948     0.001282225
     8.990000000     4.019882569    -0.291115121     0.001117046
     9.000000000     3.947729768    -0.446913856     0.000971864
     9.010000000     3.859860956    -0.583858359     0.000844730
     9.020000000     3.757393343    -0.700635599     0.000733800
     9.030000000     3.641609007    -0.796932736     0.000637345
     9.040000000     3.513928667    -0.873268483     0.000553756
     9.050000000     3.375883313    -0.930789379     0.000481548
     9.060000000     3.229084524    -0.971063716     0.000419355
     9.070000000     3.075194298    -0.995896416     0.000365932
     9.080000000     2.915895234    -1.007177767     0.000320152
     9.090000000     2.752861828    -1.006770154     0.000280999
     9.100000000     2.587733605    -0.996430769     0.000247565
     9.110000000     2.422090722    -0.977764807     0.000219041
     9.120000000     2.257432544    -0.952202419     0.000194712
     9.130000000     2.095159604    -0.920992786     0.000173952
     9.140000000     1.936559241    -0.885209632     0.000156212
     9.150000000     1.782795030    -0.845763659     0.000141017
     9.160000000     1.634900065    -0.803418613     0.000127955
     9.170000000     1.493773974    -0.758808660     0.000116676
     9.180000000     1.360183481    -0.712455622     0.000106880
     9.190000000     1.234766202    -0.664785175     0.000098314
     9.200000000     1.118037298    -0.616141553     0.000090766
     9.210000000     1.010398560    -0.566800583     0.000084058
     9.220000000     0.912149407    -0.516981045     0.000078045
     9.230000000     0.823499311    -0.466854448     0.000072607
     9.240000000     0.744581105    -0.416553387     0.000067648
     9.250000000     0.675464654    -0.366178641     0.000063089
     9.260000000     0.616170389    -0.315805193     0.000058869
     9.270000000     0.566682233    -0.265487350     0.000054940
     9.280000000     0.526959485    -0.215263107     0.000051267
     9.290000000     0.496947285    -0.165157907     0.000047820
     9.300000000     0.476585345    -0.115187925     0.000044579
     9.310000000     0.465814685    -0.065363000     0.000041532
     9.320000000     0.464582185    -0.015689312     0.000038667
     9.330000000     0.472842838     0.033828080     0.000035978
     9.340000000     0.490559660     0.083182754     0.000033462
     9.350000000     0.517701269     0.132364393     0.000031116
     9.360000000     0.554237245     0.181356108     0.000028940
     9.370000000     0.600131427     0.230131521     0.000026932
     9.380000000     0.655333375     0.278651491     0.000025094
     9.390000000     0.719768296     0.326860370     0.000023423
     9.400000000     0.793325779     0.374681665     0.000021920
     9.410000000     0.875847740     0.422012947     0.000020581
     9.420000000     0.967116007     0.468719870     0.000019406
     9.430000000     1.066840035     0.514629113     0.000018389
     9.440000000     1.174645211     0.559520091     0.000017527
     9.450000000     1.290062282     0.603115257     0.000016814
     9.460000000     1.412518357     0.645068864     0.000016243
     9.470000000     1.541329982     0.684954117     0.000015806
     9.480000000     1.675698680     0.722248749     0.000015495
     9.490000000     1.814709359     0.756319263     0.000015299
     9.500000000     1.957331860     0.786404392     0.000015209
     9.510000000     2.102425871     0.811598776     0.000015213
     9.520000000     2.248749318     0.830838513     0.000015300
     9.530000000     2.394970242     0.842891165     0.000015456
     9.540000000     2.539682044     0.846353870     0.000015670
     9.550000000     2.681421892     0.839664562     0.000015929
     9.560000000     2.818691923     0.821132606     0.000016220
     9.570000000     2.949982809     0.788996053     0.000016530
     9.580000000     3.073799128     0.741512731     0.000016848
     9.590000000     3.188685903     0.677090457     0.000017160
     9.600000000     3.293255611     0.594456946     0.000017457
     9.610000000     3.386214922     0.492861751     0.000017728
     9.620000000     3.466390407     0.372290964     0.000017963
     9.630000000     3.532752456     0.233662417     0.000018153
     9.640000000     3.584436704     0.078958790     0.000018292
     9.650000000     3.620762301    -0.088745949     0.000018373
     9.660000000     3.641246468    -0.265399983     0.000018392
     9.670000000     3.645614878    -0.446234240     0.000018345
     9.680000000     3.633807537    -0.626142480     0.000018229
     9.690000000     3.605979969    -0.800120695     0.000018043
     9.700000000     3.562499661    -0.963688401     0.000017789
     9.710000000     3.503937878    -1.113219710     0.000017467
     9.720000000     3.431057080    -1.246137752     0.000017080
     9.730000000     3.344794344    -1.360961264     0.000016631
     9.740000000     3.246241266    -1.457224137     0.000016126
     9.750000000     3.136620956    -1.535308186     0.000015570
     9.760000000     3.017262799    -1.596234234     0.000014968
     9.770000000     2.889575698    -1.641450040     0.000014328
     9.780000000     2.755020555    -1.672641403     0.000013655
     9.790000000     2.615082733    -1.691580073     0.000012957
     9.800000000     2.471245204    -1.700011899     0.000012241
     9.810000000     2.324963070    -1.699582062     0.000011514
     9.820000000     2.177640016    -1.691790945     0.000010782
     9.830000000     2.030607220    -1.677973240     0.000010052
     9.840000000     1.885105108    -1.659293437     0.000009331
     9.850000000     1.742268239    -1.636751953     0.000008623
     9.860000000     1.603113509    -1.611197538     0.000007934
     9.870000000     1.468531720    -1.583342814     0.000007267
     9.880000000     1.339282498    -1.553780837     0.000006627
     9.890000000     1.215992393    -1.523001332     0.000006017
     9.900000000     1.099155977    -1.491405831     0.000005438
     9.910000000     0.989139616    -1.459321329     0.000004894
     9.920000000     0.886187601    -1.427012304     0.000004384
     9.930000000     0.790430237    -1.394691125     0.000003911
     9.940000000     0.701893505    -1.362526953     0.000003473
     9.950000000     0.620509885    -1.330653267     0.000003070
     9.960000000     0.546129942    -1.299174199     0.000002702
     9.970000000     0.478534301    -1.268169818     0.000002367
     9.980000000     0.417445670    -1.237700527     0.000002065
     9.990000000     0.362540602    -1.207810713     0.000001794
    10.000000000     0.313460732    -1.178531754     0.000001551
    10.010000000     0.269823293    -1.149884511     0.000001335
    10.020000000     0.231230722    -1.121881367     0.000001144
    10.030000000     0.197279262    -1.094527915     0.000000976
    10.040000000     0.167566476    -1.067824331     0.000000829
    10.050000000     0.141697648    -1.041766511     0.000000701
    10.060000000     0.119291074    -1.016346993     0.000000590
    10.070000000     0.099982285    -0.991555714     0.000000495
    10.080000000     0.083427258    -0.967380629     0.000000413
    10.090000000     0.069304699    -0.943808212     0.000000343
    10.100000000     0.057317494    -0.920823864     0.000000284
    10.110000000     0.047193427    -0.898412246     0.000000233
    10.120000000     0.038685270    -0.876557543     0.000000191
    10.130000000     0.031570362    -0.855243682     0.000000156
    10.140000000     0.025649759    -0.834454501     0.000000127
    10.150000000     0.020747072    -0.814173888     0.000000103
    10.160000000     0.016707064    -0.794385888     0.000000083
    10.170000000     0.013394092    -0.775074785     0.000000066
    10.180000000     0.010690455    -0.756225169     0.000000053
    10.190000000     0.008494718    -0.737821983     0.000000042
    10.200000000     0.006720034    -0.719850561     0.000000033
    10.210000000     0.005292536    -0.702296651     0.000000026
    10.220000000     0.004149789    -0.685146432     0.000000021
    10.230000000     0.003239350    -0.668386527     0.000000016
    10.240000000     0.002517443    -0.652004002     0.000000012
    10.250000000     0.001947741    -0.635986372     0.000000010
    10.260000000     0.001500281    -0.620321592     0.000000007
    10.270000000     0.001150492    -0.604998057     0.000000006
    10.280000000     0.000878344    -0.590004587     0.000000004
    10.290000000     0.000667599    -0.575330421     0.000000003
    10.300000000     0.000505168    -0.560965207     0.000000002
    10.310000000     0.000380563    -0.546898985     0.000000002
    10.320000000     0.000285421    -0.533122180     0.000000001
    10.330000000     0.000213116    -0.519625586     0.000000001
    10.340000000     0.000158422    -0.506400354     0.000000001
    10.350000000     0.000117243    -0.493437977     0.000000001
    10.360000000     0.000086382    -0.480730279     0.000000000
    10.370000000     0.000063363    -0.468269403     0.000000000
    10.380000000     0.000046271    -0.456047794     0.000000000
    10.390000000     0.000033640    -0.444058191     0.000000000
    10.400000000     0.000024349    -0.432293613     0.000000000
    10.410000000     0.000017546    -0.420747348     0.000000000
    10.420000000     0.000012587    -0.409412941     0.000000000
    10.430000000     0.000008990    -0.398284183     0.000000000
    10.440000000     0.000006392    -0.387355102     0.000000000
    10.450000000     0.000004525    -0.376619952     0.000000000
    10.460000000     0.000003189    -0.366073201     0.000000000
    10.470000000     0.000002238    -0.355709527     0.000000000
    10.480000000     0.000001563    -0.345523804     0.000000000
    10.490000000     0.000001087    -0.335511095     0.000000000
    10.500000000     0.000000752    -0.325666645     0.000000000
    10.510000000     0.000000519    -0.315985874     0.000000000
    10.520000000     0.000000356    -0.306464366     0.000000000
    10.530000000     0.000000243    -0.297097865     0.000000000
    10.540000000     0.000000165    -0.287882265     0.000000000
    10.550000000     0.000000112    -0.278813610     0.000000000
    10.560000000     0.000000075    -0.269888080     0.000000000
    10.570000000     0.000000051    -0.261101989     0.000000000
    10.580000000     0.000000034    -0.252451781     0.000000000
    10.590000000     0.000000023    -0.243934020     0.000000000
    10.600000000     0.000000015    -0.235545390     0.000000000
    10.610000000     0.000000010    -0.227282686     0.000000000
    10.620000000     0.000000006    -0.219142810     0.000000000
    10.630000000     0.000000004    -0.211122772     0.000000000
    10.640000000     0.000000003    -0.203219676     0.000000000
    10.650000000     0.000000002    -0.195430725     0.000000000
    10.660000000     0.000000001    -0.187753211     0.000000000
    10.670000000     0.000000001    -0.180184517     0.000000000
    10.680000000     0.000000000    -0.172722106     0.000000000
    10.690000000     0.000000000    -0.165363526     0.000000001
    10.700000000     0.000000000    -0.158106400     0.000000001
    10.710000000     0.000000000    -0.150948427     0.000000001
    10.720000000     0.000000000    -0.143887377     0.000000001
    10.730000000     0.000000000    -0.136921091     0.000000002
    10.740000000     0.000000000    -0.130047473     0.000000002
    10.750000000     0.000000000    -0.123264494     0.000000003
    10.760000000     0.000000000    -0.116570186     0.000000004
    10.770000000     0.000000000    -0.109962637     0.000000005
    10.780000000     0.000000000    -0.103439996     0.000000007
    10.790000000     0.000000000    -0.097000464     0.000000009
    10.800000000     0.000000000    -0.090642296     0.000000012
    10.810000000     0.000000001    -0.084363798     0.000000015
    10.820000000     0.000000001    -0.078163324     0.000000020
    10.830000000     0.000000001    -0.072039275     0.000000025
    10.840000000     0.000000001    -0.065990100     0.000000032
    10.850000000     0.000000001    -0.060014288     0.000000041
    10.860000000     0.000000002    -0.054110374     0.000000051
    10.870000000     0.000000002    -0.048276931     0.000000064
    10.880000000     0.000000003    -0.042512573     0.000000080
    10.890000000     0.000000003    -0.036815951     0.000000100
    10.900000000     0.000000004    -0.031185754     0.000000123
    10.910000000     0.000000005    -0.025620706     0.000000152
    10.920000000     0.000000006    -0.020119563     0.000000186
    10.930000000     0.000000007    -0.014681118     0.000000227
    10.940000000     0.000000009    -0.009304193     0.000000276
    10.950000000     0.000000011    -0.003987641     0.000000334
    10.960000000     0.000000013     0.001269653     0.000000403
    10.970000000     0.000000016     0.006468777     0.000000483
    10.980000000     0.000000019     0.011610790     0.000000576
    10.990000000     0.000000022     0.016696725     0.000000685
    11.000000000     0.000000027     0.021727589     0.000000810
    11.010000000     0.000000031     0.026704363     0.000000955
    11.020000000     0.000000037     0.031628002     0.000001120
    11.030000000     0.000000043     0.036499441     0.000001307
    11.040000000     0.000000050     0.041319588     0.000001520
    11.050000000     0.000000058     0.046089332     0.000001759
    11.060000000     0.000000067     0.050809539     0.000002026
    11.070000000     0.000000076     0.055481054     0.000002324
    11.080000000     0.000000087     0.060104702     0.000002654
    11.090000000     0.000000099     0.064681288     0.000003017
    11.100000000     0.000000112     0.069211598     0.000003415
    11.110000000     0.000000126     0.073696401     0.000003848
    11.120000000     0.000000142     0.078136447     0.000004317
    11.130000000     0.000000158     0.082532467     0.000004822
    11.140000000     0.000000176     0.086885178     0.000005361
    11.150000000     0.000000195     0.091195280     0.000005935
    11.160000000     0.000000215     0.095463454     0.000006540
    11.170000000     0.000000236     0.099690370     0.000007176
    11.180000000     0.000000257     0.103876681     0.000007838
    11.190000000     0.000000280     0.108023025     0.000008524
    11.200000000     0.000000303     0.112130025     0.000009228
    11.210000000     0.000000327     0.116198294     0.000009947
    11.220000000     0.000000351     0.120228428     0.000010673
    11.230000000     0.000000375     0.124221010     0.000011402
    11.240000000     0.000000398     0.128176614     0.000012127
    11.250000000     0.000000422     0.132095798     0.000012841
    11.260000000     0.000000445     0.135979109     0.000013536
    11.270000000     0.000000467     0.139827083     0.000014206
    11.280000000     0.000000488     0.143640244     0.000014842
    11.290000000     0.000000507     0.147419107     0.000015439
    11.300000000     0.000000525     0.151164173     0.000015988
    11.310000000     0.000000541     0.154875935     0.000016484
    11.320000000     0.000000556     0.158554876     0.000016919
    11.330000000     0.000000568     0.162201469     0.000017289
    11.340000000     0.000000578     0.165816176     0.000017588
    11.350000000     0.000000585     0.169399452     0.000017814
    11.360000000     0.000000590     0.172951742     0.000017962
    11.370000000     0.000000592     0.176473483     0.000018031
    11.380000000     0.000000592     0.179965102     0.000018021
    11.390000000     0.000000589     0.183427019     0.000017930
    11.400000000     0.000000583     0.186859645     0.000017761
    11.410000000     0.000000575     0.190263384     0.000017515
    11.420000000     0.000000565     0.193638631     0.000017196
    11.430000000     0.000000552     0.196985773     0.000016808
    11.440000000     0.000000537     0.200305190     0.000016356
    11.450000000     0.000000521     0.203597254     0.000015845
    11.460000000     0.000000502     0.206862332     0.000015283
    11.470000000     0.000000482     0.210100780     0.000014675
    11.480000000     0.000000461     0.213312951     0.000014028
    11.490000000     0.000000439     0.216499190     0.000013351
    11.500000000     0.000000416     0.219659835     0.000012650
    11.510000000     0.000000392     0.222795219     0.000011933
    11.520000000     0.000000368     0.225905668     0.000011206
    11.530000000     0.000000344     0.228991502     0.000010477
    11.540000000     0.000000320     0.232053036     0.000009752
    11.550000000     0.000000297     0.235090579     0.000009037
    11.560000000     0.000000274     0.238104434     0.000008337
    11.570000000     0.000000252     0.241094899     0.000007658
    11.580000000     0.000000230     0.244062267     0.000007002
    11.590000000     0.000000209     0.247006825     0.000006374
    11.600000000     0.000000190     0.249928856     0.000005777
    11.610000000     0.000000171     0.252828639     0.000005213
    11.620000000     0.000000154     0.255706444     0.000004682
    11.630000000     0.000000138     0.258562542     0.000004188
    11.640000000     0.000000122     0.261397194     0.000003728
    11.650000000     0.000000109     0.264210661     0.000003305
    11.660000000     0.000000096     0.267003196     0.000002916
    11.670000000     0.000000084     0.269775051     0.000002562
    11.680000000     0.000000074     0.272526470     0.000002241
    11.690000000     0.000000064     0.275257697     0.000001951
    11.700000000     0.000000056     0.277968969     0.000001692
    11.710000000     0.000000048     0.280660520     0.000001460
    11.720000000     0.000000041     0.283332580     0.000001254
    11.730000000     0.000000035     0.285985375     0.000001073
    11.740000000     0.000000030     0.288619129     0.000000914
    11.750000000     0.000000025     0.291234060     0.000000775
    11.760000000     0.000000021     0.293830383     0.000000654
    11.770000000     0.000000018     0.296408311     0.000000550
    11.780000000     0.000000015     0.298968052     0.000000460
    11.790000000     0.000000013     0.301509812     0.000000383
    11.800000000     0.000000010     0.304033792     0.000000318
    11.810000000     0.000000009     0.306540191     0.000000262
    11.820000000     0.000000007     0.309029206     0.000000215
    11.830000000     0.000000006     0.311501027     0.000000176
    11.840000000     0.000000005     0.313955847     0.000000144
    11.850000000     0.000000004     0.316393850     0.000000116
    11.860000000     0.000000003     0.318815220     0.000000094
    11.870000000     0.000000002     0.321220139     0.000000076
    11.880000000     0.000000002     0.323608785     0.000000061
    11.890000000     0.000000002     0.325981334     0.000000048
    11.900000000     0.000000001     0.328337957     0.000000038
    11.910000000     0.000000001     0.330678826     0.000000030
    11.920000000     0.000000001     0.333004108     0.000000024
    11.930000000     0.000000001     0.335313967     0.000000019
    11.940000000     0.000000000     0.337608568     0.000000014
    11.950000000     0.000000000     0.339888070     0.000000011
    11.960000000     0.000000000     0.342152630     0.000000009
    11.970000000     0.000000000     0.344402405     0.000000007
    11.980000000     0.000000000     0.346637548     0.000000005
    11.990000000     0.000000000     0.348858210     0.000000004
    12.000000000     0.000000000     0.351064540     0.000000003
    12.010000000     0.000000000     0.353256684     0.000000002
    12.020000000     0.000000000     0.355434787     0.000000002
    12.030000000     0.000000000     0.357598992     0.000000001
    12.040000000     0.000000000     0.359749440     0.000000001
    12.050000000     0.000000000     0.361886268     0.000000001
    12.060000000     0.000000000     0.364009613     0.000000001
    12.070000000     0.000000000     0.366119610     0.000000000
    12.080000000     0.000000000     0.368216392     0.000000000
    12.090000000     0.000000000     0.370300090     0.000000000
    12.100000000     0.000000000     0.372370832     0.000000000
    12.110000000     0.000000000     0.374428746     0.000000000
    12.120000000     0.000000000     0.376473958     0.000000000
    12.130000000     0.000000000     0.378506591     0.000000000
    12.140000000     0.000000000     0.380526768     0.000000000
    12.150000000     0.000000000     0.382534608     0.000000000
    12.160000000     0.000000000     0.384530231     0.000000000
    12.170000000     0.000000000     0.386513755     0.000000000
    12.180000000     0.000000000     0.388485293     0.000000000
    12.190000000     0.000000000     0.390444962     0.000000000
    12.200000000     0.000000000     0.392392873     0.000000000
    12.210000000     0.000000000     0.394329137     0.000000000
    12.220000000     0.000000000     0.396253864     0.000000000
    12.230000000     0.000000000     0.398167163     0.000000000
    12.240000000     0.000000000     0.400069139     0.000000000
    12.250000000     0.000000000     0.401959899     0.000000000
    12.260000000     0.000000000     0.403839545     0.000000000
    12.270000000     0.000000000     0.405708182     0.000000000
    12.280000000     0.000000000     0.407565910     0.000000000
    12.290000000     0.000000000     0.409412829     0.000000000
    12.300000000     0.000000000     0.411249037     0.000000000
    12.310000000     0.000000000     0.413074633     0.000000000
    12.320000000     0.000000000     0.414889713     0.000000000
    12.330000000     0.000000000     0.416694371     0.000000000
    12.340000000     0.000000000     0.418488701     0.000000000
    12.350000000     0.000000000     0.420272796     0.000000000
    12.360000000     0.000000000     0.422046747     0.000000000
    12.370000000     0.000000000     0.423810645     0.000000000
    12.380000000     0.000000000     0.425564579     0.000000000
    12.390000000     0.000000000     0.427308637     0.000000000
    12.400000000     0.000000000     0.429042905     0.000000000
    12.410000000     0.000000000     0.430767470     0.000000000
    12.420000000     0.000000000     0.432482417     0.000000000
    12.430000000     0.000000000     0.434187830     0.000000000
    12.440000000     0.000000000     0.435883790     0.000000000
    12.450000000     0.000000000     0.437570381     0.000000000
    12.460000000     0.000000000     0.439247682     0.000000000
    12.470000000     0.000000000     0.440915775     0.000000000
    12.480000000     0.000000000     0.442574736     0.000000000
    12.490000000     0.000000000     0.444224646     0.000000000
    12.500000000     0.000000000     0.445865579     0.000000000
    12.510000000     0.000000000     0.447497614     0.000000000
    12.520000000     0.000000000     0.449120824     0.000000000
    12.530000000     0.000000000     0.450735284     0.000000000
    12.540000000     0.000000000     0.452341068     0.000000000
    12.550000000     0.000000000     0.453938248     0.000000000
    12.560000000     0.000000000     0.455526895     0.000000000
    12.570000000     0.000000000     0.457107082     0.000000000
    12.580000000     0.000000000     0.458678877     0.000000000
    12.590000000     0.000000000     0.460242350     0.000000000
    12.600000000     0.000000000     0.461797570     0.000000000
    12.610000000     0.000000000     0.463344604     0.000000000
    12.620000000     0.000000000     0.464883519     0.000000000
    12.630000000     0.000000000     0.466414381     0.000000000
    12.640000000     0.000000000     0.467937256     0.000000000
    12.650000000     0.000000000     0.469452208     0.000000000
    12.660000000     0.000000000     0.470959302     0.000000000
    12.670000000     0.000000000     0.472458599     0.000000000
    12.680000000     0.000000000     0.473950164     0.000000000
    12.690000000     0.000000000     0.475434058     0.000000000
    12.700000000     0.000000000     0.476910341     0.000000000
    12.710000000     0.000000000     0.478379074     0.000000000
    12.720000000     0.000000000     0.479840318     0.000000000
    12.730000000     0.000000000     0.481294131     0.000000000
    12.740000000     0.000000000     0.482740571     0.000000000
    12.750000000     0.000000000     0.484179697     0.000000000
    12.760000000     0.000000000     0.485611565     0.000000000
    12.770000000     0.000000000     0.487036232     0.000000000
    12.780000000     0.000000000     0.488453755     0.000000000
    12.790000000     0.000000000     0.489864188     0.000000000
    12.800000000     0.000000000     0.491267586     0.000000000
    12.810000000     0.000000000     0.492664004     0.000000000
    12.820000000     0.000000000     0.494053495     0.000000000
    12.830000000     0.000000000     0.495436112     0.000000000
    12.840000000     0.000000000     0.496811907     0.000000000
    12.850000000     0.000000000     0.498180932     0.000000000
    12.860000000     0.000000000     0.499543240     0.000000000
    12.870000000     0.000000000     0.500898880     0.000000000
    12.880000000     0.000000000     0.502247902     0.000000000
    12.890000000     0.000000000     0.503590357     0.000000000
    12.900000000     0.000000000     0.504926294     0.000000000
    12.910000000     0.000000000     0.506255761     0.000000000
    12.920000000     0.000000000     0.507578807     0.000000000
    12.930000000     0.000000000     0.508895480     0.000000000
    12.940000000     0.000000000     0.510205826     0.000000000
    12.950000000     0.000000000     0.511509892     0.000000000
    12.960000000     0.000000000     0.512807725     0.000000000
    12.970000000     0.000000000     0.514099370     0.000000000
    12.980000000     0.000000000     0.515384873     0.000000000
    12.990000000     0.000000000     0.516664279     0.000000000
    13.000000000     0.000000000     0.517937631     0.000000000
