     0.000000000     0.000000000     2.123157782     0.000000000
     0.010000000     0.000000000     2.123163930     0.000000000
     0.020000000     0.000000000     2.123182377     0.000000000
     0.030000000     0.000000000     2.123213123     0.000000000
     0.040000000     0.000000000     2.123256170     0.000000000
     0.050000000     0.000000000     2.123311522     0.000000000
     0.060000000     0.000000000     2.123379183     0.000000000
     0.070000000     0.000000000     2.123459158     0.000000000
     0.080000000     0.000000000     2.123551452     0.000000000
     0.090000000     0.000000000     2.123656072     0.000000000
     0.100000000     0.000000000     2.123773026     0.000000000
     0.110000000     0.000000000     2.123902323     0.000000000
     0.120000000     0.000000000     2.124043973     0.000000000
     0.130000000     0.000000000     2.124197984     0.000000000
     0.140000000     0.000000000     2.124364370     0.000000000
     0.150000000     0.000000000     2.124543142     0.000000000
     0.160000000     0.000000000     2.124734313     0.000000000
     0.170000000     0.000000000     2.124937897     0.000000000
     0.180000000     0.000000000     2.125153910     0.000000000
     0.190000000     0.000000000     2.125382367     0.000000000
     0.200000000     0.000000000     2.125623285     0.000000000
     0.210000000     0.000000000     2.125876682     0.000000000
     0.220000000     0.000000000     2.126142577     0.000000000
     0.230000000     0.000000000     2.126420989     0.000000000
     0.240000000     0.000000000     2.126711940     0.000000000
     0.250000000     0.000000000     2.127015450     0.000000000
     0.260000000     0.000000000     2.127331542     0.000000000
     0.270000000     0.000000000     2.127660240     0.000000000
     0.280000000     0.000000000     2.128001568     0.000000000
     0.290000000     0.000000000     2.128355552     0.000000000
     0.300000000     0.000000000     2.128722218     0.000000000
     0.310000000     0.000000000     2.129101592     0.000000000
     0.320000000     0.000000000     2.129493705     0.000000000
     0.330000000     0.000000000     2.129898585     0.000000000
     0.340000000     0.000000000     2.130316262     0.000000000
     0.350000000     0.000000000     2.130746768     0.000000000
     0.360000000     0.000000000     2.131190134     0.000000000
     0.370000000     0.000000000     2.131646396     0.000000000
     0.380000000     0.000000000     2.132115586     0.000000000
     0.390000000     0.000000000     2.132597740     0.000000000
     0.400000000     0.000000000     2.133092896     0.000000000
     0.410000000     0.000000000     2.133601089     0.000000000
     0.420000000     0.000000000     2.134122360     0.000000000
     0.430000000     0.000000000     2.134656746     0.000000000
     0.440000000     0.000000000     2.135204290     0.000000000
     0.450000000     0.000000000     2.135765033     0.000000000
     0.460000000     0.000000000     2.136339017     0.000000000
     0.470000000     0.000000000     2.136926287     0.000000000
     0.480000000     0.000000000     2.137526888     0.000000000
     0.490000000     0.000000000     2.138140866     0.000000000
     0.500000000     0.000000000     2.138768268     0.000000000
     0.510000000     0.000000000     2.139409142     0.000000000
     0.520000000     0.000000000     2.140063539     0.000000000
     0.530000000     0.000000000     2.140731508     0.000000000
     0.540000000     0.000000000     2.141413102     0.000000000
     0.550000000     0.000000000     2.142108374     0.000000000
     0.560000000     0.000000000     2.142817377     0.000000000
     0.570000000     0.000000000     2.143540169     0.000000000
     0.580000000     0.000000000     2.144276804     0.000000000
     0.590000000     0.000000000     2.145027341     0.000000000
     0.600000000     0.000000000     2.145791839     0.000000000
     0.610000000     0.000000000     2.146570359     0.000000000
     0.620000000     0.000000000     2.147362961     0.000000000
     0.630000000     0.000000000     2.148169709     0.000000000
     0.640000000     0.000000000     2.148990668     0.000000000
     0.650000000     0.000000000     2.149825902     0.000000000
     0.660000000     0.000000000     2.150675479     0.000000000
     0.670000000     0.000000000     2.151539466     0.000000000
     0.680000000     0.000000000     2.152417932     0.000000000
     0.690000000     0.000000000     2.153310950     0.000000000
     0.700000000     0.000000000     2.154218591     0.000000000
     0.710000000     0.000000000     2.155140929     0.000000000
     0.720000000     0.000000000     2.156078038     0.000000000
     0.730000000     0.000000000     2.157029996     0.000000000
     0.740000000     0.000000000     2.157996880     0.000000000
     0.750000000     0.000000000     2.158978769     0.000000000
     0.760000000     0.000000000     2.159975745     0.000000000
     0.770000000     0.000000000     2.160987889     0.000000000
     0.780000000     0.000000000     2.162015287     0.000000000
     0.790000000     0.000000000     2.163058022     0.000000000
     0.800000000     0.000000000     2.164116183     0.000000000
     0.810000000     0.000000000     2.165189857     0.000000000
     0.820000000     0.000000000     2.166279136     0.000000000
     0.830000000     0.000000000     2.167384110     0.000000000
     0.840000000     0.000000000     2.168504873     0.000000000
     0.850000000     0.000000000     2.169641522     0.000000000
     0.860000000     0.000000000     2.170794151     0.000000000
     0.870000000     0.000000000     2.171962860     0.000000000
     0.880000000     0.000000000     2.173147750     0.000000000
     0.890000000     0.000000000     2.174348921     0.000000000
     0.900000000     0.000000000     2.175566479     0.000000000
     0.910000000     0.000000000     2.176800529     0.000000000
     0.920000000     0.000000000     2.178051178     0.000000000
     0.930000000     0.000000000     2.179318537     0.000000000
     0.940000000     0.000000000     2.180602715     0.000000000
     0.950000000     0.000000000     2.181903827     0.000000000
     0.960000000     0.000000000     2.183221987     0.000000000
     0.970000000     0.000000000     2.184557313     0.000000000
     0.980000000     0.000000000     2.185909924     0.000000000
     0.990000000     0.000000000     2.187279942     0.000000000
     1.000000000     0.000000000     2.188667489     0.000000000
     1.010000000     0.000000000     2.190072692     0.000000000
     1.020000000     0.000000000     2.191495677     0.000000000
     1.030000000     0.000000000     2.192936575     0.000000000
     1.040000000     0.000000000     2.194395518     0.000000000
     1.050000000     0.000000000     2.195872639     0.000000000
     1.060000000     0.000000000     2.197368076     0.000000000
     1.070000000     0.000000000     2.198881968     0.000000000
     1.080000000     0.000000000     2.200414455     0.000000000
     1.090000000     0.000000000     2.201965681     0.000000000
     1.100000000     0.000000000     2.203535793     0.000000000
     1.110000000     0.000000000     2.205124940     0.000000000
     1.120000000     0.000000000     2.206733271     0.000000000
     1.130000000     0.000000000     2.208360941     0.000000000
     1.140000000     0.000000000     2.210008107     0.000000000
     1.150000000     0.000000000     2.211674927     0.000000000
     1.160000000     0.000000000     2.213361563     0.000000000
     1.170000000     0.000000000     2.215068180     0.000000000
     1.180000000     0.000000000     2.216794944     0.000000000
     1.190000000     0.000000000     2.218542027     0.000000000
     1.200000000     0.000000000     2.220309600     0.000000000
     1.210000000     0.000000000     2.222097840     0.000000000
     1.220000000     0.000000000     2.223906926     0.000000000
     1.230000000     0.000000000     2.225737040     0.000000000
     1.240000000     0.000000000     2.227588367     0.000000000
     1.250000000     0.000000000     2.229461096     0.000000000
     1.260000000     0.000000000     2.231355418     0.000000000
     1.270000000     0.000000000     2.233271527     0.000000000
     1.280000000     0.000000000     2.235209624     0.000000000
     1.290000000     0.000000000     2.237169908     0.000000000
     1.300000000     0.000000000     2.239152585     0.000000000
     1.310000000     0.000000000     2.241157865     0.000000000
     1.320000000     0.000000000     2.243185959     0.000000000
     1.330000000     0.000000000     2.245237082     0.000000000
     1.340000000     0.000000000     2.247311457     0.000000000
     1.350000000     0.000000000     2.249409305     0.000000000
     1.360000000     0.000000000     2.251530854     0.000000000
     1.370000000     0.000000000     2.253676336     0.000000000
     1.380000000     0.000000000     2.255845987     0.000000000
     1.390000000     0.000000000     2.258040046     0.000000000
     1.400000000     0.000000000     2.260258757     0.000000000
     1.410000000     0.000000000     2.262502369     0.000000000
     1.420000000     0.000000000     2.264771135     0.000000000
     1.430000000     0.000000000     2.267065311     0.000000000
     1.440000000     0.000000000     2.269385159     0.000000000
     1.450000000     0.000000000     2.271730947     0.000000000
     1.460000000     0.000000000     2.274102944     0.000000000
     1.470000000     0.000000000     2.276501428     0.000000000
     1.480000000     0.000000000     2.278926680     0.000000000
     1.490000000     0.000000000     2.281378985     0.000000000
     1.500000000     0.000000000     2.283858635     0.000000000
     1.510000000     0.000000000     2.286365927     0.000000000
     1.520000000     0.000000000     2.288901164     0.000000000
     1.530000000     0.000000000     2.291464652     0.000000000
     1.540000000     0.000000000     2.294056705     0.000000000
     1.550000000     0.000000000     2.296677643     0.000000000
     1.560000000     0.000000000     2.299327790     0.000000000
     1.570000000     0.000000000     2.302007477     0.000000000
     1.580000000     0.000000000     2.304717042     0.000000000
     1.590000000     0.000000000     2.307456828     0.000000000
     1.600000000     0.000000000     2.310227185     0.000000000
     1.610000000     0.000000000     2.313028470     0.000000000
     1.620000000     0.000000000     2.315861047     0.000000000
     1.630000000     0.000000000     2.318725284     0.000000000
     1.640000000     0.000000000     2.321621561     0.000000000
     1.650000000     0.000000000     2.324550261     0.000000000
     1.660000000     0.000000000     2.327511775     0.000000000
     1.670000000     0.000000000     2.330506505     0.000000000
     1.680000000     0.000000000     2.333534857     0.000000000
     1.690000000     0.000000000     2.336597245     0.000000000
     1.700000000     0.000000000     2.339694094     0.000000000
     1.710000000     0.000000000     2.342825835     0.000000000
     1.720000000     0.000000000     2.345992908     0.000000000
     1.730000000     0.000000000     2.349195761     0.000000000
     1.740000000     0.000000000     2.352434853     0.000000000
     1.750000000     0.000000000     2.355710650     0.000000000
     1.760000000     0.000000000     2.359023628     0.000000000
     1.770000000     0.000000000     2.362374274     0.000000000
     1.780000000     0.000000000     2.365763082     0.000000000
     1.790000000     0.000000000     2.369190559     0.000000000
     1.800000000     0.000000000     2.372657220     0.000000000
     1.810000000     0.000000000     2.376163592     0.000000000
     1.820000000     0.000000000     2.379710212     0.000000000
     1.830000000     0.000000000     2.383297630     0.000000000
     1.840000000     0.000000000     2.386926405     0.000000000
     1.850000000     0.000000000     2.390597108     0.000000000
     1.860000000     0.000000000     2.394310324     0.000000000
     1.870000000     0.000000000     2.398066648     0.000000000
     1.880000000     0.000000000     2.401866689     0.000000000
     1.890000000     0.000000000     2.405711070     0.000000000
     1.900000000     0.000000000     2.409600424     0.000000000
     1.910000000     0.000000000     2.413535402     0.000000000
     1.920000000     0.000000000     2.417516665     0.000000000
     1.930000000     0.000000000     2.421544890     0.000000000
     1.940000000     0.000000000     2.425620771     0.000000000
     1.950000000     0.000000000     2.429745014     0.000000000
     1.960000000     0.000000000     2.433918342     0.000000000
     1.970000000     0.000000000     2.438141495     0.000000000
     1.980000000     0.000000000     2.442415228     0.000000000
     1.990000000     0.000000000     2.446740314     0.000000000
     2.000000000     0.000000000     2.451117543     0.000000000
     2.010000000     0.000000000     2.455547723     0.000000000
     2.020000000     0.000000000     2.460031681     0.000000000
     2.030000000     0.000000000     2.464570262     0.000000000
     2.040000000     0.000000000     2.469164333     0.000000000
     2.050000000     0.000000000     2.473814778     0.000000000
     2.060000000     0.000000000     2.478522504     0.000000000
     2.070000000     0.000000000     2.483288438     0.000000000
     2.080000000     0.000000000     2.488113530     0.000000000
     2.090000000     0.000000000     2.492998753     0.000000000
     2.100000000     0.000000000     2.497945102     0.000000000
     2.110000000     0.000000000     2.502953596     0.000000000
     2.120000000     0.000000000     2.508025281     0.000000000
     2.130000000     0.000000000     2.513161226     0.000000000
     2.140000000     0.000000000     2.518362527     0.000000000
     2.150000000     0.000000000     2.523630309     0.000000000
     2.160000000     0.000000000     2.528965723     0.000000000
     2.170000000     0.000000001     2.534369948     0.000000000
     2.180000000     0.000000001     2.539844197     0.000000000
     2.190000000     0.000000001     2.545389708     0.000000000
     2.200000000     0.000000002     2.551007756     0.000000000
     2.210000000     0.000000003     2.556699645     0.000000000
     2.220000000     0.000000004     2.562466715     0.000000000
     2.230000000     0.000000006     2.568310340     0.000000000
     2.240000000     0.000000008     2.574231930     0.000000000
     2.250000000     0.000000011     2.580232933     0.000000001
     2.260000000     0.000000016     2.586314836     0.000000001
     2.270000000     0.000000023     2.592479163     0.000000001
     2.280000000     0.000000031     2.598727482     0.000000002
     2.290000000     0.000000044     2.605061404     0.000000002
     2.300000000     0.000000060     2.611482580     0.000000003
     2.310000000     0.000000082     2.617992712     0.000000004
     2.320000000     0.000000113     2.624593544     0.000000006
     2.330000000     0.000000154     2.631286873     0.000000008
     2.340000000     0.000000208     2.638074543     0.000000010
     2.350000000     0.000000281     2.644958453     0.000000014
     2.360000000     0.000000378     2.651940555     0.000000019
     2.370000000     0.000000506     2.659022857     0.000000025
     2.380000000     0.000000673     2.666207425     0.000000034
     2.390000000     0.000000893     2.673496385     0.000000045
     2.400000000     0.000001180     2.680891926     0.000000060
     2.410000000     0.000001551     2.688396303     0.000000078
     2.420000000     0.000002030     2.696011835     0.000000103
     2.430000000     0.000002646     2.703740912     0.000000134
     2.440000000     0.000003433     2.711585998     0.000000174
     2.450000000     0.000004436     2.719549629     0.000000225
     2.460000000     0.000005706     2.727634421     0.000000290
     2.470000000     0.000007308     2.735843069     0.000000372
     2.480000000     0.000009320     2.744178353     0.000000475
     2.490000000     0.000011835     2.752643140     0.000000604
     2.500000000     0.000014962     2.761240387     0.000000764
     2.510000000     0.000018836     2.769973144     0.000000964
     2.520000000     0.000023611     2.778844559     0.000001209
     2.530000000     0.000029469     2.787857883     0.000001512
     2.540000000     0.000036626     2.797016470     0.000001881
     2.550000000     0.000045328     2.806323784     0.000002331
     2.560000000     0.000055861     2.815783404     0.000002877
     2.570000000     0.000068554     2.825399025     0.000003536
     2.580000000     0.000083781     2.835174466     0.000004327
     2.590000000     0.000101969     2.845113674     0.000005272
     2.600000000     0.000123598     2.855220727     0.000006398
     2.610000000     0.000149209     2.865499841     0.000007731
     2.620000000     0.000179405     2.875955376     0.000009304
     2.630000000     0.000214862     2.886591840     0.000011150
     2.640000000     0.000256324     2.897413893     0.000013307
     2.650000000     0.000304618     2.908426358     0.000015817
     2.660000000     0.000360654     2.919634221     0.000018724
     2.670000000     0.000425432     2.931042639     0.000022075
     2.680000000     0.000500051     2.942656947     0.000025920
     2.690000000     0.000585718     2.954482664     0.000030313
     2.700000000     0.000683761     2.966525495     0.000035309
     2.710000000     0.000795642     2.978791340     0.000040966
     2.720000000     0.000922974     2.991286300     0.000047343
     2.730000000     0.001067553     3.004016679     0.000054500
     2.740000000     0.001231380     3.016988987     0.000062497
     2.750000000     0.001416702     3.030209949     0.000071396
     2.760000000     0.001626063     3.043686501     0.000081255
     2.770000000     0.001862356     3.057425798     0.000092133
     2.780000000     0.002128899     3.071435205     0.000104087
     2.790000000     0.002429520     3.085722301     0.000117172
     2.800000000     0.002768653     3.100294876     0.000131439
     2.810000000     0.003151461     3.115160915     0.000146939
     2.820000000     0.003583974     3.130328600     0.000163719
     2.830000000     0.004073242     3.145806288     0.000181826
     2.840000000     0.004627515     3.161602502     0.000201303
     2.850000000     0.005256446     3.177725908     0.000222197
     2.860000000     0.005971303     3.194185304     0.000244555
     2.870000000     0.006785217     3.210989599     0.000268429
     2.880000000     0.007713435     3.228147800     0.000293878
     2.890000000     0.008773599     3.245669012     0.000320970
     2.900000000     0.009986037     3.263562451     0.000349790
     2.910000000     0.011374056     3.281837484     0.000380438
     2.920000000     0.012964256     3.300503702     0.000413039
     2.930000000     0.014786835     3.319571038     0.000447747
     2.940000000     0.016875893     3.339049945     0.000484751
     2.950000000     0.019269726     3.358951614     0.000524281
     2.960000000     0.022011115     3.379288247     0.000566615
     2.970000000     0.025147580     3.400073345     0.000612089
     2.980000000     0.028731627     3.421321966     0.000661100
     2.990000000     0.032820954     3.443050908     0.000714119
     3.000000000     0.037478638     3.465278728     0.000771693
     3.010000000     0.042773282     3.488025571     0.000834459
     3.020000000     0.048779130     3.511312746     0.000903150
     3.030000000     0.055576165     3.535162094     0.000978600
     3.040000000     0.063250161     3.559595178     0.001061756
     3.050000000     0.071892730     3.584632401     0.001153682
     3.060000000     0.081601346     3.610292145     0.001255568
     3.070000000     0.092479372     3.636590001     0.001368732
     3.080000000     0.104636078     3.663538135     0.001494632
     3.090000000     0.118186686     3.691144756     0.001634864
     3.100000000     0.133252434     3.719413629     0.001791171
     3.110000000     0.149960669     3.748343543     0.001965442
     3.120000000     0.168444983     3.777927652     0.002159715
     3.130000000     0.188845399     3.808152627     0.002376179
     3.140000000     0.211308594     3.838997576     0.002617169
     3.150000000     0.235988165     3.870432767     0.002885168
     3.160000000     0.263044934     3.902418186     0.003182799
     3.170000000     0.292647263     3.934902021     0.003512821
     3.180000000     0.324971371     3.967819191     0.003878122
     3.190000000     0.360201608     4.001090073     0.004281707
     3.200000000     0.398530672     4.034619621     0.004726688
     3.210000000     0.440159705     4.068297129     0.005216265
     3.220000000     0.485298234     4.101996894     0.005753717
     3.230000000     0.534163899     4.135580118     0.006342376
     3.240000000     0.586981907     4.168898301     0.006985604
     3.250000000     0.643984168     4.201798388     0.007686777
     3.260000000     0.705408041     4.234129721     0.008449248
     3.270000000     0.771494641     4.265752642     0.009276322
     3.280000000     0.842486666     4.296548204     0.010171225
     3.290000000     0.918625686     4.326427961     0.011137067
     3.300000000     1.000148889     4.355342251     0.012176809
     3.310000000     1.087285238     4.383284915     0.013293223
     3.320000000     1.180251065     4.410292227     0.014488858
     3.330000000     1.279245105     4.436434225     0.015765999
     3.340000000     1.384443007     4.461797707     0.017126629
     3.350000000     1.495991382     4.486461824     0.018572395
     3.360000000     1.614001468     4.510468982     0.020104570
     3.370000000     1.738542498     4.533795116     0.021724024
     3.380000000     1.869634906     4.556323844     0.023431194
     3.390000000     2.007243503     4.577828312     0.025226061
     3.400000000     2.151270764     4.597963051     0.027108127
     3.410000000     2.301550415     4.616266311     0.029076407
     3.420000000     2.457841487     4.632171659     0.031129421
     3.430000000     2.619823019     4.645026543     0.033265194
     3.440000000     2.787089604     4.654115149     0.035481264
     3.450000000     2.959147965     4.658683062     0.037774700
     3.460000000     3.135414731     4.657961973     0.040142127
     3.470000000     3.315215579     4.651193560     0.042579755
     3.480000000     3.497785898     4.637652459     0.045083428
     3.490000000     3.682273079     4.616668666     0.047648665
     3.500000000     3.867740542     4.587649362     0.050270717
     3.510000000     4.053173557     4.550099190     0.052944635
     3.520000000     4.237486865     4.503636611     0.055665327
     3.530000000     4.419534110     4.448002895     0.058427636
     3.540000000     4.598118992     4.383060253     0.061226413
     3.550000000     4.772008047     4.308777061     0.064056586
     3.560000000     4.939944896     4.225200904     0.066913239
     3.570000000     5.100665768     4.132423517     0.069791679
     3.580000000     5.252916047     4.030544509     0.072687508
     3.590000000     5.395467564     3.919642165     0.075596676
     3.600000000     5.527136321     3.799759214     0.078515542
     3.610000000     5.646800297     3.670909556     0.081440914
     3.620000000     5.753416975     3.533109033     0.084370084
     3.630000000     5.846040208     3.386429925     0.087300848
     3.640000000     5.923836055     3.231075065     0.090231515
     3.650000000     5.986097210     3.067463319     0.093160904
     3.660000000     6.032255681     2.896314181     0.096088326
     3.670000000     6.061893390     2.718716222     0.099013552
     3.680000000     6.074750433     2.536163627     0.101936769
     3.690000000     6.070730753     2.350547956     0.104858524
     3.700000000     6.049905070     2.164098912     0.107779658
     3.710000000     6.012510951     1.979276940     0.110701231
     3.720000000     5.958949996     1.798629734     0.113624439
     3.730000000     5.889782164     1.624631769     0.116550526
     3.740000000     5.805717348     1.459528901     0.119480700
     3.750000000     5.707604380     1.305208490     0.122416038
     3.760000000     5.596417700     1.163110053     0.125357409
     3.770000000     5.473241989     1.034183976     0.128305388
     3.780000000     5.339255114     0.918897867     0.131260189
     3.790000000     5.195709770     0.817283536     0.134221604
     3.800000000     5.043914236     0.729012930     0.137188959
     3.810000000     4.885212662     0.653489207     0.140161073
     3.820000000     4.720965329     0.589939290     0.143136249
     3.830000000     4.552529295     0.537496449     0.146112264
     3.840000000     4.381239828     0.495265109     0.149086387
     3.850000000     4.208392987     0.462364539     0.152055406
     3.860000000     4.035229677     0.437952334     0.155015669
     3.870000000     3.862921450     0.421231927     0.157963143
     3.880000000     3.692558268     0.411450121     0.160893477
     3.890000000     3.525138394     0.407890666     0.163802078
     3.900000000     3.361560500     0.409868555     0.166684189
     3.910000000     3.202618039     0.416727550     0.169534974
     3.920000000     3.048995859     0.427841344     0.172349603
     3.930000000     2.901268987     0.442617099     0.175123332
     3.940000000     2.759903469     0.460499464     0.177851577
     3.950000000     2.625259095     0.480973271     0.180529992
     3.960000000     2.497593827     0.503563947     0.183154522
     3.970000000     2.377069693     0.527835680     0.185721461
     3.980000000     2.263759925     0.553388290     0.188227491
     3.990000000     2.157657076     0.579854256     0.190669714
     4.000000000     2.058681874     0.606897377     0.193045673
     4.010000000     1.966692546     0.634214068     0.195353360
     4.020000000     1.881494403     0.661537562     0.197591223
     4.030000000     1.802849420     0.688644434     0.199758160
     4.040000000     1.730485646     0.715362089     0.201853509
     4.050000000     1.664106226     0.741575421     0.203877037
     4.060000000     1.603397898     0.767230726     0.205828928
     4.070000000     1.548038832     0.792335346     0.207709769
     4.080000000     1.497705685     0.816952223     0.209520540
     4.090000000     1.452079827     0.841189506     0.211262608
     4.100000000     1.410852655     0.865186301     0.212937727
     4.110000000     1.373729987     0.889096373     0.214548038
     4.120000000     1.340435526     0.913071930     0.216096077
     4.130000000     1.310713408     0.937249509     0.217584792
     4.140000000     1.284329883     0.961739500     0.219017551
     4.150000000     1.261074160     0.986620131     0.220398161
     4.160000000     1.240758509     1.011936014     0.221730887
     4.170000000     1.223217671     1.037700706     0.223020462
     4.180000000     1.208307683     1.063902188     0.224272095
     4.190000000     1.195904202     1.090509849     0.225491475
     4.200000000     1.185900417     1.117481380     0.226684761
     4.210000000     1.178204666     1.144768108     0.227858559
     4.220000000     1.172737834     1.172317764     0.229019896
     4.230000000     1.169430637     1.200074375     0.230176167
     4.240000000     1.168220889     1.227975776     0.231335076
     4.250000000     1.169050820     1.255949907     0.232504557
     4.260000000     1.171864538     1.283911342     0.233692686
     4.270000000     1.176605701     1.311759333     0.234907579
     4.280000000     1.183215453     1.339378172     0.236157273
     4.290000000     1.191630684     1.366639966     0.237449610
     4.300000000     1.201782655     1.393409341     0.238792105
     4.310000000     1.213596007     1.419549139     0.240191819
     4.320000000     1.226988188     1.444926093     0.241655235
     4.330000000     1.241869297     1.469415560     0.243188126
     4.340000000     1.258142346     1.492904783     0.244795453
     4.350000000     1.275703926     1.515294566     0.246481255
     4.360000000     1.294445254     1.536499655     0.248248564
     4.370000000     1.314253567     1.556448416     0.250099342
     4.380000000     1.335013825     1.575082462     0.252034427
     4.390000000     1.356610660     1.592356786     0.254053505
     4.400000000     1.378930534     1.608240680     0.256155111
     4.410000000     1.401864021     1.622719395     0.258336643
     4.420000000     1.425308155     1.635796147     0.260594405
     4.430000000     1.449168768     1.647493902     0.262923666
     4.440000000     1.473362746     1.657856299     0.265318745
     4.450000000     1.497820124     1.666947316     0.267773112
     4.460000000     1.522485952     1.674849542     0.270279505
     4.470000000     1.547321855     1.681661366     0.272830057
     4.480000000     1.572307227     1.687493663     0.275416443
     4.490000000     1.597440010     1.692466652     0.278030029
     4.500000000     1.622736996     1.696707521     0.280662025
     4.510000000     1.648233623     1.700349117     0.283303650
     4.520000000     1.673983255     1.703529645     0.285946290
     4.530000000     1.700055915     1.706393013     0.288581658
     4.540000000     1.726536500     1.709089192     0.291201949
     4.550000000     1.753522488     1.711773871     0.293799997
     4.560000000     1.781121193     1.714606683     0.296369413
     4.570000000     1.809446603     1.717747417     0.298904725
     4.580000000     1.838615901     1.721349889     0.301401505
     4.590000000     1.868745727     1.725553471     0.303856485
     4.600000000     1.899948310     1.730472685     0.306267656
     4.610000000     1.932327539     1.736185659     0.308634362
     4.620000000     1.965975133     1.742722522     0.310957368
     4.630000000     2.000966975     1.750054985     0.313238917
     4.640000000     2.037359768     1.758088285     0.315482766
     4.650000000     2.075188098     1.766656419     0.317694201
     4.660000000     2.114462003     1.775521233     0.319880024
     4.670000000     2.155165146     1.784375542     0.322048523
     4.680000000     2.197253654     1.792850154     0.324209410
     4.690000000     2.240655673     1.800524572     0.326373731
     4.700000000     2.285271662     1.806941116     0.328553752
     4.710000000     2.330975440     1.811622260     0.330762808
     4.720000000     2.377615948     1.814090836     0.333015128
     4.730000000     2.425019696     1.813892466     0.335325635
     4.740000000     2.472993816     1.810619033     0.337709710
     4.750000000     2.521329627     1.803931459     0.340182940
     4.760000000     2.569806608     1.793579709     0.342760846
     4.770000000     2.618196663     1.779417964     0.345458591
     4.780000000     2.666268520     1.761413457     0.348290680
     4.790000000     2.713792152     1.739648369     0.351270658
     4.800000000     2.760543069     1.714315268     0.354410802
     4.810000000     2.806306345     1.685707357     0.357721834
     4.820000000     2.850880267     1.654205118     0.361212638
     4.830000000     2.894079496     1.620260648     0.364890008
     4.840000000     2.935737645     1.584380257     0.368758421
     4.850000000     2.975709223     1.547105218     0.372819849
     4.860000000     3.013870895     1.508990271     0.377073611
     4.870000000     3.050122047     1.470579764     0.381516268
     4.880000000     3.084384664     1.432382081     0.386141572
     4.890000000     3.116602568     1.394843850     0.390940461
     4.900000000     3.146740062     1.358326012     0.395901108
     4.910000000     3.174780070     1.323083964     0.401009023
     4.920000000     3.200721864     1.289253778     0.406247197
     4.930000000     3.224578483     1.256846057     0.411596299
     4.940000000     3.246373965     1.225748382     0.417034909
     4.950000000     3.266140497     1.195736707     0.422539786
     4.960000000     3.283915608     1.166495231     0.428086170
     4.970000000     3.299739498     1.137643494     0.433648095
     4.980000000     3.313652608     1.108768536     0.439198729
     4.990000000     3.325693502     1.079459364     0.444710714
     5.000000000     3.335897124     1.049340615     0.450156502
     5.010000000     3.344293477     1.018102365     0.455508694
     5.020000000     3.350906744     0.985523496     0.460740354
     5.030000000     3.355754852     0.951486698     0.465825317
     5.040000000     3.358849464     0.915984010     0.470738460
     5.050000000     3.360196376     0.879112712     0.475455956
     5.060000000     3.359796258     0.841062198     0.479955496
     5.070000000     3.357645692     0.802093317     0.484216475
     5.080000000     3.353738440     0.762512392     0.488220154
     5.090000000     3.348066864     0.722642722     0.491949785
     5.100000000     3.340623438     0.682796708     0.495390709
     5.110000000     3.331402266     0.643251693     0.498530424
     5.120000000     3.320400553     0.604232140     0.501358624
     5.130000000     3.307619967     0.565899852     0.503867221
     5.140000000     3.293067833     0.528352729     0.506050338
     5.150000000     3.276758132     0.491631318     0.507904287
     5.160000000     3.258712268     0.455731385     0.509427532
     5.170000000     3.238959587     0.420620109     0.510620631
     5.180000000     3.217537644     0.386253415     0.511486177
     5.190000000     3.194492227     0.352592204     0.512028715
     5.200000000     3.169877139     0.319615750     0.512254660
     5.210000000     3.143753777     0.287331110     0.512172201
     5.220000000     3.116190532     0.255777844     0.511791198
     5.230000000     3.087262036     0.225027785     0.511123071
     5.240000000     3.057048310     0.195179957     0.510180678
     5.250000000     3.025633843     0.166351174     0.508978195
     5.260000000     2.993106634     0.138663335     0.507530974
     5.270000000     2.959557261     0.112228943     0.505855403
     5.280000000     2.925077976     0.087136774     0.503968756
     5.290000000     2.889761888     0.063439745     0.501889035
     5.300000000     2.853702239     0.041146832     0.499634808
     5.310000000     2.816991803     0.020220247     0.497225038
     5.320000000     2.779722414     0.000578305     0.494678913
     5.330000000     2.741984638    -0.017896452     0.492015672
     5.340000000     2.703867576    -0.035344994     0.489254430
     5.350000000     2.665458809    -0.051916973     0.486414012
     5.360000000     2.626844461    -0.067755050     0.483512782
     5.370000000     2.588109363    -0.082980059     0.480568487
     5.380000000     2.549337304    -0.097678532     0.477598116
     5.390000000     2.510611349    -0.111893918     0.474617755
     5.400000000     2.472014173    -0.125622544     0.471642479
     5.410000000     2.433628421    -0.138814968     0.468686240
     5.420000000     2.395537031    -0.151382777     0.465761788
     5.430000000     2.357823517    -0.163210091     0.462880607
     5.440000000     2.320572173    -0.174168256     0.460052867
     5.450000000     2.283868187    -0.184131591     0.457287401
     5.460000000     2.247797630    -0.192991905     0.454591700
     5.470000000     2.212447331    -0.200669771     0.451971926
     5.480000000     2.177904597    -0.207121285     0.449432939
     5.490000000     2.144256799    -0.212339852     0.446978345
     5.500000000     2.111590812    -0.216353439     0.444610555
     5.510000000     2.079992312    -0.219218334     0.442330847
     5.520000000     2.049544947    -0.221010875     0.440139447
     5.530000000     2.020329395    -0.221818745     0.438035605
     5.540000000     1.992422328    -0.221733253     0.436017679
     5.550000000     1.965895295    -0.220843667     0.434083219
     5.560000000     1.940813564    -0.219234088     0.432229043
     5.570000000     1.917234945    -0.216982779     0.430451316
     5.580000000     1.895208617    -0.214163378     0.428745618
     5.590000000     1.874773994    -0.210847228     0.427107010
     5.600000000     1.855959660    -0.207106070     0.425530087
     5.610000000     1.838782403    -0.203014589     0.424009034
     5.620000000     1.823246365    -0.198652526     0.422537663
     5.630000000     1.809342351    -0.194106309     0.421109452
     5.640000000     1.797047297    -0.189470143     0.419717582
     5.650000000     1.786323941    -0.184846485     0.418354965
     5.660000000     1.777120689    -0.180345752     0.417014271
     5.670000000     1.769371701    -0.176085086     0.415687961
     5.680000000     1.762997197    -0.172186154     0.414368318
     5.690000000     1.757903999    -0.168772111     0.413047485
     5.700000000     1.753986277    -0.165964086     0.411717501
     5.710000000     1.751126529    -0.163877610     0.410370355
     5.720000000     1.749196751    -0.162619385     0.408998038
     5.730000000     1.748059802    -0.162284614     0.407592606
     5.740000000     1.747570933    -0.162954905     0.406146248
     5.750000000     1.747579458    -0.164696611     0.404651369
     5.760000000     1.747930541    -0.167559379     0.403100667
     5.770000000     1.748467067    -0.171574814     0.401487221
     5.780000000     1.749031571    -0.176755214     0.399804583
     5.790000000     1.749468177    -0.183092559     0.398046867
     5.800000000     1.749624529    -0.190557977     0.396208837
     5.810000000     1.749353671    -0.199101929     0.394285990
     5.820000000     1.748515841    -0.208655255     0.392274638
     5.830000000     1.746980160    -0.219131082     0.390171971
     5.840000000     1.744626163    -0.230427396     0.387976117
     5.850000000     1.741345174    -0.242429981     0.385686184
     5.860000000     1.737041486    -0.255015402     0.383302294
     5.870000000     1.731633327    -0.268053773     0.380825591
     5.880000000     1.725053607    -0.281411220     0.378258241
     5.890000000     1.717250431    -0.294952093     0.375603411
     5.900000000     1.708187382    -0.308541116     0.372865232
     5.910000000     1.697843563    -0.322045662     0.370048751
     5.920000000     1.686213416    -0.335338286     0.367159855
     5.930000000     1.673306325    -0.348299487     0.364205199
     5.940000000     1.659146015    -0.360820533     0.361192108
     5.950000000     1.643769768    -0.372806067     0.358128478
     5.960000000     1.627227481    -0.384176208     0.355022667
     5.970000000     1.609580582    -0.394867800     0.351883375
     5.980000000     1.590900838    -0.404834599     0.348719536
     5.990000000     1.571269076    -0.414046233     0.345540192
     6.000000000     1.550773847    -0.422486009     0.342354382
     6.010000000     1.529510051    -0.430147905     0.339171023
     6.020000000     1.507577568    -0.437033338     0.335998812
     6.030000000     1.485079889    -0.443148392     0.332846115
     6.040000000     1.462122797    -0.448502108     0.329720879
     6.050000000     1.438813095    -0.453106045     0.326630550
     6.060000000     1.415257413    -0.456974951     0.323581992
     6.070000000     1.391561090    -0.460127981     0.320581429
     6.080000000     1.367827157    -0.462589766     0.317634387
     6.090000000     1.344155418    -0.464390745     0.314745654
     6.100000000     1.320641635    -0.465566468     0.311919240
     6.110000000     1.297376818    -0.466155956     0.309158364
     6.120000000     1.274446621    -0.466199528     0.306465430
     6.130000000     1.251930836    -0.465736655     0.303842028
     6.140000000     1.229902983    -0.464804340     0.301288937
     6.150000000     1.208429994    -0.463436383     0.298806136
     6.160000000     1.187571974    -0.461663606     0.296392827
     6.170000000     1.167382036    -0.459514861     0.294047455
     6.180000000     1.147906212    -0.457018484     0.291767742
     6.190000000     1.129183405    -0.454203743     0.289550729
     6.200000000     1.111245409    -0.451101904     0.287392809
     6.210000000     1.094116961    -0.447746660     0.285289780
     6.220000000     1.077815834    -0.444173924     0.283236888
     6.230000000     1.062352958    -0.440421169     0.281228878
     6.240000000     1.047732567    -0.436526670     0.279260048
     6.250000000     1.033952367    -0.432528973     0.277324299
     6.260000000     1.021003724    -0.428466824     0.275415188
     6.270000000     1.008871858    -0.424379609     0.273525978
     6.280000000     0.997536055    -0.420308145     0.271649693
     6.290000000     0.986969890    -0.416295546     0.269779160
     6.300000000     0.977141457    -0.412387800     0.267907061
     6.310000000     0.968013609    -0.408633710     0.266025977
     6.320000000     0.959544205    -0.405083943     0.264128426
     6.330000000     0.951686373    -0.401789101     0.262206909
     6.340000000     0.944388778    -0.398796942     0.260253942
     6.350000000     0.937595906    -0.396149135     0.258262096
     6.360000000     0.931248361    -0.393878103     0.256224029
     6.370000000     0.925283186    -0.392004559     0.254132523
     6.380000000     0.919634193    -0.390536307     0.251980510
     6.390000000     0.914232325    -0.389468618     0.249761115
     6.400000000     0.909006042    -0.388786223     0.247467678
     6.410000000     0.903881737    -0.388466631     0.245093801
     6.420000000     0.898784180    -0.388484211     0.242633374
     6.430000000     0.893637008    -0.388814378     0.240080617
     6.440000000     0.888363237    -0.389437213     0.237430123
     6.450000000     0.882885830    -0.390340033     0.234676893
     6.460000000     0.877128287    -0.391518644     0.231816384
     6.470000000     0.871015289    -0.392977265     0.228844551
     6.480000000     0.864473363    -0.394727258     0.225757895
     6.490000000     0.857431587    -0.396784904     0.222553504
     6.500000000     0.849822318    -0.399168457     0.219229102
     6.510000000     0.841581940    -0.401894717     0.215783086
     6.520000000     0.832651610    -0.404975340     0.212214570
     6.530000000     0.822978015    -0.408413156     0.208523416
     6.540000000     0.812514100    -0.412198805     0.204710268
     6.550000000     0.801219769    -0.416308051     0.200776573
     6.560000000     0.789062545    -0.420700121     0.196724600
     6.570000000     0.776018161    -0.425317315     0.192557447
     6.580000000     0.762071075    -0.430085987     0.188279043
     6.590000000     0.747214897    -0.434918800     0.183894140
     6.600000000     0.731452700    -0.439717947     0.179408291
     6.610000000     0.714797225    -0.444378944     0.174827832
     6.620000000     0.697270939    -0.448794514     0.170159837
     6.630000000     0.678905970    -0.452858185     0.165412079
     6.640000000     0.659743892    -0.456467323     0.160592975
     6.650000000     0.639835362    -0.459525550     0.155711530
     6.660000000     0.619239624    -0.461944592     0.150777269
     6.670000000     0.598023865    -0.463645742     0.145800165
     6.680000000     0.576262447    -0.464561075     0.140790566
     6.690000000     0.554036025    -0.464634503     0.135759116
     6.700000000     0.531430554    -0.463822673     0.130716676
     6.710000000     0.508536223    -0.462095630     0.125674240
     6.720000000     0.485446317    -0.459437202     0.120642858
     6.730000000     0.462256043    -0.455845043     0.115633556
     6.740000000     0.439061327    -0.451330310     0.110657256
     6.750000000     0.415957629    -0.445916989     0.105724704
     6.760000000     0.393038767    -0.439640834     0.100846398
     6.770000000     0.370395806    -0.432547970     0.096032521
     6.780000000     0.348116002    -0.424693170     0.091292878
     6.790000000     0.326281841    -0.416137932     0.086636838
     6.800000000     0.304970178    -0.406948478     0.082073280
     6.810000000     0.284251494    -0.397193828     0.077610549
     6.820000000     0.264189275    -0.386944077     0.073256408
     6.830000000     0.244839529    -0.376268929     0.069018007
     6.840000000     0.226250436    -0.365236495     0.064901846
     6.850000000     0.208462142    -0.353912323     0.060913751
     6.860000000     0.191506672    -0.342358616     0.057058855
     6.870000000     0.175407993    -0.330633594     0.053341581
     6.880000000     0.160182177    -0.318790999     0.049765631
     6.890000000     0.145837689    -0.306879739     0.046333986
     6.900000000     0.132375765    -0.294943670     0.043048902
     6.910000000     0.119790877    -0.283021539     0.039911920
     6.920000000     0.108071270    -0.271147049     0.036923879
     6.930000000     0.097199550    -0.259349062     0.034084926
     6.940000000     0.087153311    -0.247651885     0.031394548
     6.950000000     0.077905799    -0.236075631     0.028851590
     6.960000000     0.069426570    -0.224636619     0.026454291
     6.970000000     0.061682156    -0.213347791     0.024200317
     6.980000000     0.054636718    -0.202219131     0.022086801
     6.990000000     0.048252667    -0.191258065     0.020110387
     7.000000000     0.042491258    -0.180469839     0.018267272
     7.010000000     0.037313138    -0.169857855     0.016553254
     7.020000000     0.032678845    -0.159423980     0.014963786
     7.030000000     0.028549264    -0.149168819     0.013494019
     7.040000000     0.024886013    -0.139091943     0.012138857
     7.050000000     0.021651788    -0.129192096     0.010893007
     7.060000000     0.018810642    -0.119467360     0.009751031
     7.070000000     0.016328210    -0.109915305     0.008707388
     7.080000000     0.014171884    -0.100533107     0.007756489
     7.090000000     0.012310934    -0.091317651     0.006892733
     7.100000000     0.010716585    -0.082265614     0.006110555
     7.110000000     0.009362051    -0.073373537     0.005404461
     7.120000000     0.008222530    -0.064637889     0.004769063
     7.130000000     0.007275170    -0.056055110     0.004199111
     7.140000000     0.006499000    -0.047621662     0.003689520
     7.150000000     0.005874850    -0.039334067     0.003235391
     7.160000000     0.005385240    -0.031188938     0.002832035
     7.170000000     0.005014269    -0.023183014     0.002474983
     7.180000000     0.004747486    -0.015313191     0.002160002
     7.190000000     0.004571760    -0.007576547     0.001883101
     7.200000000     0.004475155     0.000029622     0.001640536
     7.210000000     0.004446797     0.007507776     0.001428815
     7.220000000     0.004476761     0.014860098     0.001244690
     7.230000000     0.004555952     0.022088460     0.001085161
     7.240000000     0.004676006     0.029194389     0.000947465
     7.250000000     0.004829202     0.036179034     0.000829073
     7.260000000     0.005008384     0.043043141     0.000727676
     7.270000000     0.005206897     0.049787031     0.000641179
     7.280000000     0.005418536     0.056410599     0.000567688
     7.290000000     0.005637512     0.062913348     0.000505497
     7.300000000     0.005858425     0.069294454     0.000453079
     7.310000000     0.006076251     0.075552898     0.000409070
     7.320000000     0.006286337     0.081687660     0.000372259
     7.330000000     0.006484411     0.087698002     0.000341577
     7.340000000     0.006666584     0.093583820     0.000316079
     7.350000000     0.006829372     0.099346057     0.000294942
     7.360000000     0.006969713     0.104987127     0.000277444
     7.370000000     0.007084980     0.110511285     0.000262962
     7.380000000     0.007173005     0.115924852     0.000250956
     7.390000000     0.007232089     0.121236210     0.000240964
     7.400000000     0.007261014     0.126455517     0.000232593
     7.410000000     0.007259042     0.131594132     0.000225510
     7.420000000     0.007225918     0.136663836     0.000219433
     7.430000000     0.007161858     0.141675959     0.000214131
     7.440000000     0.007067530     0.146640590     0.000209411
     7.450000000     0.006944031     0.151565983     0.000205116
     7.460000000     0.006792853     0.156458241     0.000201121
     7.470000000     0.006615845     0.161321294     0.000197325
     7.480000000     0.006415167     0.166157101     0.000193651
     7.490000000     0.006193241     0.170966003     0.000190041
     7.500000000     0.005952700     0.175747136     0.000186452
     7.510000000     0.005696328     0.180498841     0.000182853
     7.520000000     0.005427007     0.185219017     0.000179224
     7.530000000     0.005147664     0.189905399     0.000175553
     7.540000000     0.004861210     0.194555765     0.000171835
     7.550000000     0.004570497     0.199168067     0.000168068
     7.560000000     0.004278268     0.203740509     0.000164252
     7.570000000     0.003987117     0.208271589     0.000160393
     7.580000000     0.003699453     0.212760098     0.000156494
     7.590000000     0.003417472     0.217205118     0.000152560
     7.600000000     0.003143134     0.221605989     0.000148595
     7.610000000     0.002878149     0.225962287     0.000144603
     7.620000000     0.002623966     0.230273792     0.000140585
     7.630000000     0.002381772     0.234540458     0.000136545
     7.640000000     0.002152494     0.238762386     0.000132482
     7.650000000     0.001936810     0.242939799     0.000128397
     7.660000000     0.001735156     0.247073018     0.000124288
     7.670000000     0.001547751     0.251162448     0.000120156
     7.680000000     0.001374609     0.255208558     0.000115999
     7.690000000     0.001215565     0.259211865     0.000111816
     7.700000000     0.001070296     0.263172927     0.000107609
     7.710000000     0.000938347     0.267092328     0.000103378
     7.720000000     0.000819151     0.270970671     0.000099126
     7.730000000     0.000712056     0.274808570     0.000094857
     7.740000000     0.000616344     0.278606645     0.000090575
     7.750000000     0.000531255     0.282365517     0.000086288
     7.760000000     0.000456001     0.286085803     0.000082004
     7.770000000     0.000389784     0.289768118     0.000077733
     7.780000000     0.000331813     0.293413069     0.000073486
     7.790000000     0.000281315     0.297021256     0.000069275
     7.800000000     0.000237542     0.300593268     0.000065114
     7.810000000     0.000199783     0.304129690     0.000061016
     7.820000000     0.000167367     0.307631092     0.000056996
     7.830000000     0.000139670     0.311098038     0.000053067
     7.840000000     0.000116115     0.314531080     0.000049243
     7.850000000     0.000096174     0.317930761     0.000045537
     7.860000000     0.000079368     0.321297611     0.000041961
     7.870000000     0.000065268     0.324632152     0.000038527
     7.880000000     0.000053488     0.327934895     0.000035244
     7.890000000     0.000043689     0.331206340     0.000032120
     7.900000000     0.000035571     0.334446975     0.000029161
     7.910000000     0.000028873     0.337657282     0.000026373
     7.920000000     0.000023367     0.340837727     0.000023758
     7.930000000     0.000018859     0.343988772     0.000021317
     7.940000000     0.000015181     0.347110864     0.000019051
     7.950000000     0.000012190     0.350204443     0.000016957
     7.960000000     0.000009767     0.353269940     0.000015031
     7.970000000     0.000007809     0.356307774     0.000013269
     7.980000000     0.000006232     0.359318358     0.000011665
     7.990000000     0.000004965     0.362302094     0.000010213
     8.000000000     0.000003949     0.365259376     0.000008903
     8.010000000     0.000003137     0.368190590     0.000007729
     8.020000000     0.000002490     0.371096115     0.000006682
     8.030000000     0.000001974     0.373976318     0.000005751
     8.040000000     0.000001563     0.376831562     0.000004929
     8.050000000     0.000001237     0.379662202     0.000004207
     8.060000000     0.000000979     0.382468583     0.000003575
     8.070000000     0.000000774     0.385251047     0.000003024
     8.080000000     0.000000611     0.388009924     0.000002548
     8.090000000     0.000000483     0.390745542     0.000002137
     8.100000000     0.000000381     0.393458219     0.000001785
     8.110000000     0.000000301     0.396148269     0.000001484
     8.120000000     0.000000237     0.398815997     0.000001228
     8.130000000     0.000000187     0.401461705     0.000001013
     8.140000000     0.000000147     0.404085687     0.000000831
     8.150000000     0.000000116     0.406688232     0.000000679
     8.160000000     0.000000091     0.409269623     0.000000552
     8.170000000     0.000000071     0.411830137     0.000000447
     8.180000000     0.000000056     0.414370047     0.000000361
     8.190000000     0.000000044     0.416889620     0.000000289
     8.200000000     0.000000034     0.419389118     0.000000231
     8.210000000     0.000000027     0.421868799     0.000000184
     8.220000000     0.000000021     0.424328913     0.000000146
     8.230000000     0.000000016     0.426769711     0.000000115
     8.240000000     0.000000012     0.429191433     0.000000090
     8.250000000     0.000000010     0.431594319     0.000000071
     8.260000000     0.000000007     0.433978603     0.000000055
     8.270000000     0.000000006     0.436344516     0.000000043
     8.280000000     0.000000004     0.438692282     0.000000033
     8.290000000     0.000000003     0.441022124     0.000000025
     8.300000000     0.000000002     0.443334261     0.000000019
     8.310000000     0.000000002     0.445628905     0.000000015
     8.320000000     0.000000001     0.447906267     0.000000011
     8.330000000     0.000000001     0.450166554     0.000000008
     8.340000000     0.000000001     0.452409970     0.000000006
     8.350000000     0.000000001     0.454636712     0.000000005
     8.360000000     0.000000000     0.456846979     0.000000004
     8.370000000     0.000000000     0.459040962     0.000000003
     8.380000000     0.000000000     0.461218852     0.000000002
     8.390000000     0.000000000     0.463380834     0.000000001
     8.400000000     0.000000000     0.465527092     0.000000001
     8.410000000     0.000000000     0.467657806     0.000000001
     8.420000000     0.000000000     0.469773154     0.000000001
     8.430000000     0.000000000     0.471873310     0.000000000
     8.440000000     0.000000000     0.473958445     0.000000000
     8.450000000     0.000000000     0.476028729     0.000000000
     8.460000000     0.000000000     0.478084327     0.000000000
     8.470000000     0.000000000     0.480125402     0.000000000
     8.480000000     0.000000000     0.482152116     0.000000000
     8.490000000     0.000000000     0.484164627     0.000000000
     8.500000000     0.000000000     0.486163090     0.000000000
     8.510000000     0.000000000     0.488147659     0.000000000
     8.520000000     0.000000000     0.490118484     0.000000000
     8.530000000     0.000000000     0.492075715     0.000000000
     8.540000000     0.000000000     0.494019497     0.000000000
     8.550000000     0.000000000     0.495949975     0.000000000
     8.560000000     0.000000000     0.497867291     0.000000000
     8.570000000     0.000000000     0.499771583     0.000000000
     8.580000000     0.000000000     0.501662990     0.000000000
     8.590000000     0.000000000     0.503541647     0.000000000
     8.600000000     0.000000000     0.505407688     0.000000000
     8.610000000     0.000000000     0.507261244     0.000000000
     8.620000000     0.000000000     0.509102445     0.000000000
     8.630000000     0.000000000     0.510931418     0.000000000
     8.640000000     0.000000000     0.512748290     0.000000000
     8.650000000     0.000000000     0.514553183     0.000000000
     8.660000000     0.000000000     0.516346221     0.000000000
     8.670000000     0.000000000     0.518127523     0.000000000
     8.680000000     0.000000000     0.519897209     0.000000000
     8.690000000     0.000000000     0.521655395     0.000000000
     8.700000000     0.000000000     0.523402196     0.000000000
     8.710000000     0.000000000     0.525137727     0.000000000
     8.720000000     0.000000000     0.526862098     0.000000000
     8.730000000     0.000000000     0.528575422     0.000000000
     8.740000000     0.000000000     0.530277806     0.000000000
     8.750000000     0.000000000     0.531969359     0.000000000
     8.760000000     0.000000000     0.533650185     0.000000000
     8.770000000     0.000000000     0.535320390     0.000000000
     8.780000000     0.000000000     0.536980077     0.000000000
     8.790000000     0.000000000     0.538629347     0.000000000
     8.800000000     0.000000000     0.540268300     0.000000000
     8.810000000     0.000000000     0.541897036     0.000000000
     8.820000000     0.000000000     0.543515652     0.000000000
     8.830000000     0.000000000     0.545124244     0.000000000
     8.840000000     0.000000000     0.546722907     0.000000000
     8.850000000     0.000000000     0.548311735     0.000000000
     8.860000000     0.000000000     0.549890821     0.000000000
     8.870000000     0.000000000     0.551460255     0.000000000
     8.880000000     0.000000000     0.553020128     0.000000000
     8.890000000     0.000000000     0.554570529     0.000000000
     8.900000000     0.000000000     0.556111545     0.000000000
     8.910000000     0.000000000     0.557643263     0.000000000
     8.920000000     0.000000000     0.559165768     0.000000000
     8.930000000     0.000000000     0.560679145     0.000000000
     8.940000000     0.000000000     0.562183478     0.000000000
     8.950000000     0.000000000     0.563678848     0.000000000
     8.960000000     0.000000000     0.565165336     0.000000000
     8.970000000     0.000000000     0.566643023     0.000000000
     8.980000000     0.000000000     0.568111987     0.000000000
     8.990000000     0.000000000     0.569572308     0.000000000
     9.000000000     0.000000000     0.571024062     0.000000000
     9.010000000     0.000000000     0.572467325     0.000000000
     9.020000000     0.000000000     0.573902173     0.000000000
     9.030000000     0.000000000     0.575328680     0.000000000
     9.040000000     0.000000000     0.576746920     0.000000000
     9.050000000     0.000000000     0.578156965     0.000000000
     9.060000000     0.000000000     0.579558886     0.000000000
     9.070000000     0.000000000     0.580952755     0.000000000
     9.080000000     0.000000000     0.582338641     0.000000000
     9.090000000     0.000000000     0.583716613     0.000000000
     9.100000000     0.000000000     0.585086740     0.000000000
     9.110000000     0.000000000     0.586449090     0.000000000
     9.120000000     0.000000000     0.587803728     0.000000000
     9.130000000     0.000000000     0.589150721     0.000000000
     9.140000000     0.000000000     0.590490133     0.000000000
     9.150000000     0.000000000     0.591822030     0.000000000
     9.160000000     0.000000000     0.593146474     0.000000000
     9.170000000     0.000000000     0.594463528     0.000000000
     9.180000000     0.000000000     0.595773255     0.000000000
     9.190000000     0.000000000     0.597075715     0.000000000
     9.200000000     0.000000000     0.598370970     0.000000000
     9.210000000     0.000000000     0.599659078     0.000000000
     9.220000000     0.000000000     0.600940101     0.000000000
     9.230000000     0.000000000     0.602214095     0.000000000
     9.240000000     0.000000000     0.603481120     0.000000000
     9.250000000     0.000000000     0.604741231     0.000000000
     9.260000000     0.000000000     0.605994486     0.000000000
     9.270000000     0.000000000     0.607240941     0.000000000
     9.280000000     0.000000000     0.608480651     0.000000000
     9.290000000     0.000000000     0.609713671     0.000000000
     9.300000000     0.000000000     0.610940055     0.000000000
     9.310000000     0.000000000     0.612159856     0.000000000
     9.320000000     0.000000000     0.613373127     0.000000000
     9.330000000     0.000000000     0.614579920     0.000000000
     9.340000000     0.000000000     0.615780288     0.000000000
     9.350000000     0.000000000     0.616974281     0.000000000
     9.360000000     0.000000000     0.618161950     0.000000000
     9.370000000     0.000000000     0.619343345     0.000000000
     9.380000000     0.000000000     0.620518515     0.000000000
     9.390000000     0.000000000     0.621687510     0.000000000
     9.400000000     0.000000000     0.622850378     0.000000000
     9.410000000     0.000000000     0.624007167     0.000000000
     9.420000000     0.000000000     0.625157924     0.000000000
     9.430000000     0.000000000     0.626302696     0.000000000
     9.440000000     0.000000000     0.627441529     0.000000000
     9.450000000     0.000000000     0.628574470     0.000000000
     9.460000000     0.000000000     0.629701564     0.000000000
     9.470000000     0.000000000     0.630822855     0.000000000
     9.480000000     0.000000000     0.631938389     0.000000000
     9.490000000     0.000000000     0.633048209     0.000000000
     9.500000000     0.000000000     0.634152358     0.000000000
     9.510000000     0.000000000     0.635250880     0.000000000
     9.520000000     0.000000000     0.636343818     0.000000000
     9.530000000     0.000000000     0.637431213     0.000000000
     9.540000000     0.000000000     0.638513108     0.000000000
     9.550000000     0.000000000     0.639589543     0.000000000
     9.560000000     0.000000000     0.640660560     0.000000000
     9.570000000     0.000000000     0.641726199     0.000000000
     9.580000000     0.000000000     0.642786500     0.000000000
     9.590000000     0.000000000     0.643841503     0.000000000
     9.600000000     0.000000000     0.644891247     0.000000000
     9.610000000     0.000000000     0.645935771     0.000000000
     9.620000000     0.000000000     0.646975113     0.000000000
     9.630000000     0.000000000     0.648009311     0.000000000
     9.640000000     0.000000000     0.649038404     0.000000000
     9.650000000     0.000000000     0.650062428     0.000000000
     9.660000000     0.000000000     0.651081421     0.000000000
     9.670000000     0.000000000     0.652095418     0.000000000
     9.680000000     0.000000000     0.653104457     0.000000000
     9.690000000     0.000000000     0.654108573     0.000000000
     9.700000000     0.000000000     0.655107802     0.000000000
     9.710000000     0.000000000     0.656102178     0.000000000
     9.720000000     0.000000000     0.657091737     0.000000000
     9.730000000     0.000000000     0.658076513     0.000000000
     9.740000000     0.000000000     0.659056541     0.000000000
     9.750000000     0.000000000     0.660031853     0.000000000
     9.760000000     0.000000000     0.661002484     0.000000000
     9.770000000     0.000000000     0.661968466     0.000000000
     9.780000000     0.000000000     0.662929834     0.000000000
     9.790000000     0.000000000     0.663886618     0.000000000
     9.800000000     0.000000000     0.664838852     0.000000000
     9.810000000     0.000000000     0.665786567     0.000000000
     9.820000000     0.000000000     0.666729794     0.000000000
     9.830000000     0.000000000     0.667668567     0.000000000
     9.840000000     0.000000000     0.668602914     0.000000000
     9.850000000     0.000000000     0.669532867     0.000000000
     9.860000000     0.000000000     0.670458457     0.000000000
     9.870000000     0.000000000     0.671379713     0.000000000
     9.880000000     0.000000000     0.672296665     0.000000000
     9.890000000     0.000000000     0.673209344     0.000000000
     9.900000000     0.000000000     0.674117778     0.000000000
     9.910000000     0.000000000     0.675021997     0.000000001
     9.920000000     0.000000000     0.675922029     0.000000001
     9.930000000     0.000000001     0.676817902     0.000000001
     9.940000000     0.000000001     0.677709646     0.000000002
     9.950000000     0.000000001     0.678597288     0.000000002
     9.960000000     0.000000002     0.679480856     0.000000003
     9.970000000     0.000000002     0.680360377     0.000000004
     9.980000000     0.000000003     0.681235878     0.000000006
     9.990000000     0.000000004     0.682107387     0.000000008
    10.000000000     0.000000005     0.682974931     0.000000010
    10.010000000     0.000000007     0.683838536     0.000000013
    10.020000000     0.000000009     0.684698227     0.000000018
    10.030000000     0.000000011     0.685554033     0.000000023
    10.040000000     0.000000015     0.686405977     0.000000030
    10.050000000     0.000000019     0.687254086     0.000000039
    10.060000000     0.000000025     0.688098386     0.000000050
    10.070000000     0.000000032     0.688938900     0.000000065
    10.080000000     0.000000041     0.689775655     0.000000083
    10.090000000     0.000000052     0.690608675     0.000000105
    10.100000000     0.000000066     0.691437985     0.000000134
    10.110000000     0.000000083     0.692263608     0.000000169
    10.120000000     0.000000105     0.693085570     0.000000213
    10.130000000     0.000000131     0.693903893     0.000000267
    10.140000000     0.000000163     0.694718602     0.000000332
    10.150000000     0.000000203     0.695529720     0.000000413
    10.160000000     0.000000251     0.696337270     0.000000510
    10.170000000     0.000000309     0.697141275     0.000000628
    10.180000000     0.000000378     0.697941759     0.000000769
    10.190000000     0.000000461     0.698738744     0.000000939
    10.200000000     0.000000560     0.699532252     0.000001140
    10.210000000     0.000000677     0.700322307     0.000001378
    10.220000000     0.000000815     0.701108929     0.000001658
    10.230000000     0.000000977     0.701892140     0.000001987
    10.240000000     0.000001166     0.702671964     0.000002371
    10.250000000     0.000001384     0.703448420     0.000002816
    10.260000000     0.000001637     0.704221530     0.000003330
    10.270000000     0.000001927     0.704991316     0.000003920
    10.280000000     0.000002258     0.705757799     0.000004594
    10.290000000     0.000002635     0.706520998     0.000005360
    10.300000000     0.000003061     0.707280935     0.000006226
    10.310000000     0.000003539     0.708037629     0.000007200
    10.320000000     0.000004075     0.708791101     0.000008289
    10.330000000     0.000004671     0.709541370     0.000009501
    10.340000000     0.000005330     0.710288456     0.000010842
    10.350000000     0.000006055     0.711032377     0.000012318
    10.360000000     0.000006849     0.711773153     0.000013931
    10.370000000     0.000007712     0.712510802     0.000015687
    10.380000000     0.000008645     0.713245341     0.000017585
    10.390000000     0.000009648     0.713976788     0.000019626
    10.400000000     0.000010720     0.714705160     0.000021807
    10.410000000     0.000011858     0.715430472     0.000024122
    10.420000000     0.000013059     0.716152741     0.000026565
    10.430000000     0.000014318     0.716871980     0.000029125
    10.440000000     0.000015628     0.717588203     0.000031791
    10.450000000     0.000016983     0.718301423     0.000034546
    10.460000000     0.000018373     0.719011650     0.000037374
    10.470000000     0.000019789     0.719718894     0.000040255
    10.480000000     0.000021220     0.720423162     0.000043165
    10.490000000     0.000022653     0.721124461     0.000046080
    10.500000000     0.000024075     0.721822795     0.000048973
    10.510000000     0.000025474     0.722518167     0.000051818
    10.520000000     0.000026834     0.723210577     0.000054585
    10.530000000     0.000028141     0.723900026     0.000057244
    10.540000000     0.000029381     0.724586514     0.000059767
    10.550000000     0.000030540     0.725270040     0.000062124
    10.560000000     0.000031604     0.725950607     0.000064288
    10.570000000     0.000032560     0.726628221     0.000066233
    10.580000000     0.000033396     0.727302896     0.000067933
    10.590000000     0.000034101     0.727974652     0.000069368
    10.600000000     0.000034667     0.728643521     0.000070520
    10.610000000     0.000035086     0.729309542     0.000071372
    10.620000000     0.000035353     0.729972768     0.000071915
    10.630000000     0.000035464     0.730633257     0.000072140
    10.640000000     0.000035417     0.731291074     0.000072045
    10.650000000     0.000035214     0.731946285     0.000071631
    10.660000000     0.000034856     0.732598950     0.000070904
    10.670000000     0.000034349     0.733249124     0.000069873
    10.680000000     0.000033700     0.733896851     0.000068551
    10.690000000     0.000032916     0.734542166     0.000066957
    10.700000000     0.000032007     0.735185091     0.000065109
    10.710000000     0.000030986     0.735825642     0.000063031
    10.720000000     0.000029864     0.736463825     0.000060750
    10.730000000     0.000028656     0.737099642     0.000058291
    10.740000000     0.000027374     0.737733092     0.000055684
    10.750000000     0.000026033     0.738364172     0.000052957
    10.760000000     0.000024649     0.738992879     0.000050141
    10.770000000     0.000023234     0.739619211     0.000047263
    10.780000000     0.000021804     0.740243166     0.000044354
    10.790000000     0.000020371     0.740864744     0.000041439
    10.800000000     0.000018948     0.741483947     0.000038543
    10.810000000     0.000017546     0.742100779     0.000035692
    10.820000000     0.000016176     0.742715244     0.000032904
    10.830000000     0.000014846     0.743327347     0.000030200
    10.840000000     0.000013566     0.743937097     0.000027595
    10.850000000     0.000012340     0.744544500     0.000025103
    10.860000000     0.000011176     0.745149566     0.000022735
    10.870000000     0.000010077     0.745752304     0.000020498
    10.880000000     0.000009045     0.746352725     0.000018400
    10.890000000     0.000008084     0.746950839     0.000016444
    10.900000000     0.000007192     0.747546657     0.000014630
    10.910000000     0.000006370     0.748140190     0.000012958
    10.920000000     0.000005618     0.748731450     0.000011427
    10.930000000     0.000004932     0.749320448     0.000010032
    10.940000000     0.000004310     0.749907195     0.000008768
    10.950000000     0.000003751     0.750491705     0.000007630
    10.960000000     0.000003249     0.751073988     0.000006609
    10.970000000     0.000002802     0.751654056     0.000005700
    10.980000000     0.000002406     0.752231921     0.000004894
    10.990000000     0.000002057     0.752807596     0.000004184
    11.000000000     0.000001750     0.753381091     0.000003561
    11.010000000     0.000001483     0.753952419     0.000003017
    11.020000000     0.000001251     0.754521591     0.000002545
    11.030000000     0.000001050     0.755088620     0.000002137
    11.040000000     0.000000878     0.755653516     0.000001786
    11.050000000     0.000000731     0.756216291     0.000001487
    11.060000000     0.000000606     0.756776958     0.000001232
    11.070000000     0.000000500     0.757335526     0.000001016
    11.080000000     0.000000410     0.757892008     0.000000835
    11.090000000     0.000000336     0.758446414     0.000000683
    11.100000000     0.000000273     0.758998756     0.000000556
    11.110000000     0.000000221     0.759549046     0.000000450
    11.120000000     0.000000179     0.760097293     0.000000363
    11.130000000     0.000000143     0.760643510     0.000000292
    11.140000000     0.000000115     0.761187706     0.000000233
    11.150000000     0.000000091     0.761729893     0.000000186
    11.160000000     0.000000072     0.762270081     0.000000147
    11.170000000     0.000000057     0.762808282     0.000000116
    11.180000000     0.000000045     0.763344505     0.000000091
    11.190000000     0.000000035     0.763878761     0.000000071
    11.200000000     0.000000027     0.764411060     0.000000056
    11.210000000     0.000000021     0.764941413     0.000000043
    11.220000000     0.000000016     0.765469831     0.000000033
    11.230000000     0.000000013     0.765996322     0.000000026
    11.240000000     0.000000010     0.766520898     0.000000020
    11.250000000     0.000000007     0.767043568     0.000000015
    11.260000000     0.000000006     0.767564342     0.000000011
    11.270000000     0.000000004     0.768083231     0.000000009
    11.280000000     0.000000003     0.768600243     0.000000006
    11.290000000     0.000000002     0.769115390     0.000000005
    11.300000000     0.000000002     0.769628679     0.000000004
    11.310000000     0.000000001     0.770140122     0.000000003
    11.320000000     0.000000001     0.770649728     0.000000002
    11.330000000     0.000000001     0.771157505     0.000000001
    11.340000000     0.000000001     0.771663464     0.000000001
    11.350000000     0.000000000     0.772167614     0.000000001
    11.360000000     0.000000000     0.772669964     0.000000001
    11.370000000     0.000000000     0.773170523     0.000000000
    11.380000000     0.000000000     0.773669300     0.000000000
    11.390000000     0.000000000     0.774166305     0.000000000
    11.400000000     0.000000000     0.774661547     0.000000000
    11.410000000     0.000000000     0.775155034     0.000000000
    11.420000000     0.000000000     0.775646776     0.000000000
    11.430000000     0.000000000     0.776136781     0.000000000
    11.440000000     0.000000000     0.776625057     0.000000000
    11.450000000     0.000000000     0.777111615     0.000000000
    11.460000000     0.000000000     0.777596462     0.000000000
    11.470000000     0.000000000     0.778079607     0.000000000
    11.480000000     0.000000000     0.778561058     0.000000000
    11.490000000     0.000000000     0.779040824     0.000000000
    11.500000000     0.000000000     0.779518914     0.000000000
    11.510000000     0.000000000     0.779995336     0.000000000
    11.520000000     0.000000000     0.780470097     0.000000000
    11.530000000     0.000000000     0.780943207     0.000000000
    11.540000000     0.000000000     0.781414674     0.000000000
    11.550000000     0.000000000     0.781884505     0.000000000
    11.560000000     0.000000000     0.782352709     0.000000000
    11.570000000     0.000000000     0.782819294     0.000000000
    11.580000000     0.000000000     0.783284268     0.000000000
    11.590000000     0.000000000     0.783747638     0.000000000
    11.600000000     0.000000000     0.784209413     0.000000000
    11.610000000     0.000000000     0.784669600     0.000000000
    11.620000000     0.000000000     0.785128208     0.000000000
    11.630000000     0.000000000     0.785585244     0.000000000
    11.640000000     0.000000000     0.786040715     0.000000000
    11.650000000     0.000000000     0.786494629     0.000000000
    11.660000000     0.000000000     0.786946994     0.000000000
    11.670000000     0.000000000     0.787397818     0.000000000
    11.680000000     0.000000000     0.787847107     0.000000000
    11.690000000     0.000000000     0.788294870     0.000000000
    11.700000000     0.000000000     0.788741113     0.000000000
    11.710000000     0.000000000     0.789185845     0.000000000
    11.720000000     0.000000000     0.789629071     0.000000000
    11.730000000     0.000000000     0.790070800     0.000000000
    11.740000000     0.000000000     0.790511039     0.000000000
    11.750000000     0.000000000     0.790949794     0.000000000
    11.760000000     0.000000000     0.791387074     0.000000000
    11.770000000     0.000000000     0.791822884     0.000000000
    11.780000000     0.000000000     0.792257232     0.000000000
    11.790000000     0.000000000     0.792690126     0.000000000
    11.800000000     0.000000000     0.793121571     0.000000000
    11.810000000     0.000000000     0.793551575     0.000000000
    11.820000000     0.000000000     0.793980144     0.000000000
    11.830000000     0.000000000     0.794407286     0.000000000
    11.840000000     0.000000000     0.794833007     0.000000000
    11.850000000     0.000000000     0.795257314     0.000000000
    11.860000000     0.000000000     0.795680214     0.000000000
    11.870000000     0.000000000     0.796101712     0.000000000
    11.880000000     0.000000000     0.796521817     0.000000000
    11.890000000     0.000000000     0.796940533     0.000000000
    11.900000000     0.000000000     0.797357868     0.000000000
    11.910000000     0.000000000     0.797773829     0.000000000
    11.920000000     0.000000000     0.798188421     0.000000000
    11.930000000     0.000000000     0.798601651     0.000000000
    11.940000000     0.000000000     0.799013526     0.000000000
    11.950000000     0.000000000     0.799424051     0.000000000
    11.960000000     0.000000000     0.799833233     0.000000000
    11.970000000     0.000000000     0.800241079     0.000000000
    11.980000000     0.000000000     0.800647594     0.000000000
    11.990000000     0.000000000     0.801052784     0.000000000
    12.000000000     0.000000000     0.801456656     0.000000000
    12.010000000     0.000000000     0.801859215     0.000000000
    12.020000000     0.000000000     0.802260468     0.000000000
    12.030000000     0.000000000     0.802660421     0.000000000
    12.040000000     0.000000000     0.803059080     0.000000000
    12.050000000     0.000000000     0.803456450     0.000000000
    12.060000000     0.000000000     0.803852538     0.000000000
    12.070000000     0.000000000     0.804247349     0.000000000
    12.080000000     0.000000000     0.804640889     0.000000000
    12.090000000     0.000000000     0.805033164     0.000000000
    12.100000000     0.000000000     0.805424180     0.000000000
    12.110000000     0.000000000     0.805813943     0.000000000
    12.120000000     0.000000000     0.806202457     0.000000000
    12.130000000     0.000000000     0.806589729     0.000000000
    12.140000000     0.000000000     0.806975765     0.000000000
    12.150000000     0.000000000     0.807360570     0.000000000
    12.160000000     0.000000000     0.807744149     0.000000000
    12.170000000     0.000000000     0.808126508     0.000000000
    12.180000000     0.000000000     0.808507653     0.000000000
    12.190000000     0.000000000     0.808887589     0.000000000
    12.200000000     0.000000000     0.809266321     0.000000000
    12.210000000     0.000000000     0.809643855     0.000000000
    12.220000000     0.000000000     0.810020195     0.000000000
    12.230000000     0.000000000     0.810395349     0.000000000
    12.240000000     0.000000000     0.810769320     0.000000000
    12.250000000     0.000000000     0.811142114     0.000000000
    12.260000000     0.000000000     0.811513737     0.000000000
    12.270000000     0.000000000     0.811884192     0.000000000
    12.280000000     0.000000000     0.812253487     0.000000000
    12.290000000     0.000000000     0.812621625     0.000000000
    12.300000000     0.000000000     0.812988612     0.000000000
    12.310000000     0.000000000     0.813354453     0.000000000
    12.320000000     0.000000000     0.813719153     0.000000000
    12.330000000     0.000000000     0.814082717     0.000000000
    12.340000000     0.000000000     0.814445149     0.000000000
    12.350000000     0.000000000     0.814806456     0.000000000
    12.360000000     0.000000000     0.815166642     0.000000000
    12.370000000     0.000000000     0.815525711     0.000000000
    12.380000000     0.000000000     0.815883670     0.000000000
    12.390000000     0.000000000     0.816240521     0.000000000
    12.400000000     0.000000000     0.816596271     0.000000000
    12.410000000     0.000000000     0.816950924     0.000000000
    12.420000000     0.000000000     0.817304485     0.000000000
    12.430000000     0.000000000     0.817656959     0.000000000
    12.440000000     0.000000000     0.818008350     0.000000000
    12.450000000     0.000000000     0.818358663     0.000000000
    12.460000000     0.000000000     0.818707903     0.000000000
    12.470000000     0.000000000     0.819056074     0.000000000
    12.480000000     0.000000000     0.819403181     0.000000000
    12.490000000     0.000000000     0.819749228     0.000000000
    12.500000000     0.000000000     0.820094221     0.000000000
    12.510000000     0.000000000     0.820438163     0.000000000
    12.520000000     0.000000000     0.820781059     0.000000000
    12.530000000     0.000000000     0.821122914     0.000000000
    12.540000000     0.000000000     0.821463731     0.000000000
    12.550000000     0.000000000     0.821803517     0.000000000
    12.560000000     0.000000000     0.822142274     0.000000000
    12.570000000     0.000000000     0.822480007     0.000000000
    12.580000000     0.000000000     0.822816721     0.000000000
    12.590000000     0.000000000     0.823152420     0.000000000
    12.600000000     0.000000000     0.823487108     0.000000000
    12.610000000     0.000000000     0.823820789     0.000000000
    12.620000000     0.000000000     0.824153468     0.000000000
    12.630000000     0.000000000     0.824485150     0.000000000
    12.640000000     0.000000000     0.824815837     0.000000000
    12.650000000     0.000000000     0.825145535     0.000000000
    12.660000000     0.000000000     0.825474247     0.000000000
    12.670000000     0.000000000     0.825801978     0.000000000
    12.680000000     0.000000000     0.826128732     0.000000000
    12.690000000     0.000000000     0.826454513     0.000000000
    12.700000000     0.000000000     0.826779325     0.000000000
    12.710000000     0.000000000     0.827103171     0.000000000
    12.720000000     0.000000000     0.827426057     0.000000000
    12.730000000     0.000000000     0.827747986     0.000000000
    12.740000000     0.000000000     0.828068962     0.000000000
    12.750000000     0.000000000     0.828388989     0.000000000
    12.760000000     0.000000000     0.828708070     0.000000000
    12.770000000     0.000000000     0.829026211     0.000000000
    12.780000000     0.000000000     0.829343415     0.000000000
    12.790000000     0.000000000     0.829659685     0.000000000
    12.800000000     0.000000000     0.829975025     0.000000000
    12.810000000     0.000000000     0.830289440     0.000000000
    12.820000000     0.000000000     0.830602933     0.000000000
    12.830000000     0.000000000     0.830915508     0.000000000
    12.840000000     0.000000000     0.831227169     0.000000000
    12.850000000     0.000000000     0.831537919     0.000000000
    12.860000000     0.000000000     0.831847762     0.000000000
    12.870000000     0.000000000     0.832156703     0.000000000
    12.880000000     0.000000000     0.832464743     0.000000000
    12.890000000     0.000000000     0.832771889     0.000000000
    12.900000000     0.000000000     0.833078142     0.000000000
    12.910000000     0.000000000     0.833383506     0.000000000
    12.920000000     0.000000000     0.833687986     0.000000000
    12.930000000     0.000000000     0.833991585     0.000000000
    12.940000000     0.000000000     0.834294306     0.000000000
    12.950000000     0.000000000     0.834596152     0.000000000
    12.960000000     0.000000000     0.834897129     0.000000000
    12.970000000     0.000000000     0.835197238     0.000000000
    12.980000000     0.000000000     0.835496484     0.000000000
    12.990000000     0.000000000     0.835794869     0.000000000
    13.000000000     0.000000000     0.836092399     0.000000000
