     0.000000000     0.000000000     2.075062667     0.000000000
     0.010000000     0.000000000     2.075066246     0.000000000
     0.020000000     0.000000000     2.075076984     0.000000000
     0.030000000     0.000000000     2.075094881     0.000000000
     0.040000000     0.000000000     2.075119939     0.000000000
     0.050000000     0.000000000     2.075152158     0.000000000
     0.060000000     0.000000000     2.075191540     0.000000000
     0.070000000     0.000000000     2.075238087     0.000000000
     0.080000000     0.000000000     2.075291803     0.000000000
     0.090000000     0.000000000     2.075352689     0.000000000
     0.100000000     0.000000000     2.075420749     0.000000000
     0.110000000     0.000000000     2.075495987     0.000000000
     0.120000000     0.000000000     2.075578406     0.000000000
     0.130000000     0.000000000     2.075668011     0.000000000
     0.140000000     0.000000000     2.075764807     0.000000000
     0.150000000     0.000000000     2.075868800     0.000000000
     0.160000000     0.000000000     2.075979993     0.000000000
     0.170000000     0.000000000     2.076098395     0.000000000
     0.180000000     0.000000000     2.076224010     0.000000000
     0.190000000     0.000000000     2.076356846     0.000000000
     0.200000000     0.000000000     2.076496909     0.000000000
     0.210000000     0.000000000     2.076644208     0.000000000
     0.220000000     0.000000000     2.076798750     0.000000000
     0.230000000     0.000000000     2.076960544     0.000000000
     0.240000000     0.000000000     2.077129597     0.000000000
     0.250000000     0.000000000     2.077305920     0.000000000
     0.260000000     0.000000000     2.077489522     0.000000000
     0.270000000     0.000000000     2.077680413     0.000000000
     0.280000000     0.000000000     2.077878603     0.000000000
     0.290000000     0.000000000     2.078084103     0.000000000
     0.300000000     0.000000000     2.078296923     0.000000000
     0.310000000     0.000000000     2.078517076     0.000000000
     0.320000000     0.000000000     2.078744573     0.000000000
     0.330000000     0.000000000     2.078979428     0.000000000
     0.340000000     0.000000000     2.079221651     0.000000000
     0.350000000     0.000000000     2.079471258     0.000000000
     0.360000000     0.000000000     2.079728261     0.000000000
     0.370000000     0.000000000     2.079992674     0.000000000
     0.380000000     0.000000000     2.080264512     0.000000000
     0.390000000     0.000000000     2.080543790     0.000000000
     0.400000000     0.000000000     2.080830523     0.000000000
     0.410000000     0.000000000     2.081124727     0.000000000
     0.420000000     0.000000000     2.081426418     0.000000000
     0.430000000     0.000000000     2.081735612     0.000000000
     0.440000000     0.000000000     2.082052327     0.000000000
     0.450000000     0.000000000     2.082376581     0.000000000
     0.460000000     0.000000000     2.082708390     0.000000000
     0.470000000     0.000000000     2.083047774     0.000000000
     0.480000000     0.000000000     2.083394752     0.000000000
     0.490000000     0.000000000     2.083749342     0.000000000
     0.500000000     0.000000000     2.084111564     0.000000000
     0.510000000     0.000000000     2.084481439     0.000000000
     0.520000000     0.000000000     2.084858988     0.000000000
     0.530000000     0.000000000     2.085244231     0.000000000
     0.540000000     0.000000000     2.085637191     0.000000000
     0.550000000     0.000000000     2.086037888     0.000000000
     0.560000000     0.000000000     2.086446347     0.000000000
     0.570000000     0.000000000     2.086862590     0.000000000
     0.580000000     0.000000000     2.087286640     0.000000000
     0.590000000     0.000000000     2.087718522     0.000000000
     0.600000000     0.000000000     2.088158260     0.000000000
     0.610000000     0.000000000     2.088605880     0.000000000
     0.620000000     0.000000000     2.089061406     0.000000000
     0.630000000     0.000000000     2.089524866     0.000000000
     0.640000000     0.000000000     2.089996285     0.000000000
     0.650000000     0.000000000     2.090475690     0.000000000
     0.660000000     0.000000000     2.090963111     0.000000000
     0.670000000     0.000000000     2.091458573     0.000000000
     0.680000000     0.000000000     2.091962108     0.000000000
     0.690000000     0.000000000     2.092473742     0.000000000
     0.700000000     0.000000000     2.092993507     0.000000000
     0.710000000     0.000000000     2.093521433     0.000000000
     0.720000000     0.000000000     2.094057551     0.000000000
     0.730000000     0.000000000     2.094601892     0.000000000
     0.740000000     0.000000000     2.095154489     0.000000000
     0.750000000     0.000000000     2.095715373     0.000000000
     0.760000000     0.000000000     2.096284579     0.000000000
     0.770000000     0.000000000     2.096862139     0.000000000
     0.780000000     0.000000000     2.097448090     0.000000000
     0.790000000     0.000000000     2.098042464     0.000000000
     0.800000000     0.000000000     2.098645299     0.000000000
     0.810000000     0.000000000     2.099256631     0.000000000
     0.820000000     0.000000000     2.099876496     0.000000000
     0.830000000     0.000000000     2.100504932     0.000000000
     0.840000000     0.000000000     2.101141976     0.000000000
     0.850000000     0.000000000     2.101787669     0.000000000
     0.860000000     0.000000000     2.102442049     0.000000000
     0.870000000     0.000000000     2.103105157     0.000000000
     0.880000000     0.000000000     2.103777033     0.000000000
     0.890000000     0.000000000     2.104457718     0.000000000
     0.900000000     0.000000000     2.105147256     0.000000000
     0.910000000     0.000000000     2.105845689     0.000000000
     0.920000000     0.000000000     2.106553060     0.000000000
     0.930000000     0.000000000     2.107269413     0.000000000
     0.940000000     0.000000000     2.107994795     0.000000000
     0.950000000     0.000000000     2.108729250     0.000000000
     0.960000000     0.000000000     2.109472826     0.000000000
     0.970000000     0.000000000     2.110225568     0.000000000
     0.980000000     0.000000000     2.110987526     0.000000000
     0.990000000     0.000000000     2.111758749     0.000000000
     1.000000000     0.000000000     2.112539285     0.000000000
     1.010000000     0.000000000     2.113329185     0.000000000
     1.020000000     0.000000000     2.114128501     0.000000000
     1.030000000     0.000000000     2.114937285     0.000000000
     1.040000000     0.000000000     2.115755588     0.000000000
     1.050000000     0.000000000     2.116583466     0.000000000
     1.060000000     0.000000000     2.117420973     0.000000000
     1.070000000     0.000000000     2.118268163     0.000000000
     1.080000000     0.000000000     2.119125094     0.000000000
     1.090000000     0.000000000     2.119991823     0.000000000
     1.100000000     0.000000000     2.120868407     0.000000000
     1.110000000     0.000000000     2.121754906     0.000000000
     1.120000000     0.000000000     2.122651380     0.000000000
     1.130000000     0.000000000     2.123557890     0.000000000
     1.140000000     0.000000000     2.124474497     0.000000000
     1.150000000     0.000000000     2.125401265     0.000000000
     1.160000000     0.000000000     2.126338257     0.000000000
     1.170000000     0.000000000     2.127285538     0.000000000
     1.180000000     0.000000000     2.128243175     0.000000000
     1.190000000     0.000000000     2.129211234     0.000000000
     1.200000000     0.000000000     2.130189783     0.000000000
     1.210000000     0.000000000     2.131178891     0.000000000
     1.220000000     0.000000000     2.132178629     0.000000000
     1.230000000     0.000000000     2.133189068     0.000000000
     1.240000000     0.000000000     2.134210280     0.000000000
     1.250000000     0.000000000     2.135242339     0.000000000
     1.260000000     0.000000000     2.136285319     0.000000000
     1.270000000     0.000000000     2.137339297     0.000000000
     1.280000000     0.000000000     2.138404350     0.000000000
     1.290000000     0.000000000     2.139480556     0.000000000
     1.300000000     0.000000000     2.140567994     0.000000000
     1.310000000     0.000000000     2.141666747     0.000000000
     1.320000000     0.000000000     2.142776895     0.000000000
     1.330000000     0.000000000     2.143898523     0.000000000
     1.340000000     0.000000000     2.145031715     0.000000000
     1.350000000     0.000000000     2.146176557     0.000000000
     1.360000000     0.000000000     2.147333138     0.000000000
     1.370000000     0.000000000     2.148501546     0.000000000
     1.380000000     0.000000000     2.149681872     0.000000000
     1.390000000     0.000000000     2.150874208     0.000000000
     1.400000000     0.000000000     2.152078646     0.000000000
     1.410000000     0.000000000     2.153295283     0.000000000
     1.420000000     0.000000000     2.154524214     0.000000000
     1.430000000     0.000000000     2.155765538     0.000000000
     1.440000000     0.000000000     2.157019355     0.000000000
     1.450000000     0.000000000     2.158285765     0.000000000
     1.460000000     0.000000000     2.159564872     0.000000000
     1.470000000     0.000000000     2.160856780     0.000000000
     1.480000000     0.000000000     2.162161597     0.000000000
     1.490000000     0.000000000     2.163479429     0.000000000
     1.500000000     0.000000000     2.164810387     0.000000000
     1.510000000     0.000000000     2.166154584     0.000000000
     1.520000000     0.000000000     2.167512132     0.000000000
     1.530000000     0.000000000     2.168883148     0.000000000
     1.540000000     0.000000000     2.170267748     0.000000000
     1.550000000     0.000000000     2.171666053     0.000000000
     1.560000000     0.000000000     2.173078185     0.000000000
     1.570000000     0.000000000     2.174504266     0.000000000
     1.580000000     0.000000000     2.175944422     0.000000000
     1.590000000     0.000000000     2.177398782     0.000000000
     1.600000000     0.000000000     2.178867476     0.000000000
     1.610000000     0.000000000     2.180350636     0.000000000
     1.620000000     0.000000000     2.181848397     0.000000000
     1.630000000     0.000000000     2.183360895     0.000000000
     1.640000000     0.000000000     2.184888271     0.000000000
     1.650000000     0.000000000     2.186430666     0.000000000
     1.660000000     0.000000000     2.187988224     0.000000000
     1.670000000     0.000000000     2.189561093     0.000000000
     1.680000000     0.000000000     2.191149422     0.000000000
     1.690000000     0.000000000     2.192753363     0.000000000
     1.700000000     0.000000000     2.194373071     0.000000000
     1.710000000     0.000000000     2.196008703     0.000000000
     1.720000000     0.000000000     2.197660422     0.000000000
     1.730000000     0.000000000     2.199328389     0.000000000
     1.740000000     0.000000000     2.201012771     0.000000000
     1.750000000     0.000000000     2.202713738     0.000000000
     1.760000000     0.000000000     2.204431462     0.000000000
     1.770000000     0.000000000     2.206166120     0.000000000
     1.780000000     0.000000000     2.207917890     0.000000000
     1.790000000     0.000000000     2.209686954     0.000000000
     1.800000000     0.000000000     2.211473499     0.000000000
     1.810000000     0.000000000     2.213277714     0.000000000
     1.820000000     0.000000000     2.215099791     0.000000000
     1.830000000     0.000000000     2.216939928     0.000000000
     1.840000000     0.000000000     2.218798325     0.000000000
     1.850000000     0.000000000     2.220675185     0.000000000
     1.860000000     0.000000000     2.222570718     0.000000000
     1.870000000     0.000000000     2.224485134     0.000000000
     1.880000000     0.000000000     2.226418651     0.000000000
     1.890000000     0.000000000     2.228371489     0.000000000
     1.900000000     0.000000000     2.230343873     0.000000000
     1.910000000     0.000000000     2.232336033     0.000000000
     1.920000000     0.000000000     2.234348202     0.000000000
     1.930000000     0.000000000     2.236380619     0.000000000
     1.940000000     0.000000000     2.238433528     0.000000000
     1.950000000     0.000000000     2.240507176     0.000000000
     1.960000000     0.000000000     2.242601819     0.000000000
     1.970000000     0.000000000     2.244717713     0.000000000
     1.980000000     0.000000000     2.246855125     0.000000000
     1.990000000     0.000000000     2.249014322     0.000000000
     2.000000000     0.000000000     2.251195581     0.000000000
     2.010000000     0.000000000     2.253399182     0.000000000
     2.020000000     0.000000000     2.255625412     0.000000000
     2.030000000     0.000000000     2.257874565     0.000000000
     2.040000000     0.000000000     2.260146940     0.000000000
     2.050000000     0.000000000     2.262442843     0.000000000
     2.060000000     0.000000000     2.264762586     0.000000000
     2.070000000     0.000000000     2.267106489     0.000000000
     2.080000000     0.000000000     2.269474879     0.000000000
     2.090000000     0.000000000     2.271868088     0.000000000
     2.100000000     0.000000000     2.274286459     0.000000000
     2.110000000     0.000000000     2.276730340     0.000000000
     2.120000000     0.000000000     2.279200087     0.000000000
     2.130000000     0.000000000     2.281696066     0.000000000
     2.140000000     0.000000000     2.284218649     0.000000000
     2.150000000     0.000000000     2.286768220     0.000000000
     2.160000000     0.000000001     2.289345168     0.000000000
     2.170000000     0.000000001     2.291949893     0.000000000
     2.180000000     0.000000001     2.294582805     0.000000000
     2.190000000     0.000000002     2.297244324     0.000000000
     2.200000000     0.000000003     2.299934877     0.000000000
     2.210000000     0.000000004     2.302654905     0.000000000
     2.220000000     0.000000006     2.305404859     0.000000000
     2.230000000     0.000000009     2.308185199     0.000000000
     2.240000000     0.000000013     2.310996398     0.000000000
     2.250000000     0.000000018     2.313838940     0.000000001
     2.260000000     0.000000026     2.316713323     0.000000001
     2.270000000     0.000000036     2.319620055     0.000000001
     2.280000000     0.000000050     2.322559660     0.000000002
     2.290000000     0.000000070     2.325532671     0.000000002
     2.300000000     0.000000097     2.328539639     0.000000003
     2.310000000     0.000000133     2.331581128     0.000000004
     2.320000000     0.000000183     2.334657716     0.000000006
     2.330000000     0.000000250     2.337769997     0.000000008
     2.340000000     0.000000339     2.340918581     0.000000010
     2.350000000     0.000000459     2.344104094     0.000000014
     2.360000000     0.000000619     2.347327180     0.000000019
     2.370000000     0.000000830     2.350588498     0.000000026
     2.380000000     0.000001110     2.353888729     0.000000034
     2.390000000     0.000001476     2.357228569     0.000000045
     2.400000000     0.000001955     2.360608737     0.000000060
     2.410000000     0.000002579     2.364029969     0.000000079
     2.420000000     0.000003387     2.367493024     0.000000103
     2.430000000     0.000004430     2.370998683     0.000000134
     2.440000000     0.000005768     2.374547748     0.000000174
     2.450000000     0.000007479     2.378141044     0.000000226
     2.460000000     0.000009656     2.381779423     0.000000291
     2.470000000     0.000012414     2.385463758     0.000000373
     2.480000000     0.000015892     2.389194952     0.000000476
     2.490000000     0.000020258     2.392973931     0.000000605
     2.500000000     0.000025714     2.396801651     0.000000766
     2.510000000     0.000032503     2.400679096     0.000000965
     2.520000000     0.000040911     2.404607280     0.000001211
     2.530000000     0.000051279     2.408587249     0.000001514
     2.540000000     0.000064005     2.412620077     0.000001884
     2.550000000     0.000079557     2.416706875     0.000002335
     2.560000000     0.000098476     2.420848785     0.000002881
     2.570000000     0.000121390     2.425046986     0.000003540
     2.580000000     0.000149018     2.429302690     0.000004332
     2.590000000     0.000182182     2.433617150     0.000005279
     2.600000000     0.000221815     2.437991653     0.000006405
     2.610000000     0.000268971     2.442427525     0.000007740
     2.620000000     0.000324831     2.446926134     0.000009314
     2.630000000     0.000390710     2.451488886     0.000011162
     2.640000000     0.000468070     2.456117227     0.000013322
     2.650000000     0.000558516     2.460812643     0.000015834
     2.660000000     0.000663807     2.465576663     0.000018744
     2.670000000     0.000785859     2.470410853     0.000022097
     2.680000000     0.000926742     2.475316819     0.000025946
     2.690000000     0.001088682     2.480296204     0.000030342
     2.700000000     0.001274058     2.485350685     0.000035342
     2.710000000     0.001485402     2.490481972     0.000041003
     2.720000000     0.001725387     2.495691800     0.000047385
     2.730000000     0.001996832     2.500981927     0.000054546
     2.740000000     0.002302686     2.506354124     0.000062549
     2.750000000     0.002646031     2.511810165     0.000071453
     2.760000000     0.003030075     2.517351818     0.000081317
     2.770000000     0.003458154     2.522980827     0.000092201
     2.780000000     0.003933732     2.528698893     0.000104161
     2.790000000     0.004460412     2.534507656     0.000117252
     2.800000000     0.005041951     2.540408663     0.000131525
     2.810000000     0.005682281     2.546403336     0.000147030
     2.820000000     0.006385541     2.552492936     0.000163815
     2.830000000     0.007156124     2.558678518     0.000181925
     2.840000000     0.007998725     2.564960875     0.000201406
     2.850000000     0.008918408     2.571340489     0.000222303
     2.860000000     0.009920686     2.577817463     0.000244663
     2.870000000     0.011011611     2.584391466     0.000268539
     2.880000000     0.012197871     2.591061670     0.000293987
     2.890000000     0.013486903     2.597826707     0.000321078
     2.900000000     0.014887010     2.604684644     0.000349895
     2.910000000     0.016407480     2.611632998     0.000380538
     2.920000000     0.018058706     2.618668798     0.000413132
     2.930000000     0.019852302     2.625788725     0.000447831
     2.940000000     0.021801204     2.632989333     0.000484824
     2.950000000     0.023919756     2.640267366     0.000524340
     2.960000000     0.026223772     2.647620161     0.000566658
     2.970000000     0.028730564     2.655046098     0.000612114
     2.980000000     0.031458932     2.662545052     0.000661104
     2.990000000     0.034429106     2.670118755     0.000714098
     3.000000000     0.037662636     2.677770975     0.000771646
     3.010000000     0.041182225     2.685507446     0.000834384
     3.020000000     0.045011491     2.693335508     0.000903043
     3.030000000     0.049174673     2.701263506     0.000978461
     3.040000000     0.053696258     2.709300059     0.001061582
     3.050000000     0.058600555     2.717453352     0.001153472
     3.060000000     0.063911193     2.725730599     0.001255319
     3.070000000     0.069650577     2.734137775     0.001368445
     3.080000000     0.075839290     2.742679581     0.001494307
     3.090000000     0.082495462     2.751359515     0.001634501
     3.100000000     0.089634132     2.760179847     0.001790772
     3.110000000     0.097266599     2.769141286     0.001965009
     3.120000000     0.105399803     2.778242197     0.002159251
     3.130000000     0.114035745     2.787477377     0.002375688
     3.140000000     0.123170977     2.796836491     0.002616656
     3.150000000     0.132796175     2.806302414     0.002884640
     3.160000000     0.142895836     2.815849721     0.003182263
     3.170000000     0.153448093     2.825443560     0.003512287
     3.180000000     0.164424695     2.835039041     0.003877600
     3.190000000     0.175791147     2.844581199     0.004281209
     3.200000000     0.187507024     2.854005505     0.004726225
     3.210000000     0.199526478     2.863238857     0.005215853
     3.220000000     0.211798920     2.872200977     0.005753371
     3.230000000     0.224269875     2.880806147     0.006342110
     3.240000000     0.236882018     2.888965268     0.006985436
     3.250000000     0.249576331     2.896588314     0.007686723
     3.260000000     0.262293403     2.903587360     0.008449325
     3.270000000     0.274974807     2.909880475     0.009276547
     3.280000000     0.287564533     2.915396807     0.010171614
     3.290000000     0.300010445     2.920083066     0.011137633
     3.300000000     0.312265702     2.923911254     0.012177566
     3.310000000     0.324290124     2.926886969     0.013294181
     3.320000000     0.336051440     2.929056981     0.014490025
     3.330000000     0.347526398     2.930514382     0.015767379
     3.340000000     0.358701678     2.931399546     0.017128223
     3.350000000     0.369574608     2.931895619     0.018574199
     3.360000000     0.380153624     2.932218232     0.020106576
     3.370000000     0.390458484     2.932600374     0.021726220
     3.380000000     0.400520212     2.933274469     0.023433561
     3.390000000     0.410380777     2.934454428     0.025228574
     3.400000000     0.420092509     2.936320391     0.027110758
     3.410000000     0.429717282     2.939008206     0.029079123
     3.420000000     0.439325465     2.942604502     0.031132183
     3.430000000     0.448994702     2.947147083     0.033267960
     3.440000000     0.458808533     2.952629419     0.035483986
     3.450000000     0.468854911     2.959007661     0.037777330
     3.460000000     0.479224659     2.966208636     0.040144613
     3.470000000     0.490009914     2.974137597     0.042582048
     3.480000000     0.501302600     2.982685012     0.045085475
     3.490000000     0.513192977     2.991732066     0.047650418
     3.500000000     0.525768308     3.001154979     0.050272130
     3.510000000     0.539111677     3.010828401     0.052945666
     3.520000000     0.553300984     3.020628298     0.055665942
     3.530000000     0.568408150     3.030434631     0.058427806
     3.540000000     0.584498521     3.040134000     0.061226117
     3.550000000     0.601630506     3.049622175     0.064055813
     3.560000000     0.619855415     3.058806261     0.066911987
     3.570000000     0.639217505     3.067606138     0.069789958
     3.580000000     0.659754199     3.075954864     0.072685335
     3.590000000     0.681496458     3.083797876     0.075594082
     3.600000000     0.704469268     3.091091136     0.078512566
     3.610000000     0.728692205     3.097798621     0.081437605
     3.620000000     0.754180034     3.103889764     0.084366499
     3.630000000     0.780943298     3.109337552     0.087297051
     3.640000000     0.808988866     3.114117786     0.090227575
     3.650000000     0.838320381     3.118209724     0.093156897
     3.660000000     0.868938584     3.121597893     0.096084327
     3.670000000     0.900841489     3.124274469     0.099009638
     3.680000000     0.934024365     3.126241389     0.101933014
     3.690000000     0.968479529     3.127511373     0.104855000
     3.700000000     1.004195930     3.128107296     0.107776430
     3.710000000     1.041158535     3.128059790     0.110698357
     3.720000000     1.079347522     3.127403423     0.113621967
     3.730000000     1.118737298     3.126172182     0.116548497
     3.740000000     1.159295381     3.124395063     0.119479140
     3.750000000     1.200981177     3.122092398     0.122414965
     3.760000000     1.243744687     3.119273079     0.125356825
     3.770000000     1.287525211     3.115932336     0.128305284
     3.780000000     1.332250077     3.112049402     0.131260544
     3.790000000     1.377833467     3.107584357     0.134222387
     3.800000000     1.424175374     3.102473836     0.137190125
     3.810000000     1.471160753     3.096625922     0.140162572
     3.820000000     1.518658900     3.089915202     0.143138020
     3.830000000     1.566523101     3.082179434     0.146114242
     3.840000000     1.614590577     3.073219290     0.149088502
     3.850000000     1.662682755     3.062802307     0.152057587
     3.860000000     1.710605864     3.050671441     0.155017844
     3.870000000     1.758151869     3.036557847     0.157965243
     3.880000000     1.805099740     3.020196859     0.160895436
     3.890000000     1.851217020     3.001345756     0.163803836
     3.900000000     1.896261691     2.979801928     0.166685695
     3.910000000     1.939984299     2.955420257     0.169536185
     3.920000000     1.982130297     2.928128739     0.172350487
     3.930000000     2.022442569     2.897941366     0.175123866
     3.940000000     2.060664104     2.864966950     0.177851754
     3.950000000     2.096540752     2.829412126     0.180529815
     3.960000000     2.129824051     2.791576506     0.183154007
     3.970000000     2.160274051     2.751838383     0.185720637
     3.980000000     2.187662128     2.710630549     0.188226397
     3.990000000     2.211773723     2.668407808     0.190668402
     4.000000000     2.232411001     2.625609792     0.193044203
     4.010000000     2.249395377     2.582624325     0.195351800
     4.020000000     2.262569901     2.539756936     0.197589649
     4.030000000     2.271801470     2.497211313     0.199756651
     4.040000000     2.276982841     2.455083494     0.201852147
     4.050000000     2.278034436     2.413370295     0.203875905
     4.060000000     2.274905908     2.371990270     0.205828105
     4.070000000     2.267577451     2.330813999     0.207709331
     4.080000000     2.256060829     2.289699676     0.209520556
     4.090000000     2.240400108     2.248529808     0.211263140
     4.100000000     2.220672062     2.207245032     0.212938824
     4.110000000     2.196986235     2.165871526     0.214549737
     4.120000000     2.169484632     2.124539162     0.216098404
     4.130000000     2.138341030     2.083488444     0.217587755
     4.140000000     2.103759876     2.043065453     0.219021145
     4.150000000     2.065974777     2.003705278     0.220402365
     4.160000000     2.025246577     1.965905726     0.221735665
     4.170000000     1.981861004     1.930194101     0.223025763
     4.180000000     1.936125933     1.897090630     0.224277857
     4.190000000     1.888368253     1.867072439     0.225497623
     4.200000000     1.838930398     1.840541846     0.226691210
     4.210000000     1.788166568     1.817802142     0.227865221
     4.220000000     1.736438705     1.799042873     0.229026676
     4.230000000     1.684112282     1.784335270     0.230182970
     4.240000000     1.631551977     1.773637039     0.231341808
     4.250000000     1.579117305     1.766804616     0.232511130
     4.260000000     1.527158305     1.763610421     0.233699022
     4.270000000     1.476011347     1.763762549     0.234913607
     4.280000000     1.425995146     1.766924735     0.236162937
     4.290000000     1.377407078     1.772734973     0.237454868
     4.300000000     1.330519844     1.780821831     0.238796931
     4.310000000     1.285578576     1.790818019     0.240196206
     4.320000000     1.242798412     1.802371128     0.241659187
     4.330000000     1.202362608     1.815151675     0.243191668
     4.340000000     1.164421203     1.828858660     0.244798621
     4.350000000     1.129090255     1.843222872     0.246484098
     4.360000000     1.096451661     1.858008142     0.248251141
     4.370000000     1.066553533     1.873010769     0.250101717
     4.380000000     1.039411130     1.888057365     0.252036666
     4.390000000     1.015008288     1.903001444     0.254055674
     4.400000000     0.993299323     1.917719183     0.256157271
     4.410000000     0.974211340     1.932104891     0.258338844
     4.420000000     0.957646896     1.946066734     0.260596686
     4.430000000     0.943486951     1.959523264     0.262926048
     4.440000000     0.931594031     1.972401146     0.265321232
     4.450000000     0.921815554     1.984634290     0.267775688
     4.460000000     0.913987230     1.996164366     0.270282130
     4.470000000     0.907936477     2.006942432     0.272832670
     4.480000000     0.903485804     2.016931276     0.275418962
     4.490000000     0.900456074     2.026107955     0.278032352
     4.500000000     0.898669629     2.034465999     0.280664033
     4.510000000     0.897953201     2.042016826     0.283305210
     4.520000000     0.898140589     2.048790002     0.285947259
     4.530000000     0.899075057     2.054832180     0.288581888
     4.540000000     0.900611437     2.060204802     0.291201295
     4.550000000     0.902617905     2.064980875     0.293798316
     4.560000000     0.904977422     2.069241386     0.296366576
     4.570000000     0.907588843     2.073072012     0.298900620
     4.580000000     0.910367670     2.076560691     0.301396042
     4.590000000     0.913246476     2.079796361     0.303849598
     4.600000000     0.916174994     2.082868768     0.306259313
     4.610000000     0.919119891     2.085868861     0.308624562
     4.620000000     0.922064247     2.088889083     0.310946146
     4.630000000     0.925006755     2.092022808     0.313226345
     4.640000000     0.927960673     2.095362478     0.315468951
     4.650000000     0.930952554     2.098996364     0.317679286
     4.660000000     0.934020784     2.103004347     0.319864182
     4.670000000     0.937213957     2.107453399     0.322031958
     4.680000000     0.940589132     2.112393503     0.324192349
     4.690000000     0.944209992     2.117854580     0.326356421
     4.700000000     0.948144950     2.123844672     0.328536451
     4.710000000     0.952465227     2.130349350     0.330745782
     4.720000000     0.957242946     2.137332175     0.332998645
     4.730000000     0.962549262     2.144736061     0.335309953
     4.740000000     0.968452568     2.152485501     0.337695076
     4.750000000     0.975016796     2.160489696     0.340169584
     4.760000000     0.982299845     2.168646629     0.342748971
     4.770000000     0.990352146     2.176847999     0.345448372
     4.780000000     0.999215404     2.184984687     0.348282260
     4.790000000     1.008921507     2.192952224     0.351264142
     4.800000000     1.019491628     2.200655548     0.354406260
     4.810000000     1.030935537     2.208012319     0.357719295
     4.820000000     1.043251102     2.214954223     0.361212093
     4.830000000     1.056424010     2.221426058     0.364891412
     4.840000000     1.070427687     2.227382843     0.368761695
     4.850000000     1.085223426     2.232785675     0.372824880
     4.860000000     1.100760707     2.237597334     0.377080260
     4.870000000     1.116977709     2.241778692     0.381524373
     4.880000000     1.133801993     2.245286695     0.386150952
     4.890000000     1.151151359     2.248074219     0.390950922
     4.900000000     1.168934840     2.250091580     0.395912450
     4.910000000     1.187053837     2.251289056     0.401021043
     4.920000000     1.205403368     2.251619631     0.406259695
     4.930000000     1.223873404     2.251041316     0.411609083
     4.940000000     1.242350290     2.249518718     0.417047800
     4.950000000     1.260718207     2.247023945     0.422552622
     4.960000000     1.278860674     2.243537219     0.428098805
     4.970000000     1.296662047     2.239047674     0.433660409
     4.980000000     1.314009003     2.233554645     0.439210622
     4.990000000     1.330791986     2.227069460     0.444722110
     5.000000000     1.346906580     2.219617467     0.450167350
     5.010000000     1.362254805     2.211239805     0.455518963
     5.020000000     1.376746292     2.201994474     0.460750035
     5.030000000     1.390299337     2.191956431     0.465834420
     5.040000000     1.402841809     2.181216657     0.470747010
     5.050000000     1.414311885     2.169880292     0.475463991
     5.060000000     1.424658627     2.158063987     0.479963061
     5.070000000     1.433842361     2.145892568     0.484223621
     5.080000000     1.441834880     2.133495077     0.488226934
     5.090000000     1.448619448     2.121000309     0.491956249
     5.100000000     1.454190624     2.108532129     0.495396902
     5.110000000     1.458553906     2.096205038     0.498536381
     5.120000000     1.461725207     2.084120554     0.501364370
     5.130000000     1.463730174     2.072364891     0.503872767
     5.140000000     1.464603383     2.061008181     0.506055683
     5.150000000     1.464387406     2.050105124     0.507909414
     5.160000000     1.463131806     2.039696665     0.509432409
     5.170000000     1.460892054     2.029812134     0.510625215
     5.180000000     1.457728422     2.020471341     0.511490411
     5.190000000     1.453704856     2.011686267     0.512032533
     5.200000000     1.448887877     2.003462195     0.512257988
     5.210000000     1.443345517     1.995798289     0.512174961
     5.220000000     1.437146330     1.988687721     0.511793312
     5.230000000     1.430358483     1.982117483     0.511124461
     5.240000000     1.423048958     1.976068038     0.510181275
     5.250000000     1.415282870     1.970512996     0.508977937
     5.260000000     1.407122914     1.965418995     0.507529811
     5.270000000     1.398628949     1.960745962     0.505853300
     5.280000000     1.389857713     1.956447920     0.503965696
     5.290000000     1.380862667     1.952474432     0.501885018
     5.300000000     1.371693969     1.948772757     0.499629854
     5.310000000     1.362398547     1.945290691     0.497219185
     5.320000000     1.353020277     1.941980004     0.494672219
     5.330000000     1.343600233     1.938800251     0.492008211
     5.340000000     1.334176991     1.935722621     0.489246295
     5.350000000     1.324786972     1.932733346     0.486405306
     5.360000000     1.315464792     1.929836121     0.483503620
     5.370000000     1.306243605     1.927052983     0.480558993
     5.380000000     1.297155411     1.924423237     0.477588416
     5.390000000     1.288231314     1.922000234     0.474607978
     5.400000000     1.279501711     1.919846179     0.471632750
     5.410000000     1.270996402     1.918025477     0.468676679
     5.420000000     1.262744605     1.916597513     0.465752506
     5.430000000     1.254774871     1.915609916     0.462871704
     5.440000000     1.247114905     1.915093407     0.460044429
     5.450000000     1.239791288     1.915059038     0.457279499
     5.460000000     1.232829100     1.915498234     0.454584389
     5.470000000     1.226251481     1.916385478     0.451965242
     5.480000000     1.220079107     1.917682993     0.449426905
     5.490000000     1.214329638     1.919346399     0.446972966
     5.500000000     1.209017128     1.921330213     0.444605821
     5.510000000     1.204151433     1.923592160     0.442326735
     5.520000000     1.199737649     1.926095583     0.440135921
     5.530000000     1.195775580     1.928809650     0.438032620
     5.540000000     1.192259287     1.931707537     0.436015184
     5.550000000     1.189176719     1.934763130     0.434081157
     5.560000000     1.186509462     1.937947058     0.432227354
     5.570000000     1.184232603     1.941222889     0.430449941
     5.580000000     1.182314750     1.944544257     0.428744499
     5.590000000     1.180718190     1.947853417     0.427106092
     5.600000000     1.179399205     1.951081483     0.425529323
     5.610000000     1.178308542     1.954150318     0.424008381
     5.620000000     1.177392030     1.956975851     0.422537086
     5.630000000     1.176591332     1.959472478     0.421108926
     5.640000000     1.175844826     1.961558158     0.419717088
     5.650000000     1.175088578     1.963159791     0.418354493
     5.660000000     1.174257405     1.964218502     0.417013820
     5.670000000     1.173285982     1.964694464     0.415687537
     5.680000000     1.172109981     1.964570899     0.414367934
     5.690000000     1.170667198     1.963856947     0.413047157
     5.700000000     1.168898656     1.962589116     0.411717253
     5.710000000     1.166749631     1.960831127     0.410370212
     5.720000000     1.164170603     1.958672029     0.408998028
     5.730000000     1.161118079     1.956222603     0.407592756
     5.740000000     1.157555294     1.953610197     0.406146589
     5.750000000     1.153452748     1.950972293     0.404651927
     5.760000000     1.148788587     1.948449254     0.403101467
     5.770000000     1.143548814     1.946176849     0.401488285
     5.780000000     1.137727326     1.944279222     0.399805931
     5.790000000     1.131325788     1.942862989     0.398048513
     5.800000000     1.124353340     1.942013000     0.396210792
     5.810000000     1.116826166     1.941790108     0.394288261
     5.820000000     1.108766935     1.942230993     0.392277226
     5.830000000     1.100204130     1.943349800     0.390174874
     5.840000000     1.091171293     1.945141155     0.387979328
     5.850000000     1.081706214     1.947584004     0.385689693
     5.860000000     1.071850077     1.950645753     0.383306087
     5.870000000     1.061646604     1.954286311     0.380829650
     5.880000000     1.051141206     1.958461804     0.378262546
     5.890000000     1.040380169     1.963127896     0.375607939
     5.900000000     1.029409895     1.968242684     0.372869960
     5.910000000     1.018276212     1.973769156     0.370053652
     5.920000000     1.007023766     1.979677110     0.367164901
     5.930000000     0.995695503     1.985944368     0.364210361
     5.940000000     0.984332244     1.992557119     0.361197356
     5.950000000     0.972972360     1.999509287     0.358133781
     5.960000000     0.961651539     2.006800991     0.355027991
     5.970000000     0.950402641     2.014436321     0.351888689
     5.980000000     0.939255634     2.022420820     0.348724804
     5.990000000     0.928237597     2.030759110     0.345545379
     6.000000000     0.917372787     2.039453094     0.342359451
     6.010000000     0.906682743     2.048501018     0.339175938
     6.020000000     0.896186428     2.057897498     0.336003532
     6.030000000     0.885900387     2.067634426     0.332850601
     6.040000000     0.875838916     2.077702541     0.329725090
     6.050000000     0.866014219     2.088093329     0.326634444
     6.060000000     0.856436564     2.098800958     0.323585527
     6.070000000     0.847114416     2.109823955     0.320584563
     6.080000000     0.838054542     2.121166394     0.317637080
     6.090000000     0.829262097     2.132838440     0.314747865
     6.100000000     0.820740687     2.144856126     0.311920933
     6.110000000     0.812492404     2.157240291     0.309159503
     6.120000000     0.804517848     2.170014687     0.306465985
     6.130000000     0.796816141     2.183203353     0.303841974
     6.140000000     0.789384932     2.196827500     0.301288254
     6.150000000     0.782220414     2.210902282     0.298804813
     6.160000000     0.775317357     2.225433906     0.296390856
     6.170000000     0.768669160     2.240417531     0.294044840
     6.180000000     0.762267950     2.255836314     0.291764496
     6.190000000     0.756104712     2.271661737     0.289546872
     6.200000000     0.750169474     2.287855242     0.287388374
     6.210000000     0.744451556     2.304370959     0.285284806
     6.220000000     0.738939869     2.321159282     0.283231425
     6.230000000     0.733623285     2.338170922     0.281222985
     6.240000000     0.728491076     2.355361075     0.279253791
     6.250000000     0.723533408     2.372693320     0.277317752
     6.260000000     0.718741910     2.390142912     0.275408430
     6.270000000     0.714110298     2.407699199     0.273519093
     6.280000000     0.709635058     2.425367037     0.271642766
     6.290000000     0.705316187     2.443167195     0.269772280
     6.300000000     0.701157969     2.461135818     0.267900315
     6.310000000     0.697169812     2.479323048     0.266019448
     6.320000000     0.693367112     2.497790844     0.264122194
     6.330000000     0.689772151     2.516610012     0.262201048
     6.340000000     0.686415031     2.535856502     0.260248520
     6.350000000     0.683334625     2.555607122     0.258257170
     6.360000000     0.680579544     2.575935007     0.256219649
     6.370000000     0.678209122     2.596905335     0.254128725
     6.380000000     0.676294390     2.618571812     0.251977322
     6.390000000     0.674919052     2.640974358     0.249758551
     6.400000000     0.674180424     2.664138256     0.247465743
     6.410000000     0.674190332     2.688074742     0.245092487
     6.420000000     0.675075941     2.712782835     0.242632663
     6.430000000     0.676980477     2.738252027     0.240080484
     6.440000000     0.680063821     2.764465425     0.237430530
     6.450000000     0.684502912     2.791402918     0.234677797
     6.460000000     0.690491922     2.819044038     0.231817736
     6.470000000     0.698242151     2.847370202     0.228846297
     6.480000000     0.707981560     2.876366141     0.225759979
     6.490000000     0.719953904     2.906020386     0.222555867
     6.500000000     0.734417384     2.936324827     0.219231684
     6.510000000     0.751642750     2.967273513     0.215785831
     6.520000000     0.771910807     2.998860984     0.212217420
     6.530000000     0.795509260     3.031080500     0.208526320
     6.540000000     0.822728865     3.063922514     0.204713177
     6.550000000     0.853858849     3.097373586     0.200779444
     6.560000000     0.889181604     3.131415752     0.196727394
     6.570000000     0.928966666     3.166026163     0.192560132
     6.580000000     0.973464019     3.201176649     0.188281591
     6.590000000     1.022896811     3.236832825     0.183896528
     6.600000000     1.077453563     3.272952385     0.179410505
     6.610000000     1.137280042     3.309482354     0.174829860
     6.620000000     1.202470933     3.346355216     0.170161672
     6.630000000     1.273061541     3.383483935     0.165413719
     6.640000000     1.349019726     3.420755927     0.160594421
     6.650000000     1.430238348     3.458026009     0.155712787
     6.660000000     1.516528461     3.495108351     0.150778344
     6.670000000     1.607613552     3.531767450     0.145801066
     6.680000000     1.703125095     3.567708268     0.140791305
     6.690000000     1.802599673     3.602565817     0.135759703
     6.700000000     1.905477928     3.635894675     0.130717123
     6.710000000     2.011105530     3.667159088     0.125674560
     6.720000000     2.118736349     3.695724538     0.120643064
     6.730000000     2.227537938     3.720851868     0.115633659
     6.740000000     2.336599374     3.741695429     0.110657267
     6.750000000     2.444941462     3.757307223     0.105724635
     6.760000000     2.551529194     3.766649674     0.100846259
     6.770000000     2.655286323     3.768620246     0.096032321
     6.780000000     2.755111810     3.762091495     0.091292624
     6.790000000     2.849897850     3.745969752     0.086636538
     6.800000000     2.938549107     3.719274158     0.082072942
     6.810000000     3.020002747     3.681234747     0.077610178
     6.820000000     3.093248829     3.631403632     0.073256010
     6.830000000     3.157350549     3.569767497     0.069017586
     6.840000000     3.211463876     3.496843913     0.064901406
     6.850000000     3.254856092     3.413740680     0.060913295
     6.860000000     3.286922777     3.322158932     0.057058387
     6.870000000     3.307202842     3.224328772     0.053341103
     6.880000000     3.315391248     3.122879825     0.049765145
     6.890000000     3.311349142     3.020664737     0.046333493
     6.900000000     3.295111193     2.920565318     0.043048404
     6.910000000     3.266890032     2.825313973     0.039911419
     6.920000000     3.227077777     2.737355641     0.036923374
     6.930000000     3.176244708     2.658761096     0.034084419
     6.940000000     3.115135256     2.591187578     0.031394039
     6.950000000     3.044661540     2.535873242     0.028851080
     6.960000000     2.965894765     2.493650556     0.026453779
     6.970000000     2.880054813     2.464968682     0.024199804
     6.980000000     2.788498433     2.449921705     0.022086289
     6.990000000     2.692706408     2.448284285     0.020109874
     7.000000000     2.594270096     2.459557048     0.018266760
     7.010000000     2.494877690     2.483021671     0.016552744
     7.020000000     2.396300523     2.517802375     0.014963277
     7.030000000     2.300379633     2.562928359     0.013493512
     7.040000000     2.209012773     2.617391407     0.012138354
     7.050000000     2.124141913     2.680194220     0.010892509
     7.060000000     2.047741219     2.750387096     0.009750539
     7.070000000     1.981805380     2.827092592     0.008706903
     7.080000000     1.928338049     2.909519273     0.007756012
     7.090000000     1.889340113     2.996966479     0.006892266
     7.100000000     1.866797407     3.088822257     0.006110099
     7.110000000     1.862667456     3.184556470     0.005404018
     7.120000000     1.878864803     3.283710758     0.004768635
     7.130000000     1.917244497     3.385886585     0.004198699
     7.140000000     1.979583327     3.490732258     0.003689125
     7.150000000     2.067558495     3.597929420     0.003235014
     7.160000000     2.182723488     3.707179290     0.002831678
     7.170000000     2.326481073     3.818188665     0.002474646
     7.180000000     2.500053462     3.930655571     0.002159686
     7.190000000     2.704449920     4.044254245     0.001882806
     7.200000000     2.940432232     4.158619019     0.001640264
     7.210000000     3.208478711     4.273326482     0.001428565
     7.220000000     3.508747557     4.387875165     0.001244463
     7.230000000     3.841040633     4.501661824     0.001084956
     7.240000000     4.204768850     4.613953352     0.000947282
     7.250000000     4.598920495     4.723853360     0.000828911
     7.260000000     5.022033939     4.830262687     0.000727534
     7.270000000     5.472176186     4.931833445     0.000641056
     7.280000000     5.946928713     5.026916674     0.000567583
     7.290000000     6.443381984     5.113504331     0.000505409
     7.300000000     6.958139846     5.189167050     0.000453006
     7.310000000     7.487334825     5.250990154     0.000409010
     7.320000000     8.026655070     5.295511892     0.000372212
     7.330000000     8.571383342     5.318670100     0.000341541
     7.340000000     9.116448102     5.315766620     0.000316053
     7.350000000     9.656486331     5.281462960     0.000294923
     7.360000000    10.185917283     5.209825497     0.000277431
     7.370000000    10.699025980     5.094443448     0.000262953
     7.380000000    11.190054822     4.928646394     0.000250951
     7.390000000    11.653301332     4.705848080     0.000240961
     7.400000000    12.083219724     4.420036261     0.000232591
     7.410000000    12.474523765     4.066410893     0.000225507
     7.420000000    12.822288187     3.642142174     0.000219429
     7.430000000    13.122045885     3.147176508     0.000214125
     7.440000000    13.369878115     2.584969542     0.000209402
     7.450000000    13.562495082     1.962986331     0.000205103
     7.460000000    13.697304480     1.292800771     0.000201104
     7.470000000    13.772465939     0.589668987     0.000197304
     7.480000000    13.786929646    -0.128451342     0.000193626
     7.490000000    13.740457977    -0.842332095     0.000190011
     7.500000000    13.633629402    -1.533129954     0.000186417
     7.510000000    13.467824542    -2.183974126     0.000182814
     7.520000000    13.245194767    -2.781214689     0.000179181
     7.530000000    12.968614284    -3.315156166     0.000175507
     7.540000000    12.641617152    -3.780233879     0.000171785
     7.550000000    12.268321115    -4.174711135     0.000168014
     7.560000000    11.853340508    -4.500048972     0.000164197
     7.570000000    11.401690774    -4.760118413     0.000160336
     7.580000000    10.918687330    -4.960400591     0.000156435
     7.590000000    10.409841584    -5.107274173     0.000152500
     7.600000000     9.880756932    -5.207441492     0.000148534
     7.610000000     9.337027407    -5.267506426     0.000144542
     7.620000000     8.784141479    -5.293692162     0.000140525
     7.630000000     8.227393245    -5.291674512     0.000136485
     7.640000000     7.671802863    -5.266502948     0.000132423
     7.650000000     7.122047752    -5.222583410     0.000128339
     7.660000000     6.582405628    -5.163701350     0.000124232
     7.670000000     6.056710038    -5.093068520     0.000120102
     7.680000000     5.548318637    -5.013381692     0.000115947
     7.690000000     5.060094054    -4.926885332     0.000111767
     7.700000000     4.594396815    -4.835433163     0.000107562
     7.710000000     4.153089522    -4.740545644     0.000103334
     7.720000000     3.737551153    -4.643461842     0.000099084
     7.730000000     3.348700226    -4.545185115     0.000094817
     7.740000000     2.987025372    -4.446522594     0.000090538
     7.750000000     2.652621813    -4.348118864     0.000086253
     7.760000000     2.345232214    -4.250484375     0.000081972
     7.770000000     2.064290408    -4.154019241     0.000077703
     7.780000000     1.808966594    -4.059033064     0.000073458
     7.790000000     1.578212684    -3.965761380     0.000069250
     7.800000000     1.370806673    -3.874379286     0.000065091
     7.810000000     1.185395044    -3.785012696     0.000060995
     7.820000000     1.020532391    -3.697747636     0.000056976
     7.830000000     0.874717678    -3.612637906     0.000053049
     7.840000000     0.746426649    -3.529711393     0.000049226
     7.850000000     0.634140167    -3.448975270     0.000045522
     7.860000000     0.536368338    -3.370420256     0.000041948
     7.870000000     0.451670458    -3.294024125     0.000038515
     7.880000000     0.378670917    -3.219754571     0.000035233
     7.890000000     0.316071302    -3.147571556     0.000032109
     7.900000000     0.262658994    -3.077429224     0.000029152
     7.910000000     0.217312625    -3.009277460     0.000026364
     7.920000000     0.179004777    -2.943063155     0.000023750
     7.930000000     0.146802322    -2.878731228     0.000021310
     7.940000000     0.119864807    -2.816225453     0.000019045
     7.950000000     0.097441268    -2.755489119     0.000016951
     7.960000000     0.078865820    -2.696465554     0.000015026
     7.970000000     0.063552378    -2.639098545     0.000013265
     7.980000000     0.050988767    -2.583332661     0.000011662
     7.990000000     0.040730509    -2.529113503     0.000010209
     8.000000000     0.032394478    -2.476387897     0.000008900
     8.010000000     0.025652604    -2.425104037     0.000007727
     8.020000000     0.020225769    -2.375211581     0.000006679
     8.030000000     0.015878006    -2.326661723     0.000005749
     8.040000000     0.012411057    -2.279407232     0.000004928
     8.050000000     0.009659364    -2.233402478     0.000004205
     8.060000000     0.007485498    -2.188603429     0.000003573
     8.070000000     0.005776055    -2.144967646     0.000003023
     8.080000000     0.004437995    -2.102454262     0.000002547
     8.090000000     0.003395428    -2.061023952     0.000002136
     8.100000000     0.002586796    -2.020638899     0.000001784
     8.110000000     0.001962448    -1.981262756     0.000001483
     8.120000000     0.001482558    -1.942860599     0.000001228
     8.130000000     0.001115355    -1.905398887     0.000001012
     8.140000000     0.000835629    -1.868845411     0.000000831
     8.150000000     0.000623482    -1.833169249     0.000000679
     8.160000000     0.000463296    -1.798340717     0.000000552
     8.170000000     0.000342870    -1.764331324     0.000000447
     8.180000000     0.000252728    -1.731113720     0.000000360
     8.190000000     0.000185544    -1.698661653     0.000000289
     8.200000000     0.000135683    -1.666949927     0.000000231
     8.210000000     0.000098835    -1.635954351     0.000000184
     8.220000000     0.000071716    -1.605651701     0.000000146
     8.230000000     0.000051841    -1.576019680     0.000000115
     8.240000000     0.000037333    -1.547036872     0.000000090
     8.250000000     0.000026787    -1.518682712     0.000000071
     8.260000000     0.000019149    -1.490937441     0.000000055
     8.270000000     0.000013641    -1.463782076     0.000000043
     8.280000000     0.000009683    -1.437198375     0.000000033
     8.290000000     0.000006850    -1.411168803     0.000000025
     8.300000000     0.000004829    -1.385676502     0.000000019
     8.310000000     0.000003394    -1.360705262     0.000000015
     8.320000000     0.000002377    -1.336239489     0.000000011
     8.330000000     0.000001660    -1.312264184     0.000000008
     8.340000000     0.000001155    -1.288764912     0.000000006
     8.350000000     0.000000802    -1.265727778     0.000000005
     8.360000000     0.000000555    -1.243139405     0.000000004
     8.370000000     0.000000383    -1.220986912     0.000000003
     8.380000000     0.000000264    -1.199257891     0.000000002
     8.390000000     0.000000181    -1.177940385     0.000000001
     8.400000000     0.000000124    -1.157022874     0.000000001
     8.410000000     0.000000085    -1.136494251     0.000000001
     8.420000000     0.000000058    -1.116343806     0.000000001
     8.430000000     0.000000039    -1.096561210     0.000000000
     8.440000000     0.000000027    -1.077136499     0.000000000
     8.450000000     0.000000018    -1.058060058     0.000000000
     8.460000000     0.000000012    -1.039322606     0.000000000
     8.470000000     0.000000008    -1.020915183     0.000000000
     8.480000000     0.000000005    -1.002829137     0.000000000
     8.490000000     0.000000004    -0.985056110     0.000000000
     8.500000000     0.000000002    -0.967588026     0.000000000
     8.510000000     0.000000002    -0.950417082     0.000000000
     8.520000000     0.000000001    -0.933535735     0.000000000
     8.530000000     0.000000001    -0.916936690     0.000000000
     8.540000000     0.000000000    -0.900612893     0.000000000
     8.550000000     0.000000000    -0.884557522     0.000000000
     8.560000000     0.000000000    -0.868763974     0.000000000
     8.570000000     0.000000000    -0.853225858     0.000000000
     8.580000000     0.000000000    -0.837936989     0.000000000
     8.590000000     0.000000000    -0.822891378     0.000000000
     8.600000000     0.000000000    -0.808083225     0.000000000
     8.610000000     0.000000000    -0.793506910     0.000000000
     8.620000000     0.000000000    -0.779156989     0.000000000
     8.630000000     0.000000000    -0.765028187     0.000000000
     8.640000000     0.000000000    -0.751115387     0.000000000
     8.650000000     0.000000000    -0.737413631     0.000000000
     8.660000000     0.000000000    -0.723918111     0.000000000
     8.670000000     0.000000000    -0.710624161     0.000000000
     8.680000000     0.000000000    -0.697527256     0.000000000
     8.690000000     0.000000000    -0.684623004     0.000000000
     8.700000000     0.000000000    -0.671907142     0.000000000
     8.710000000     0.000000000    -0.659375533     0.000000000
     8.720000000     0.000000000    -0.647024158     0.000000000
     8.730000000     0.000000000    -0.634849116     0.000000000
     8.740000000     0.000000000    -0.622846615     0.000000000
     8.750000000     0.000000000    -0.611012973     0.000000000
     8.760000000     0.000000000    -0.599344610     0.000000000
     8.770000000     0.000000000    -0.587838050     0.000000000
     8.780000000     0.000000000    -0.576489909     0.000000000
     8.790000000     0.000000000    -0.565296900     0.000000000
     8.800000000     0.000000000    -0.554255826     0.000000000
     8.810000000     0.000000000    -0.543363577     0.000000000
     8.820000000     0.000000000    -0.532617126     0.000000000
     8.830000000     0.000000000    -0.522013530     0.000000000
     8.840000000     0.000000000    -0.511549923     0.000000000
     8.850000000     0.000000000    -0.501223517     0.000000000
     8.860000000     0.000000000    -0.491031596     0.000000000
     8.870000000     0.000000000    -0.480971516     0.000000000
     8.880000000     0.000000000    -0.471040703     0.000000000
     8.890000000     0.000000000    -0.461236649     0.000000000
     8.900000000     0.000000000    -0.451556911     0.000000000
     8.910000000     0.000000000    -0.441999107     0.000000000
     8.920000000     0.000000000    -0.432560918     0.000000000
     8.930000000     0.000000000    -0.423240083     0.000000000
     8.940000000     0.000000000    -0.414034398     0.000000000
     8.950000000     0.000000000    -0.404941712     0.000000000
     8.960000000     0.000000000    -0.395959930     0.000000000
     8.970000000     0.000000000    -0.387087009     0.000000000
     8.980000000     0.000000000    -0.378320954     0.000000000
     8.990000000     0.000000000    -0.369659820     0.000000000
     9.000000000     0.000000000    -0.361101709     0.000000000
     9.010000000     0.000000000    -0.352644769     0.000000000
     9.020000000     0.000000000    -0.344287192     0.000000000
     9.030000000     0.000000000    -0.336027213     0.000000000
     9.040000000     0.000000000    -0.327863109     0.000000000
     9.050000000     0.000000000    -0.319793199     0.000000000
     9.060000000     0.000000000    -0.311815838     0.000000000
     9.070000000     0.000000000    -0.303929422     0.000000000
     9.080000000     0.000000000    -0.296132383     0.000000000
     9.090000000     0.000000000    -0.288423191     0.000000000
     9.100000000     0.000000000    -0.280800348     0.000000000
     9.110000000     0.000000000    -0.273262393     0.000000000
     9.120000000     0.000000000    -0.265807895     0.000000000
     9.130000000     0.000000000    -0.258435458     0.000000000
     9.140000000     0.000000000    -0.251143715     0.000000000
     9.150000000     0.000000000    -0.243931332     0.000000000
     9.160000000     0.000000000    -0.236797001     0.000000000
     9.170000000     0.000000000    -0.229739447     0.000000000
     9.180000000     0.000000000    -0.222757419     0.000000000
     9.190000000     0.000000000    -0.215849696     0.000000000
     9.200000000     0.000000000    -0.209015081     0.000000000
     9.210000000     0.000000000    -0.202252405     0.000000000
     9.220000000     0.000000000    -0.195560523     0.000000000
     9.230000000     0.000000000    -0.188938315     0.000000000
     9.240000000     0.000000000    -0.182384683     0.000000000
     9.250000000     0.000000000    -0.175898554     0.000000000
     9.260000000     0.000000000    -0.169478877     0.000000000
     9.270000000     0.000000000    -0.163124622     0.000000000
     9.280000000     0.000000000    -0.156834782     0.000000000
     9.290000000     0.000000000    -0.150608369     0.000000000
     9.300000000     0.000000000    -0.144444417     0.000000000
     9.310000000     0.000000000    -0.138341979     0.000000000
     9.320000000     0.000000000    -0.132300126     0.000000000
     9.330000000     0.000000000    -0.126317949     0.000000000
     9.340000000     0.000000000    -0.120394557     0.000000000
     9.350000000     0.000000000    -0.114529079     0.000000000
     9.360000000     0.000000000    -0.108720656     0.000000000
     9.370000000     0.000000000    -0.102968452     0.000000000
     9.380000000     0.000000000    -0.097271644     0.000000000
     9.390000000     0.000000000    -0.091629425     0.000000000
     9.400000000     0.000000000    -0.086041005     0.000000000
     9.410000000     0.000000000    -0.080505610     0.000000000
     9.420000000     0.000000000    -0.075022478     0.000000000
     9.430000000     0.000000000    -0.069590866     0.000000000
     9.440000000     0.000000000    -0.064210040     0.000000000
     9.450000000     0.000000000    -0.058879285     0.000000000
     9.460000000     0.000000000    -0.053597896     0.000000000
     9.470000000     0.000000000    -0.048365183     0.000000000
     9.480000000     0.000000000    -0.043180468     0.000000000
     9.490000000     0.000000000    -0.038043087     0.000000000
     9.500000000     0.000000000    -0.032952387     0.000000000
     9.510000000     0.000000000    -0.027907727     0.000000000
     9.520000000     0.000000000    -0.022908479     0.000000000
     9.530000000     0.000000000    -0.017954025     0.000000000
     9.540000000     0.000000000    -0.013043760     0.000000000
     9.550000000     0.000000000    -0.008177089     0.000000000
     9.560000000     0.000000000    -0.003353428     0.000000000
     9.570000000     0.000000000     0.001427798     0.000000000
     9.580000000     0.000000000     0.006167151     0.000000000
     9.590000000     0.000000000     0.010865184     0.000000000
     9.600000000     0.000000000     0.015522443     0.000000000
     9.610000000     0.000000000     0.020139460     0.000000000
     9.620000000     0.000000000     0.024716760     0.000000000
     9.630000000     0.000000000     0.029254858     0.000000000
     9.640000000     0.000000000     0.033754261     0.000000000
     9.650000000     0.000000000     0.038215467     0.000000000
     9.660000000     0.000000000     0.042638965     0.000000000
     9.670000000     0.000000000     0.047025235     0.000000000
     9.680000000     0.000000000     0.051374751     0.000000000
     9.690000000     0.000000000     0.055687975     0.000000000
     9.700000000     0.000000000     0.059965366     0.000000000
     9.710000000     0.000000000     0.064207371     0.000000000
     9.720000000     0.000000000     0.068414433     0.000000000
     9.730000000     0.000000000     0.072586984     0.000000000
     9.740000000     0.000000000     0.076725453     0.000000000
     9.750000000     0.000000000     0.080830258     0.000000000
     9.760000000     0.000000000     0.084901812     0.000000000
     9.770000000     0.000000000     0.088940522     0.000000000
     9.780000000     0.000000000     0.092946786     0.000000000
     9.790000000     0.000000000     0.096920997     0.000000000
     9.800000000     0.000000000     0.100863543     0.000000000
     9.810000000     0.000000000     0.104774802     0.000000000
     9.820000000     0.000000000     0.108655149     0.000000000
     9.830000000     0.000000000     0.112504952     0.000000000
     9.840000000     0.000000000     0.116324574     0.000000000
     9.850000000     0.000000000     0.120114370     0.000000000
     9.860000000     0.000000000     0.123874692     0.000000000
     9.870000000     0.000000001     0.127605885     0.000000000
     9.880000000     0.000000001     0.131308289     0.000000000
     9.890000000     0.000000001     0.134982238     0.000000000
     9.900000000     0.000000002     0.138628062     0.000000000
     9.910000000     0.000000002     0.142246086     0.000000001
     9.920000000     0.000000003     0.145836627     0.000000001
     9.930000000     0.000000004     0.149400002     0.000000001
     9.940000000     0.000000006     0.152936520     0.000000002
     9.950000000     0.000000008     0.156446484     0.000000002
     9.960000000     0.000000011     0.159930197     0.000000003
     9.970000000     0.000000014     0.163387953     0.000000004
     9.980000000     0.000000019     0.166820043     0.000000006
     9.990000000     0.000000025     0.170226756     0.000000008
    10.000000000     0.000000033     0.173608373     0.000000010
    10.010000000     0.000000044     0.176965172     0.000000013
    10.020000000     0.000000058     0.180297429     0.000000018
    10.030000000     0.000000076     0.183605414     0.000000023
    10.040000000     0.000000099     0.186889393     0.000000030
    10.050000000     0.000000129     0.190149628     0.000000039
    10.060000000     0.000000167     0.193386379     0.000000050
    10.070000000     0.000000215     0.196599900     0.000000065
    10.080000000     0.000000275     0.199790442     0.000000083
    10.090000000     0.000000350     0.202958254     0.000000106
    10.100000000     0.000000445     0.206103579     0.000000134
    10.110000000     0.000000562     0.209226658     0.000000169
    10.120000000     0.000000707     0.212327729     0.000000213
    10.130000000     0.000000886     0.215407025     0.000000267
    10.140000000     0.000001105     0.218464777     0.000000333
    10.150000000     0.000001372     0.221501212     0.000000413
    10.160000000     0.000001696     0.224516555     0.000000511
    10.170000000     0.000002088     0.227511026     0.000000629
    10.180000000     0.000002558     0.230484844     0.000000771
    10.190000000     0.000003120     0.233438224     0.000000940
    10.200000000     0.000003788     0.236371378     0.000001141
    10.210000000     0.000004580     0.239284514     0.000001380
    10.220000000     0.000005513     0.242177840     0.000001661
    10.230000000     0.000006605     0.245051557     0.000001990
    10.240000000     0.000007880     0.247905867     0.000002374
    10.250000000     0.000009359     0.250740968     0.000002819
    10.260000000     0.000011066     0.253557053     0.000003334
    10.270000000     0.000013026     0.256354315     0.000003924
    10.280000000     0.000015266     0.259132944     0.000004599
    10.290000000     0.000017811     0.261893125     0.000005366
    10.300000000     0.000020688     0.264635042     0.000006233
    10.310000000     0.000023924     0.267358875     0.000007207
    10.320000000     0.000027543     0.270064802     0.000008298
    10.330000000     0.000031569     0.272752998     0.000009511
    10.340000000     0.000036024     0.275423634     0.000010853
    10.350000000     0.000040924     0.278076877     0.000012329
    10.360000000     0.000046285     0.280712892     0.000013944
    10.370000000     0.000052115     0.283331840     0.000015700
    10.380000000     0.000058420     0.285933876     0.000017600
    10.390000000     0.000065198     0.288519154     0.000019642
    10.400000000     0.000072439     0.291087818     0.000021823
    10.410000000     0.000080127     0.293640012     0.000024139
    10.420000000     0.000088239     0.296175870     0.000026583
    10.430000000     0.000096740     0.298695521     0.000029144
    10.440000000     0.000105591     0.301199084     0.000031811
    10.450000000     0.000114740     0.303686671     0.000034567
    10.460000000     0.000124129     0.306158385     0.000037395
    10.470000000     0.000133690     0.308614316     0.000040276
    10.480000000     0.000143350     0.311054543     0.000043186
    10.490000000     0.000153025     0.313479132     0.000046101
    10.500000000     0.000162630     0.315888138     0.000048995
    10.510000000     0.000172071     0.318281600     0.000051839
    10.520000000     0.000181252     0.320659549     0.000054605
    10.530000000     0.000190077     0.323022005     0.000057263
    10.540000000     0.000198448     0.325368988     0.000059785
    10.550000000     0.000206268     0.327700518     0.000062141
    10.560000000     0.000213446     0.330016634     0.000064304
    10.570000000     0.000219894     0.332317399     0.000066246
    10.580000000     0.000225532     0.334602917     0.000067945
    10.590000000     0.000230289     0.336873348     0.000069378
    10.600000000     0.000234104     0.339128914     0.000070527
    10.610000000     0.000236926     0.341369913     0.000071377
    10.620000000     0.000238720     0.343596705     0.000071918
    10.630000000     0.000239460     0.345809706     0.000072140
    10.640000000     0.000239137     0.348009365     0.000072043
    10.650000000     0.000237755     0.350196134     0.000071627
    10.660000000     0.000235334     0.352370442     0.000070897
    10.670000000     0.000231904     0.354532666     0.000069864
    10.680000000     0.000227510     0.356683120     0.000068541
    10.690000000     0.000222210     0.358822044     0.000066944
    10.700000000     0.000216071     0.360949605     0.000065094
    10.710000000     0.000209170     0.363065911     0.000063015
    10.720000000     0.000201592     0.365171018     0.000060732
    10.730000000     0.000193426     0.367264948     0.000058272
    10.740000000     0.000184768     0.369347702     0.000055664
    10.750000000     0.000175715     0.371419269     0.000052937
    10.760000000     0.000166364     0.373479636     0.000050120
    10.770000000     0.000156813     0.375528794     0.000047242
    10.780000000     0.000147154     0.377566740     0.000044332
    10.790000000     0.000137478     0.379593482     0.000041417
    10.800000000     0.000127869     0.381609037     0.000038522
    10.810000000     0.000118404     0.383613433     0.000035671
    10.820000000     0.000109153     0.385606706     0.000032884
    10.830000000     0.000100179     0.387588901     0.000030180
    10.840000000     0.000091535     0.389560069     0.000027576
    10.850000000     0.000083266     0.391520270     0.000025085
    10.860000000     0.000075408     0.393469565     0.000022718
    10.870000000     0.000067989     0.395408024     0.000020483
    10.880000000     0.000061028     0.397335717     0.000018385
    10.890000000     0.000054536     0.399252717     0.000016430
    10.900000000     0.000048519     0.401159101     0.000014617
    10.910000000     0.000042975     0.403054945     0.000012947
    10.920000000     0.000037895     0.404940330     0.000011416
    10.930000000     0.000033267     0.406815332     0.000010022
    10.940000000     0.000029076     0.408680034     0.000008759
    10.950000000     0.000025299     0.410534514     0.000007622
    10.960000000     0.000021916     0.412378852     0.000006602
    10.970000000     0.000018900     0.414213130     0.000005694
    10.980000000     0.000016228     0.416037425     0.000004889
    10.990000000     0.000013871     0.417851818     0.000004179
    11.000000000     0.000011804     0.419656387     0.000003556
    11.010000000     0.000010001     0.421451210     0.000003013
    11.020000000     0.000008435     0.423236366     0.000002541
    11.030000000     0.000007083     0.425011931     0.000002134
    11.040000000     0.000005922     0.426777981     0.000001784
    11.050000000     0.000004929     0.428534593     0.000001485
    11.060000000     0.000004084     0.430281840     0.000001230
    11.070000000     0.000003369     0.432019799     0.000001015
    11.080000000     0.000002767     0.433748541     0.000000834
    11.090000000     0.000002262     0.435468140     0.000000682
    11.100000000     0.000001841     0.437178668     0.000000555
    11.110000000     0.000001492     0.438880196     0.000000450
    11.120000000     0.000001204     0.440572795     0.000000363
    11.130000000     0.000000967     0.442256535     0.000000291
    11.140000000     0.000000773     0.443931484     0.000000233
    11.150000000     0.000000616     0.445597710     0.000000185
    11.160000000     0.000000488     0.447255283     0.000000147
    11.170000000     0.000000385     0.448904268     0.000000116
    11.180000000     0.000000302     0.450544732     0.000000091
    11.190000000     0.000000237     0.452176740     0.000000071
    11.200000000     0.000000184     0.453800358     0.000000055
    11.210000000     0.000000143     0.455415649     0.000000043
    11.220000000     0.000000110     0.457022677     0.000000033
    11.230000000     0.000000085     0.458621504     0.000000026
    11.240000000     0.000000065     0.460212194     0.000000020
    11.250000000     0.000000049     0.461794807     0.000000015
    11.260000000     0.000000037     0.463369404     0.000000011
    11.270000000     0.000000028     0.464936046     0.000000008
    11.280000000     0.000000021     0.466494793     0.000000006
    11.290000000     0.000000016     0.468045702     0.000000005
    11.300000000     0.000000012     0.469588834     0.000000004
    11.310000000     0.000000009     0.471124245     0.000000003
    11.320000000     0.000000006     0.472651993     0.000000002
    11.330000000     0.000000005     0.474172135     0.000000001
    11.340000000     0.000000003     0.475684726     0.000000001
    11.350000000     0.000000003     0.477189823     0.000000001
    11.360000000     0.000000002     0.478687480     0.000000001
    11.370000000     0.000000001     0.480177751     0.000000000
    11.380000000     0.000000001     0.481660692     0.000000000
    11.390000000     0.000000001     0.483136353     0.000000000
    11.400000000     0.000000000     0.484604790     0.000000000
    11.410000000     0.000000000     0.486066054     0.000000000
    11.420000000     0.000000000     0.487520197     0.000000000
    11.430000000     0.000000000     0.488967269     0.000000000
    11.440000000     0.000000000     0.490407323     0.000000000
    11.450000000     0.000000000     0.491840408     0.000000000
    11.460000000     0.000000000     0.493266573     0.000000000
    11.470000000     0.000000000     0.494685870     0.000000000
    11.480000000     0.000000000     0.496098345     0.000000000
    11.490000000     0.000000000     0.497504048     0.000000000
    11.500000000     0.000000000     0.498903026     0.000000000
    11.510000000     0.000000000     0.500295327     0.000000000
    11.520000000     0.000000000     0.501680998     0.000000000
    11.530000000     0.000000000     0.503060085     0.000000000
    11.540000000     0.000000000     0.504432635     0.000000000
    11.550000000     0.000000000     0.505798693     0.000000000
    11.560000000     0.000000000     0.507158305     0.000000000
    11.570000000     0.000000000     0.508511515     0.000000000
    11.580000000     0.000000000     0.509858367     0.000000000
    11.590000000     0.000000000     0.511198906     0.000000000
    11.600000000     0.000000000     0.512533176     0.000000000
    11.610000000     0.000000000     0.513861218     0.000000000
    11.620000000     0.000000000     0.515183077     0.000000000
    11.630000000     0.000000000     0.516498795     0.000000000
    11.640000000     0.000000000     0.517808412     0.000000000
    11.650000000     0.000000000     0.519111972     0.000000000
    11.660000000     0.000000000     0.520409515     0.000000000
    11.670000000     0.000000000     0.521701083     0.000000000
    11.680000000     0.000000000     0.522986714     0.000000000
    11.690000000     0.000000000     0.524266451     0.000000000
    11.700000000     0.000000000     0.525540332     0.000000000
    11.710000000     0.000000000     0.526808396     0.000000000
    11.720000000     0.000000000     0.528070684     0.000000000
    11.730000000     0.000000000     0.529327233     0.000000000
    11.740000000     0.000000000     0.530578081     0.000000000
    11.750000000     0.000000000     0.531823267     0.000000000
    11.760000000     0.000000000     0.533062829     0.000000000
    11.770000000     0.000000000     0.534296803     0.000000000
    11.780000000     0.000000000     0.535525227     0.000000000
    11.790000000     0.000000000     0.536748137     0.000000000
    11.800000000     0.000000000     0.537965569     0.000000000
    11.810000000     0.000000000     0.539177560     0.000000000
    11.820000000     0.000000000     0.540384145     0.000000000
    11.830000000     0.000000000     0.541585360     0.000000000
    11.840000000     0.000000000     0.542781239     0.000000000
    11.850000000     0.000000000     0.543971818     0.000000000
    11.860000000     0.000000000     0.545157130     0.000000000
    11.870000000     0.000000000     0.546337211     0.000000000
    11.880000000     0.000000000     0.547512093     0.000000000
    11.890000000     0.000000000     0.548681810     0.000000000
    11.900000000     0.000000000     0.549846396     0.000000000
    11.910000000     0.000000000     0.551005883     0.000000000
    11.920000000     0.000000000     0.552160305     0.000000000
    11.930000000     0.000000000     0.553309693     0.000000000
    11.940000000     0.000000000     0.554454080     0.000000000
    11.950000000     0.000000000     0.555593498     0.000000000
    11.960000000     0.000000000     0.556727977     0.000000000
    11.970000000     0.000000000     0.557857550     0.000000000
    11.980000000     0.000000000     0.558982248     0.000000000
    11.990000000     0.000000000     0.560102101     0.000000000
    12.000000000     0.000000000     0.561217140     0.000000000
    12.010000000     0.000000000     0.562327395     0.000000000
    12.020000000     0.000000000     0.563432896     0.000000000
    12.030000000     0.000000000     0.564533673     0.000000000
    12.040000000     0.000000000     0.565629755     0.000000000
    12.050000000     0.000000000     0.566721173     0.000000000
    12.060000000     0.000000000     0.567807953     0.000000000
    12.070000000     0.000000000     0.568890126     0.000000000
    12.080000000     0.000000000     0.569967721     0.000000000
    12.090000000     0.000000000     0.571040764     0.000000000
    12.100000000     0.000000000     0.572109285     0.000000000
    12.110000000     0.000000000     0.573173311     0.000000000
    12.120000000     0.000000000     0.574232870     0.000000000
    12.130000000     0.000000000     0.575287989     0.000000000
    12.140000000     0.000000000     0.576338696     0.000000000
    12.150000000     0.000000000     0.577385017     0.000000000
    12.160000000     0.000000000     0.578426979     0.000000000
    12.170000000     0.000000000     0.579464608     0.000000000
    12.180000000     0.000000000     0.580497931     0.000000000
    12.190000000     0.000000000     0.581526975     0.000000000
    12.200000000     0.000000000     0.582551764     0.000000000
    12.210000000     0.000000000     0.583572324     0.000000000
    12.220000000     0.000000000     0.584588681     0.000000000
    12.230000000     0.000000000     0.585600860     0.000000000
    12.240000000     0.000000000     0.586608887     0.000000000
    12.250000000     0.000000000     0.587612785     0.000000000
    12.260000000     0.000000000     0.588612580     0.000000000
    12.270000000     0.000000000     0.589608296     0.000000000
    12.280000000     0.000000000     0.590599957     0.000000000
    12.290000000     0.000000000     0.591587588     0.000000000
    12.300000000     0.000000000     0.592571212     0.000000000
    12.310000000     0.000000000     0.593550853     0.000000000
    12.320000000     0.000000000     0.594526534     0.000000000
    12.330000000     0.000000000     0.595498279     0.000000000
    12.340000000     0.000000000     0.596466111     0.000000000
    12.350000000     0.000000000     0.597430053     0.000000000
    12.360000000     0.000000000     0.598390127     0.000000000
    12.370000000     0.000000000     0.599346356     0.000000000
    12.380000000     0.000000000     0.600298763     0.000000000
    12.390000000     0.000000000     0.601247370     0.000000000
    12.400000000     0.000000000     0.602192198     0.000000000
    12.410000000     0.000000000     0.603133271     0.000000000
    12.420000000     0.000000000     0.604070608     0.000000000
    12.430000000     0.000000000     0.605004233     0.000000000
    12.440000000     0.000000000     0.605934166     0.000000000
    12.450000000     0.000000000     0.606860429     0.000000000
    12.460000000     0.000000000     0.607783042     0.000000000
    12.470000000     0.000000000     0.608702027     0.000000000
    12.480000000     0.000000000     0.609617405     0.000000000
    12.490000000     0.000000000     0.610529195     0.000000000
    12.500000000     0.000000000     0.611437419     0.000000000
    12.510000000     0.000000000     0.612342096     0.000000000
    12.520000000     0.000000000     0.613243247     0.000000000
    12.530000000     0.000000000     0.614140892     0.000000000
    12.540000000     0.000000000     0.615035050     0.000000000
    12.550000000     0.000000000     0.615925742     0.000000000
    12.560000000     0.000000000     0.616812986     0.000000000
    12.570000000     0.000000000     0.617696802     0.000000000
    12.580000000     0.000000000     0.618577210     0.000000000
    12.590000000     0.000000000     0.619454228     0.000000000
    12.600000000     0.000000000     0.620327876     0.000000000
    12.610000000     0.000000000     0.621198171     0.000000000
    12.620000000     0.000000000     0.622065134     0.000000000
    12.630000000     0.000000000     0.622928782     0.000000000
    12.640000000     0.000000000     0.623789133     0.000000000
    12.650000000     0.000000000     0.624646207     0.000000000
    12.660000000     0.000000000     0.625500020     0.000000000
    12.670000000     0.000000000     0.626350592     0.000000000
    12.680000000     0.000000000     0.627197940     0.000000000
    12.690000000     0.000000000     0.628042081     0.000000000
    12.700000000     0.000000000     0.628883034     0.000000000
    12.710000000     0.000000000     0.629720815     0.000000000
    12.720000000     0.000000000     0.630555442     0.000000000
    12.730000000     0.000000000     0.631386933     0.000000000
    12.740000000     0.000000000     0.632215304     0.000000000
    12.750000000     0.000000000     0.633040572     0.000000000
    12.760000000     0.000000000     0.633862754     0.000000000
    12.770000000     0.000000000     0.634681868     0.000000000
    12.780000000     0.000000000     0.635497928     0.000000000
    12.790000000     0.000000000     0.636310953     0.000000000
    12.800000000     0.000000000     0.637120958     0.000000000
    12.810000000     0.000000000     0.637927959     0.000000000
    12.820000000     0.000000000     0.638731974     0.000000000
    12.830000000     0.000000000     0.639533016     0.000000000
    12.840000000     0.000000000     0.640331104     0.000000000
    12.850000000     0.000000000     0.641126251     0.000000000
    12.860000000     0.000000000     0.641918475     0.000000000
    12.870000000     0.000000000     0.642707791     0.000000000
    12.880000000     0.000000000     0.643494213     0.000000000
    12.890000000     0.000000000     0.644277758     0.000000000
    12.900000000     0.000000000     0.645058440     0.000000000
    12.910000000     0.000000000     0.645836275     0.000000000
    12.920000000     0.000000000     0.646611278     0.000000000
    12.930000000     0.000000000     0.647383463     0.000000000
    12.940000000     0.000000000     0.648152846     0.000000000
    12.950000000     0.000000000     0.648919441     0.000000000
    12.960000000     0.000000000     0.649683263     0.000000000
    12.970000000     0.000000000     0.650444326     0.000000000
    12.980000000     0.000000000     0.651202645     0.000000000
    12.990000000     0.000000000     0.651958234     0.000000000
    13.000000000     0.000000000     0.652711107     0.000000000
