 # Column 1: omega
 # Column 2: eps2(omega)
 # Column 3: eps1(omega)
 # Column 4: JDOS(omega)
     0.000000000    -0.000000000     2.778902182     0.000000000
     0.010000000     0.000000000     2.778912490     0.000000000
     0.020000000     0.000000000     2.778943412     0.000000000
     0.030000000     0.000000000     2.778994955     0.000000000
     0.040000000     0.000000000     2.779067124     0.000000000
     0.050000000     0.000000000     2.779159929     0.000000000
     0.060000000     0.000000000     2.779273382     0.000000000
     0.070000000     0.000000000     2.779407498     0.000000000
     0.080000000     0.000000000     2.779562295     0.000000000
     0.090000000     0.000000000     2.779737793     0.000000000
     0.100000000     0.000000000     2.779934016     0.000000000
     0.110000000     0.000000000     2.780150989     0.000000000
     0.120000000     0.000000000     2.780388742     0.000000000
     0.130000000     0.000000000     2.780647305     0.000000000
     0.140000000     0.000000000     2.780926713     0.000000000
     0.150000000     0.000000000     2.781227004     0.000000000
     0.160000000     0.000000000     2.781548217     0.000000000
     0.170000000     0.000000000     2.781890396     0.000000000
     0.180000000     0.000000000     2.782253586     0.000000000
     0.190000000     0.000000000     2.782637836     0.000000000
     0.200000000     0.000000000     2.783043198     0.000000000
     0.210000000     0.000000000     2.783469727     0.000000000
     0.220000000     0.000000000     2.783917480     0.000000000
     0.230000000     0.000000000     2.784386519     0.000000000
     0.240000000     0.000000000     2.784876907     0.000000000
     0.250000000     0.000000000     2.785388712     0.000000000
     0.260000000     0.000000000     2.785922003     0.000000000
     0.270000000     0.000000000     2.786476855     0.000000000
     0.280000000     0.000000000     2.787053343     0.000000000
     0.290000000     0.000000000     2.787651549     0.000000000
     0.300000000     0.000000000     2.788271555     0.000000000
     0.310000000     0.000000000     2.788913448     0.000000000
     0.320000000     0.000000000     2.789577318     0.000000000
     0.330000000     0.000000000     2.790263260     0.000000000
     0.340000000     0.000000000     2.790971371     0.000000000
     0.350000000     0.000000000     2.791701751     0.000000000
     0.360000000     0.000000000     2.792454506     0.000000000
     0.370000000     0.000000000     2.793229743     0.000000000
     0.380000000     0.000000000     2.794027576     0.000000000
     0.390000000     0.000000000     2.794848120     0.000000000
     0.400000000     0.000000000     2.795691495     0.000000000
     0.410000000     0.000000000     2.796557826     0.000000000
     0.420000000     0.000000000     2.797447242     0.000000000
     0.430000000     0.000000000     2.798359874     0.000000000
     0.440000000     0.000000000     2.799295861     0.000000000
     0.450000000     0.000000000     2.800255342     0.000000000
     0.460000000     0.000000000     2.801238465     0.000000000
     0.470000000     0.000000000     2.802245379     0.000000000
     0.480000000     0.000000000     2.803276241     0.000000000
     0.490000000     0.000000000     2.804331210     0.000000000
     0.500000000     0.000000000     2.805410450     0.000000000
     0.510000000     0.000000000     2.806514134     0.000000000
     0.520000000     0.000000000     2.807642434     0.000000000
     0.530000000     0.000000000     2.808795533     0.000000000
     0.540000000     0.000000000     2.809973617     0.000000000
     0.550000000     0.000000000     2.811176877     0.000000000
     0.560000000     0.000000000     2.812405510     0.000000000
     0.570000000     0.000000000     2.813659721     0.000000000
     0.580000000     0.000000000     2.814939718     0.000000000
     0.590000000     0.000000000     2.816245718     0.000000000
     0.600000000     0.000000000     2.817577942     0.000000000
     0.610000000     0.000000000     2.818936620     0.000000000
     0.620000000     0.000000000     2.820321986     0.000000000
     0.630000000     0.000000000     2.821734284     0.000000000
     0.640000000     0.000000000     2.823173763     0.000000000
     0.650000000     0.000000000     2.824640680     0.000000000
     0.660000000     0.000000000     2.826135301     0.000000000
     0.670000000     0.000000000     2.827657897     0.000000000
     0.680000000     0.000000000     2.829208750     0.000000000
     0.690000000     0.000000000     2.830788148     0.000000000
     0.700000000     0.000000000     2.832396390     0.000000000
     0.710000000     0.000000000     2.834033782     0.000000000
     0.720000000     0.000000000     2.835700640     0.000000000
     0.730000000     0.000000000     2.837397290     0.000000000
     0.740000000     0.000000000     2.839124066     0.000000000
     0.750000000     0.000000000     2.840881315     0.000000000
     0.760000000     0.000000001     2.842669393     0.000000000
     0.770000000     0.000000001     2.844488665     0.000000000
     0.780000000     0.000000002     2.846339511     0.000000000
     0.790000000     0.000000002     2.848222320     0.000000000
     0.800000000     0.000000003     2.850137493     0.000000000
     0.810000000     0.000000005     2.852085446     0.000000000
     0.820000000     0.000000007     2.854066606     0.000000000
     0.830000000     0.000000011     2.856081413     0.000000000
     0.840000000     0.000000016     2.858130322     0.000000000
     0.850000000     0.000000022     2.860213802     0.000000000
     0.860000000     0.000000032     2.862332337     0.000000000
     0.870000000     0.000000046     2.864486427     0.000000000
     0.880000000     0.000000066     2.866676589     0.000000000
     0.890000000     0.000000095     2.868903353     0.000000000
     0.900000000     0.000000134     2.871167271     0.000000000
     0.910000000     0.000000189     2.873468911     0.000000000
     0.920000000     0.000000265     2.875808859     0.000000000
     0.930000000     0.000000370     2.878187723     0.000000000
     0.940000000     0.000000515     2.880606129     0.000000001
     0.950000000     0.000000714     2.883064725     0.000000001
     0.960000000     0.000000985     2.885564181     0.000000001
     0.970000000     0.000001353     2.888105190     0.000000001
     0.980000000     0.000001851     2.890688470     0.000000002
     0.990000000     0.000002520     2.893314761     0.000000003
     1.000000000     0.000003416     2.895984831     0.000000004
     1.010000000     0.000004611     2.898699475     0.000000005
     1.020000000     0.000006196     2.901459513     0.000000007
     1.030000000     0.000008291     2.904265798     0.000000009
     1.040000000     0.000011046     2.907119211     0.000000013
     1.050000000     0.000014653     2.910020664     0.000000017
     1.060000000     0.000019353     2.912971104     0.000000022
     1.070000000     0.000025450     2.915971509     0.000000029
     1.080000000     0.000033323     2.919022893     0.000000039
     1.090000000     0.000043444     2.922126309     0.000000051
     1.100000000     0.000056396     2.925282846     0.000000066
     1.110000000     0.000072894     2.928493631     0.000000086
     1.120000000     0.000093813     2.931759834     0.000000111
     1.130000000     0.000120220     2.935082667     0.000000144
     1.140000000     0.000153400     2.938463383     0.000000185
     1.150000000     0.000194903     2.941903283     0.000000236
     1.160000000     0.000246579     2.945403711     0.000000301
     1.170000000     0.000310630     2.948966059     0.000000383
     1.180000000     0.000389660     2.952591769     0.000000484
     1.190000000     0.000486728     2.956282328     0.000000610
     1.200000000     0.000605411     2.960039275     0.000000765
     1.210000000     0.000749865     2.963864198     0.000000956
     1.220000000     0.000924889     2.967758733     0.000001190
     1.230000000     0.001135994     2.971724566     0.000001477
     1.240000000     0.001389466     2.975763430     0.000001825
     1.250000000     0.001692436     2.979877101     0.000002246
     1.260000000     0.002052937     2.984067400     0.000002755
     1.270000000     0.002479964     2.988336183     0.000003367
     1.280000000     0.002983523     2.992685339     0.000004099
     1.290000000     0.003574671     2.997116778     0.000004973
     1.300000000     0.004265540     3.001632427     0.000006012
     1.310000000     0.005069355     3.006234211     0.000007243
     1.320000000     0.006000427     3.010924041     0.000008695
     1.330000000     0.007074125     3.015703791     0.000010404
     1.340000000     0.008306839     3.020575273     0.000012407
     1.350000000     0.009715903     3.025540206     0.000014747
     1.360000000     0.011319505     3.030600175     0.000017473
     1.370000000     0.013136568     3.035756583     0.000020638
     1.380000000     0.015186605     3.041010594     0.000024301
     1.390000000     0.017489551     3.046363054     0.000028528
     1.400000000     0.020065572     3.051814408     0.000033393
     1.410000000     0.022934848     3.057364586     0.000038976
     1.420000000     0.026117350     3.063012877     0.000045367
     1.430000000     0.029632586     3.068757764     0.000052664
     1.440000000     0.033499357     3.074596739     0.000060973
     1.450000000     0.037735489     3.080526073     0.000070416
     1.460000000     0.042357580     3.086540545     0.000081120
     1.470000000     0.047380747     3.092633130     0.000093230
     1.480000000     0.052818388     3.098794632     0.000106901
     1.490000000     0.058681955     3.105013268     0.000122305
     1.500000000     0.064980758     3.111274209     0.000139628
     1.510000000     0.071721785     3.117559079     0.000159073
     1.520000000     0.078909561     3.123845445     0.000180863
     1.530000000     0.086546031     3.130106328     0.000205237
     1.540000000     0.094630479     3.136309797     0.000232459
     1.550000000     0.103159476     3.142418722     0.000262809
     1.560000000     0.112126863     3.148390813     0.000296593
     1.570000000     0.121523759     3.154179073     0.000334140
     1.580000000     0.131338593     3.159732836     0.000375802
     1.590000000     0.141557161     3.164999542     0.000421954
     1.600000000     0.152162690     3.169927356     0.000472996
     1.610000000     0.163135922     3.174468626     0.000529354
     1.620000000     0.174455198     3.178583984     0.000591475
     1.630000000     0.186096542     3.182246662     0.000659828
     1.640000000     0.198033748     3.185446310     0.000734904
     1.650000000     0.210238459     3.188191477     0.000817213
     1.660000000     0.222680241     3.190509895     0.000907281
     1.670000000     0.235326651     3.192446074     0.001005648
     1.680000000     0.248143304     3.194056229     0.001112864
     1.690000000     0.261093938     3.195401242     0.001229487
     1.700000000     0.274140484     3.196538880     0.001356076
     1.710000000     0.287243151     3.197516587     0.001493190
     1.720000000     0.300360526     3.198365941     0.001641382
     1.730000000     0.313449698     3.199099299     0.001801196
     1.740000000     0.326466416     3.199708603     0.001973158
     1.750000000     0.339365288     3.200165973     0.002157780
     1.760000000     0.352100018     3.200425685     0.002355547
     1.770000000     0.364623695     3.200427248     0.002566919
     1.780000000     0.376889132     3.200099549     0.002792326
     1.790000000     0.388849250     3.199366126     0.003032165
     1.800000000     0.400457506     3.198151540     0.003286800
     1.810000000     0.411668368     3.196388551     0.003556555
     1.820000000     0.422437810     3.194025385     0.003841722
     1.830000000     0.432723835     3.191032123     0.004142550
     1.840000000     0.442487003     3.187405093     0.004459256
     1.850000000     0.451690947     3.183168453     0.004792017
     1.860000000     0.460302876     3.178372639     0.005140976
     1.870000000     0.468294029     3.173090080     0.005506243
     1.880000000     0.475640088     3.167409243     0.005887894
     1.890000000     0.482321512     3.161428380     0.006285975
     1.900000000     0.488323803     3.155250277     0.006700500
     1.910000000     0.493637680     3.148978713     0.007131454
     1.920000000     0.498259154     3.142716525     0.007578794
     1.930000000     0.502189515     3.136564433     0.008042442
     1.940000000     0.505435211     3.130619457     0.008522290
     1.950000000     0.508007643     3.124972018     0.009018193
     1.960000000     0.509922862     3.119701497     0.009529966
     1.970000000     0.511201204     3.114870886     0.010057381
     1.980000000     0.511866847     3.110521770     0.010600157
     1.990000000     0.511947330     3.106670984     0.011157958
     2.000000000     0.511473034     3.103309953     0.011730383
     2.010000000     0.510476654     3.100407067     0.012316961
     2.020000000     0.508992670     3.097912753     0.012917140
     2.030000000     0.507056836     3.095766386     0.013530284
     2.040000000     0.504705707     3.093903928     0.014155664
     2.050000000     0.501976212     3.092265137     0.014792453
     2.060000000     0.498905282     3.090799397     0.015439723
     2.070000000     0.495529552     3.089469531     0.016096442
     2.080000000     0.491885124     3.088253368     0.016761471
     2.090000000     0.488007406     3.087143218     0.017433573
     2.100000000     0.483931022     3.086143740     0.018111407
     2.110000000     0.479689788     3.085268865     0.018793543
     2.120000000     0.475316742     3.084538492     0.019478467
     2.130000000     0.470844228     3.083975524     0.020164591
     2.140000000     0.466304012     3.083603611     0.020850269
     2.150000000     0.461727428     3.083445680     0.021533810
     2.160000000     0.457145532     3.083523097     0.022213494
     2.170000000     0.452589260     3.083855194     0.022887591
     2.180000000     0.448089559     3.084458896     0.023554376
     2.190000000     0.443677509     3.085348313     0.024212150
     2.200000000     0.439384395     3.086534325     0.024859255
     2.210000000     0.435241738     3.088024304     0.025494089
     2.220000000     0.431281270     3.089822144     0.026115126
     2.230000000     0.427534858     3.091928674     0.026720923
     2.240000000     0.424034359     3.094342365     0.027310134
     2.250000000     0.420811415     3.097060128     0.027881517
     2.260000000     0.417897198     3.100077920     0.028433941
     2.270000000     0.415322085     3.103390928     0.028966385
     2.280000000     0.413115290     3.106993253     0.029477945
     2.290000000     0.411304458     3.110877129     0.029967823
     2.300000000     0.409915211     3.115031852     0.030435330
     2.310000000     0.408970682     3.119442646     0.030879872
     2.320000000     0.408491028     3.124089674     0.031300949
     2.330000000     0.408492943     3.128947391     0.031698139
     2.340000000     0.408989175     3.133984359     0.032071088
     2.350000000     0.409988070     3.139163604     0.032419505
     2.360000000     0.411493145     3.144443519     0.032743143
     2.370000000     0.413502699     3.149779238     0.033041793
     2.380000000     0.416009484     3.155124332     0.033315274
     2.390000000     0.419000436     3.160432605     0.033563423
     2.400000000     0.422456474     3.165659722     0.033786088
     2.410000000     0.426352388     3.170764412     0.033983122
     2.420000000     0.430656799     3.175709070     0.034154380
     2.430000000     0.435332215     3.180459698     0.034299714
     2.440000000     0.440335189     3.184985279     0.034418973
     2.450000000     0.445616554     3.189256804     0.034512000
     2.460000000     0.451121771     3.193246229     0.034578637
     2.470000000     0.456791356     3.196925664     0.034618725
     2.480000000     0.462561411     3.200267004     0.034632106
     2.490000000     0.468364227     3.203242132     0.034618628
     2.500000000     0.474128977     3.205823729     0.034578145
     2.510000000     0.479782466     3.207986619     0.034510528
     2.520000000     0.485249959     3.209709548     0.034415662
     2.530000000     0.490456036     3.210977186     0.034293454
     2.540000000     0.495325504     3.211782127     0.034143837
     2.550000000     0.499784319     3.212126602     0.033966775
     2.560000000     0.503760519     3.212023678     0.033762266
     2.570000000     0.507185157     3.211497754     0.033530350
     2.580000000     0.509993207     3.210584337     0.033271111
     2.590000000     0.512124436     3.209329158     0.032984684
     2.600000000     0.513524232     3.207786784     0.032671261
     2.610000000     0.514144366     3.206018945     0.032331097
     2.620000000     0.513943674     3.204092777     0.031964518
     2.630000000     0.512888665     3.202079186     0.031571926
     2.640000000     0.510954027     3.200051517     0.031153810
     2.650000000     0.508123026     3.198084619     0.030710747
     2.660000000     0.504387811     3.196254293     0.030243418
     2.670000000     0.499749592     3.194636927     0.029752608
     2.680000000     0.494218713     3.193309073     0.029239216
     2.690000000     0.487814612     3.192346670     0.028704258
     2.700000000     0.480565667     3.191823764     0.028148874
     2.710000000     0.472508934     3.191810757     0.027574328
     2.720000000     0.463689790     3.192372402     0.026982011
     2.730000000     0.454161473     3.193565836     0.026373437
     2.740000000     0.443984543     3.195438984     0.025750242
     2.750000000     0.433226259     3.198029536     0.025114177
     2.760000000     0.421959889     3.201364641     0.024467103
     2.770000000     0.410263967     3.205461324     0.023810975
     2.780000000     0.398221489     3.210327563     0.023147837
     2.790000000     0.385919084     3.215963881     0.022479801
     2.800000000     0.373446140     3.222365255     0.021809038
     2.810000000     0.360893922     3.229523100     0.021137755
     2.820000000     0.348354667     3.237427076     0.020468184
     2.830000000     0.335920680     3.246066501     0.019802561
     2.840000000     0.323683429     3.255431193     0.019143106
     2.850000000     0.311732655     3.265511622     0.018492012
     2.860000000     0.300155493     3.276298375     0.017851425
     2.870000000     0.289035613     3.287781003     0.017223433
     2.880000000     0.278452405     3.299946477     0.016610048
     2.890000000     0.268480179     3.312777537     0.016013201
     2.900000000     0.259187425     3.326251272     0.015434731
     2.910000000     0.250636117     3.340338180     0.014876380
     2.920000000     0.242881066     3.355001879     0.014339788
     2.930000000     0.235969353     3.370199443     0.013826493
     2.940000000     0.229939822     3.385882262     0.013337928
     2.950000000     0.224822662     3.401997230     0.012875430
     2.960000000     0.220639074     3.418488076     0.012440237
     2.970000000     0.217401039     3.435296635     0.012033500
     2.980000000     0.215111193     3.452363966     0.011656285
     2.990000000     0.213762813     3.469631181     0.011309582
     3.000000000     0.213339925     3.487039949     0.010994313
     3.010000000     0.213817533     3.504532629     0.010711340
     3.020000000     0.215161986     3.522052042     0.010461471
     3.030000000     0.217331462     3.539540980     0.010245471
     3.040000000     0.220276587     3.556941587     0.010064064
     3.050000000     0.223941182     3.574194895     0.009917944
     3.060000000     0.228263117     3.591240786     0.009807774
     3.070000000     0.233175284     3.608018675     0.009734196
     3.080000000     0.238606664     3.624469091     0.009697831
     3.090000000     0.244483467     3.640536196     0.009699280
     3.100000000     0.250730348     3.656171058     0.009739129
     3.110000000     0.257271653     3.671335323     0.009817943
     3.120000000     0.264032696     3.686004803     0.009936274
     3.130000000     0.270941033     3.700172481     0.010094650
     3.140000000     0.277927703     3.713850492     0.010293580
     3.150000000     0.284928428     3.727070861     0.010533547
     3.160000000     0.291884739     3.739884892     0.010815006
     3.170000000     0.298744998     3.752361309     0.011138381
     3.180000000     0.305465321     3.764583347     0.011504059
     3.190000000     0.312010357     3.776645072     0.011912383
     3.200000000     0.318353922     3.788647318     0.012363654
     3.210000000     0.324479483     3.800693675     0.012858117
     3.220000000     0.330380473     3.812886913     0.013395961
     3.230000000     0.336060441     3.825326053     0.013977311
     3.240000000     0.341533041     3.838104111     0.014602224
     3.250000000     0.346821858     3.851306300     0.015270682
     3.260000000     0.351960090     3.865008455     0.015982586
     3.270000000     0.356990094     3.879275538     0.016737754
     3.280000000     0.361962811     3.894160220     0.017535916
     3.290000000     0.366937092     3.909701680     0.018376710
     3.300000000     0.371978945     3.925924772     0.019259680
     3.310000000     0.377160717     3.942839664     0.020184274
     3.320000000     0.382560251     3.960441998     0.021149847
     3.330000000     0.388260011     3.978713567     0.022155659
     3.340000000     0.394346221     3.997623540     0.023200879
     3.350000000     0.400908019     4.017130230     0.024284591
     3.360000000     0.408036651     4.037183377     0.025405795
     3.370000000     0.415824712     4.057726889     0.026563417
     3.380000000     0.424365441     4.078701842     0.027756317
     3.390000000     0.433752092     4.100049563     0.028983293
     3.400000000     0.444077352     4.121714530     0.030243094
     3.410000000     0.455432849     4.143646866     0.031534427
     3.420000000     0.467908702     4.165804180     0.032855967
     3.430000000     0.481593136     4.188152558     0.034206364
     3.440000000     0.496572146     4.210666562     0.035584252
     3.450000000     0.512929194     4.233328185     0.036988255
     3.460000000     0.530744925     4.256124837     0.038416993
     3.470000000     0.550096903     4.279046606     0.039869090
     3.480000000     0.571059335     4.302083127     0.041343170
     3.490000000     0.593702786     4.325220494     0.042837864
     3.500000000     0.618093857     4.348438586     0.044351810
     3.510000000     0.644294830     4.371709145     0.045883650
     3.520000000     0.672363252     4.394994769     0.047432032
     3.530000000     0.702351466     4.418248869     0.048995604
     3.540000000     0.734306078     4.441416462     0.050573015
     3.550000000     0.768267346     4.464435566     0.052162911
     3.560000000     0.804268505     4.487238839     0.053763935
     3.570000000     0.842335023     4.509755079     0.055374725
     3.580000000     0.882483792     4.531910193     0.056993919
     3.590000000     0.924722263     4.553627389     0.058620151
     3.600000000     0.969047537     4.574826518     0.060252062
     3.610000000     1.015445426     4.595422742     0.061888303
     3.620000000     1.063889500     4.615324977     0.063527548
     3.630000000     1.114340142     4.634434749     0.065168497
     3.640000000     1.166743633     4.652646173     0.066809896
     3.650000000     1.221031291     4.669847687     0.068450547
     3.660000000     1.277118692     4.685925780     0.070089323
     3.670000000     1.334905007     4.700770487     0.071725185
     3.680000000     1.394272474     4.714281747     0.073357192
     3.690000000     1.455086045     4.726375227     0.074984520
     3.700000000     1.517193232     4.736985946     0.076606473
     3.710000000     1.580424188     4.746068227     0.078222492
     3.720000000     1.644592028     4.753591197     0.079832161
     3.730000000     1.709493445     4.759530120     0.081435217
     3.740000000     1.774909605     4.763855013     0.083031545
     3.750000000     1.840607354     4.766518878     0.084621177
     3.760000000     1.906340735     4.767448202     0.086204285
     3.770000000     1.971852815     4.766538006     0.087781172
     3.780000000     2.036877810     4.763652854     0.089352254
     3.790000000     2.101143497     4.758634063     0.090918044
     3.800000000     2.164373871     4.751312379     0.092479133
     3.810000000     2.226292031     4.741524614     0.094036164
     3.820000000     2.286623243     4.729132398     0.095589812
     3.830000000     2.345098129     4.714041009     0.097140759
     3.840000000     2.401455925     4.696216282     0.098689668
     3.850000000     2.455447759     4.675697613     0.100237162
     3.860000000     2.506839870     4.652605335     0.101783802
     3.870000000     2.555416711     4.627141139     0.103330071
     3.880000000     2.600983873     4.599581077     0.104876357
     3.890000000     2.643370760     4.570261714     0.106422941
     3.900000000     2.682432963     4.539561132     0.107969994
     3.910000000     2.718054285     4.507877314     0.109517569
     3.920000000     2.750148356     4.475606786     0.111065606
     3.930000000     2.778659828     4.443126195     0.112613935
     3.940000000     2.803565100     4.410778848     0.114162283
     3.950000000     2.824872585     4.378867329     0.115710290
     3.960000000     2.842622494     4.347652360     0.117257518
     3.970000000     2.856886163     4.317357106     0.118803471
     3.980000000     2.867764941     4.288175335     0.120347608
     3.990000000     2.875388666     4.260281273     0.121889364
     4.000000000     2.879913773     4.233838736     0.123428161
     4.010000000     2.881521085     4.209007307     0.124963426
     4.020000000     2.880413341     4.185943954     0.126494605
     4.030000000     2.876812516     4.164799496     0.128021169
     4.040000000     2.870956999     4.145710540     0.129542626
     4.050000000     2.863098691     4.128788593     0.131058524
     4.060000000     2.853500079     4.114108803     0.132568448
     4.070000000     2.842431347     4.101700963     0.134072024
     4.080000000     2.830167567     4.091544941     0.135568910
     4.090000000     2.816986025     4.083571753     0.137058792
     4.100000000     2.803163713     4.077670280     0.138541368
     4.110000000     2.788975007     4.073698498     0.140016342
     4.120000000     2.774689571     4.071497331     0.141483412
     4.130000000     2.760570475     4.070905017     0.142942256
     4.140000000     2.746872545     4.071770043     0.144392521
     4.150000000     2.733840931     4.073961195     0.145833813
     4.160000000     2.721709890     4.077373809     0.147265690
     4.170000000     2.710701754     4.081931880     0.148687656
     4.180000000     2.701026083     4.087586307     0.150099158
     4.190000000     2.692878954     4.094310092     0.151499588
     4.200000000     2.686442386     4.102091745     0.152888286
     4.210000000     2.681883867     4.110928253     0.154264549
     4.220000000     2.679355970     4.120818754     0.155627641
     4.230000000     2.678996027     4.131759498     0.156976809
     4.240000000     2.680925880     4.143740155     0.158311295
     4.250000000     2.685251661     4.156741102     0.159630357
     4.260000000     2.692063648     4.170731160     0.160933288
     4.270000000     2.701436163     4.185665364     0.162219434
     4.280000000     2.713427552     4.201482602     0.163488212
     4.290000000     2.728080242     4.218103260     0.164739130
     4.300000000     2.745420919     4.235427236     0.165971798
     4.310000000     2.765460827     4.253332774     0.167185943
     4.320000000     2.788196240     4.271676485     0.168381416
     4.330000000     2.813609099     4.290294644     0.169558199
     4.340000000     2.841667877     4.309005631     0.170716404
     4.350000000     2.872328665     4.327613248     0.171856270
     4.360000000     2.905536498     4.345910731     0.172978158
     4.370000000     2.941226953     4.363685541     0.174082540
     4.380000000     2.979327991     4.380725247     0.175169984
     4.390000000     3.019762065     4.396824874     0.176241140
     4.400000000     3.062448457     4.411795800     0.177296725
     4.410000000     3.107305842     4.425475812     0.178337502
     4.420000000     3.154255019     4.437739286     0.179364268
     4.430000000     3.203221795     4.448505937     0.180377833
     4.440000000     3.254139938     4.457746395     0.181379010
     4.450000000     3.306954169     4.465483054     0.182368603
     4.460000000     3.361623098     4.471785386     0.183347399
     4.470000000     3.418122050     4.476759963     0.184316164
     4.480000000     3.476445694     4.480536676     0.185275643
     4.490000000     3.536610396     4.483253575     0.186226557
     4.500000000     3.598656221     4.485043094     0.187169617
     4.510000000     3.662648502     4.486022038     0.188105521
     4.520000000     3.728678898     4.486286580     0.189034970
     4.530000000     3.796865893     4.485912228     0.189958668
     4.540000000     3.867354650     4.484957584     0.190877335
     4.550000000     3.940316195     4.483470192     0.191791710
     4.560000000     4.015945883     4.481492807     0.192702546
     4.570000000     4.094461131     4.479068882     0.193610615
     4.580000000     4.176098406     4.476246505     0.194516692
     4.590000000     4.261109487     4.473080341     0.195421540
     4.600000000     4.349757013     4.469631208     0.196325894
     4.610000000     4.442309384     4.465962954     0.197230427
     4.620000000     4.539035058     4.462136476     0.198135719
     4.630000000     4.640196325     4.458200979     0.199042219
     4.640000000     4.746042662     4.454183000     0.199950202
     4.650000000     4.856803769     4.450073920     0.200859726
     4.660000000     4.972682393     4.445816778     0.201770585
     4.670000000     5.093847094     4.441293086     0.202682265
     4.680000000     5.220425066     4.436310317     0.203593909
     4.690000000     5.352495154     4.430590873     0.204504273
     4.700000000     5.490081220     4.423763846     0.205411710
     4.710000000     5.633145978     4.415361267     0.206314142
     4.720000000     5.781585445     4.404820679     0.207209058
     4.730000000     5.935224118     4.391495257     0.208093517
     4.740000000     6.093811010     4.374671592     0.208964164
     4.750000000     6.257016626     4.353593815     0.209817259
     4.760000000     6.424430989     4.327491696     0.210648717
     4.770000000     6.595562771     4.295609916     0.211454162
     4.780000000     6.769839597     4.257236032     0.212228987
     4.790000000     6.946609555     4.211725317     0.212968424
     4.800000000     7.125143934     4.158521344     0.213667622
     4.810000000     7.304641205     4.097171591     0.214321724
     4.820000000     7.484232210     4.027337551     0.214925950
     4.830000000     7.662986558     3.948799017     0.215475672
     4.840000000     7.839920148     3.861452572     0.215966495
     4.850000000     8.014003791     3.765304837     0.216394317
     4.860000000     8.184172827     3.660461472     0.216755397
     4.870000000     8.349337644     3.547113037     0.217046400
     4.880000000     8.508395009     3.425518697     0.217264437
     4.890000000     8.660240056     3.295988401     0.217407091
     4.900000000     8.803778817     3.158864087     0.217472432
     4.910000000     8.937941121     3.014500769     0.217459020
     4.920000000     9.061693701     2.863249037     0.217365891
     4.930000000     9.174053321     2.705441441     0.217192547
     4.940000000     9.274099729     2.541385859     0.216938922
     4.950000000     9.360988237     2.371368895     0.216605351
     4.960000000     9.433961702     2.195671317     0.216192534
     4.970000000     9.492361698     2.014595438     0.215701495
     4.980000000     9.535638673     1.828501885     0.215133541
     4.990000000     9.563360854     1.637850959     0.214490228
     5.000000000     9.575221727     1.443242575     0.213773322
     5.010000000     9.571045875     1.245448815     0.212984775
     5.020000000     9.550793037     1.045434104     0.212126699
     5.030000000     9.514560233     0.844359583     0.211201351
     5.040000000     9.462581849     0.643569963     0.210211126
     5.050000000     9.395227634     0.444562812     0.209158553
     5.060000000     9.312998564     0.248941949     0.208046298
     5.070000000     9.216520614     0.058358213     0.206877179
     5.080000000     9.106536493    -0.125557832     0.205654178
     5.090000000     8.983895482    -0.301265896     0.204380455
     5.100000000     8.849541522    -0.467383209     0.203059375
     5.110000000     8.704499785    -0.622743979     0.201694519
     5.120000000     8.549861965    -0.766446908     0.200289706
     5.130000000     8.386770587    -0.897887708     0.198849006
     5.140000000     8.216402650    -1.016774743     0.197376751
     5.150000000     8.039952937    -1.123127089     0.195877540
     5.160000000     7.858617335    -1.217255471     0.194356242
     5.170000000     7.673576510    -1.299727733     0.192817981
     5.180000000     7.485980282    -1.371321788     0.191268134
     5.190000000     7.296932997    -1.432970230     0.189712303
     5.200000000     7.107480201    -1.485701687     0.188156293
     5.210000000     6.918596853    -1.530584156     0.186606083
     5.220000000     6.731177297    -1.568674882     0.185067788
     5.230000000     6.546027144    -1.600980004     0.183547620
     5.240000000     6.363857164    -1.628425646     0.182051847
     5.250000000     6.185279268    -1.651840651     0.180586747
     5.260000000     6.010804543    -1.671950060     0.179158562
     5.270000000     5.840843325    -1.689377495     0.177773454
     5.280000000     5.675707182    -1.704653952     0.176437455
     5.290000000     5.515612678    -1.718230041     0.175156421
     5.300000000     5.360686732    -1.730488698     0.173935993
     5.310000000     5.210973360    -1.741755901     0.172781544
     5.320000000     5.066441567    -1.752307839     0.171698149
     5.330000000     4.926994135    -1.762374132     0.170690534
     5.340000000     4.792477053    -1.772137657     0.169763050
     5.350000000     4.662689332    -1.781732171     0.168919628
     5.360000000     4.537392946    -1.791238988     0.168163754
     5.370000000     4.416322678    -1.800683766     0.167498440
     5.380000000     4.299195643    -1.810034105     0.166926194
     5.390000000     4.185720294    -1.819198475     0.166449000
     5.400000000     4.075604757    -1.828027244     0.166068303
     5.410000000     3.968564348    -1.836316969     0.165784993
     5.420000000     3.864328166    -1.843819511     0.165599399
     5.430000000     3.762644704    -1.850257158     0.165511287
     5.440000000     3.663286414    -1.855343738     0.165519866
     5.450000000     3.566053226    -1.858809631     0.165623800
     5.460000000     3.470775027    -1.860426646     0.165821223
     5.470000000     3.377313144    -1.860027695     0.166109775
     5.480000000     3.285560868    -1.857516865     0.166486626
     5.490000000     3.195443126    -1.852867674     0.166948528
     5.500000000     3.106915357    -1.846110324     0.167491857
     5.510000000     3.019961712    -1.837311481     0.168112673
     5.520000000     2.934592668    -1.826551730     0.168806779
     5.530000000     2.850842179    -1.813905953     0.169569789
     5.540000000     2.768764463    -1.799430554     0.170397197
     5.550000000     2.688430536    -1.783159357     0.171284450
     5.560000000     2.609924591    -1.765107716     0.172227016
     5.570000000     2.533340333    -1.745282541     0.173220462
     5.580000000     2.458777338    -1.723694997     0.174260518
     5.590000000     2.386337535    -1.700372655     0.175343143
     5.600000000     2.316121872    -1.675368687     0.176464587
     5.610000000     2.248227227    -1.648766896     0.177621444
     5.620000000     2.182743618    -1.620682490     0.178810696
     5.630000000     2.119751748    -1.591259318     0.180029754
     5.640000000     2.059320921    -1.560664608     0.181276488
     5.650000000     2.001507335    -1.529082192     0.182549245
     5.660000000     1.946352788    -1.496705040     0.183846866
     5.670000000     1.893883762    -1.463727677     0.185168683
     5.680000000     1.844110922    -1.430339013     0.186514519
     5.690000000     1.797028982    -1.396716097     0.187884677
     5.700000000     1.752616928    -1.363019351     0.189279915
     5.710000000     1.710838590    -1.329389730     0.190701426
     5.720000000     1.671643498    -1.295948011     0.192150807
     5.730000000     1.634968020    -1.262796041     0.193630021
     5.740000000     1.600736717    -1.230019381     0.195141358
     5.750000000     1.568863895    -1.197690533     0.196687397
     5.760000000     1.539255288    -1.165871888     0.198270959
     5.770000000     1.511809853    -1.134617753     0.199895060
     5.780000000     1.486421608    -1.103975124     0.201562863
     5.790000000     1.462981481    -1.073983236     0.203277630
     5.800000000     1.441379134    -1.044672207     0.205042670
     5.810000000     1.421504705    -1.016061204     0.206861289
     5.820000000     1.403250444    -0.988156564     0.208736736
     5.830000000     1.386512205    -0.960950251     0.210672151
     5.840000000     1.371190763    -0.934418867     0.212670508
     5.850000000     1.357192940    -0.908523398     0.214734568
     5.860000000     1.344432509    -0.883209833     0.216866817
     5.870000000     1.332830870    -0.858410767     0.219069417
     5.880000000     1.322317498    -0.834048082     0.221344152
     5.890000000     1.312830148    -0.810036696     0.223692377
     5.900000000     1.304314826    -0.786289210     0.226114969
     5.910000000     1.296725547    -0.762721142     0.228612283
     5.920000000     1.290023879    -0.739256309     0.231184110
     5.930000000     1.284178306    -0.715831916     0.233829641
     5.940000000     1.279163431    -0.692402883     0.236547444
     5.950000000     1.274959042    -0.668945061     0.239335433
     5.960000000     1.271549079    -0.645457015     0.242190864
     5.970000000     1.268920532    -0.621960151     0.245110328
     5.980000000     1.267062303    -0.598497099     0.248089759
     5.990000000     1.265964059    -0.575128392     0.251124449
     6.000000000     1.265615128    -0.551927707     0.254209076
     6.010000000     1.266003445    -0.528976107     0.257337746
     6.020000000     1.267114593    -0.506355938     0.260504035
     6.030000000     1.268930961    -0.484145087     0.263701051
     6.040000000     1.271431039    -0.462412329     0.266921499
     6.050000000     1.274588871    -0.441214323     0.270157756
     6.060000000     1.278373677    -0.420594611     0.273401950
     6.070000000     1.282749657    -0.400584587     0.276646048
     6.080000000     1.287675973    -0.381206151     0.279881939
     6.090000000     1.293106924    -0.362475417     0.283101532
     6.100000000     1.298992295    -0.344406706     0.286296841
     6.110000000     1.305277867    -0.327015990     0.289460076
     6.120000000     1.311906101    -0.310323106     0.292583727
     6.130000000     1.318816937    -0.294352286     0.295660649
     6.140000000     1.325948730    -0.279130911     0.298684137
     6.150000000     1.333239268    -0.264686739     0.301647991
     6.160000000     1.340626862    -0.251044101     0.304546582
     6.170000000     1.348051478    -0.238219713     0.307374907
     6.180000000     1.355455878    -0.226218722     0.310128625
     6.190000000     1.362786750    -0.215031471     0.312804101
     6.200000000     1.369995798    -0.204631315     0.315398430
     6.210000000     1.377040750    -0.194973653     0.317909449
     6.220000000     1.383886284    -0.185996258     0.320335751
     6.230000000     1.390504833    -0.177620891     0.322676683
     6.240000000     1.396877246    -0.169756159     0.324932334
     6.250000000     1.402993301    -0.162301468     0.327103519
     6.260000000     1.408852043    -0.155151816     0.329191757
     6.270000000     1.414461948    -0.148203025     0.331199235
     6.280000000     1.419840901    -0.141356901     0.333128770
     6.290000000     1.425015980    -0.134525726     0.334983767
     6.300000000     1.430023067    -0.127635531     0.336768164
     6.310000000     1.434906268    -0.120627746     0.338486380
     6.320000000     1.439717170    -0.113459075     0.340143249
     6.330000000     1.444513940    -0.106099816     0.341743958
     6.340000000     1.449360279    -0.098531153     0.343293975
     6.350000000     1.454324266    -0.090742195     0.344798975
     6.360000000     1.459477086    -0.082727570     0.346264767
     6.370000000     1.464891696    -0.074486226     0.347697210
     6.380000000     1.470641430    -0.066021731     0.349102137
     6.390000000     1.476798579    -0.057343943     0.350485268
     6.400000000     1.483432976    -0.048471586     0.351852138
     6.410000000     1.490610593    -0.039434974     0.353208007
     6.420000000     1.498392208    -0.030278123     0.354557790
     6.430000000     1.506832126    -0.021059581     0.355905979
     6.440000000     1.515977015    -0.011851570     0.357256577
     6.450000000     1.525864847    -0.002737372     0.358613030
     6.460000000     1.536523991     0.006192742     0.359978180
     6.470000000     1.547972449     0.014846428     0.361354208
     6.480000000     1.560217265     0.023134211     0.362742605
     6.490000000     1.573254118     0.030973619     0.364144144
     6.500000000     1.587067098     0.038291812     0.365558863
     6.510000000     1.601628676     0.045026384     0.366986066
     6.520000000     1.616899866     0.051124355     0.368424334
     6.530000000     1.632830592     0.056539762     0.369871544
     6.540000000     1.649360218     0.061230459     0.371324910
     6.550000000     1.666418283     0.065154804     0.372781029
     6.560000000     1.683925377     0.068268804     0.374235940
     6.570000000     1.701794181     0.070524173     0.375685188
     6.580000000     1.719930631     0.071867611     0.377123907
     6.590000000     1.738235192     0.072241545     0.378546897
     6.600000000     1.756604213     0.071586427     0.379948709
     6.610000000     1.774931343     0.069844582     0.381323737
     6.620000000     1.793108970     0.066965343     0.382666299
     6.630000000     1.811029671     0.062910949     0.383970725
     6.640000000     1.828587618     0.057662435     0.385231430
     6.650000000     1.845679944     0.051224616     0.386442985
     6.660000000     1.862208015     0.043629333     0.387600179
     6.670000000     1.878078594     0.034936428     0.388698064
     6.680000000     1.893204877     0.025232296     0.389731991
     6.690000000     1.907507380     0.014626357     0.390697637
     6.700000000     1.920914661     0.003246060     0.391591011
     6.710000000     1.933363865    -0.008768845     0.392408449
     6.720000000     1.944801103    -0.021272184     0.393146604
     6.730000000     1.955181639    -0.034117084     0.393802413
     6.740000000     1.964469916    -0.047161503     0.394373069
     6.750000000     1.972639413    -0.060273630     0.394855973
     6.760000000     1.979672367    -0.073337105     0.395248693
     6.770000000     1.985559361    -0.086255762     0.395548914
     6.780000000     1.990298807    -0.098957329     0.395754393
     6.790000000     1.993896365    -0.111395439     0.395862920
     6.800000000     1.996364300    -0.123549448     0.395872279
     6.810000000     1.997720823    -0.135421946     0.395780225
     6.820000000     1.997989438    -0.147034280     0.395584467
     6.830000000     1.997198319    -0.158420807     0.395282667
     6.840000000     1.995379747    -0.169622755     0.394872446
     6.850000000     1.992569617    -0.180682500     0.394351412
     6.860000000     1.988807044    -0.191638811     0.393717187
     6.870000000     1.984134061    -0.202523295     0.392967463
     6.880000000     1.978595430    -0.213357995     0.392100048
     6.890000000     1.972238563    -0.224154018     0.391112939
     6.900000000     1.965113532    -0.234911074     0.390004383
     6.910000000     1.957273180    -0.245617891     0.388772950
     6.920000000     1.948773294    -0.256253514     0.387417605
     6.930000000     1.939672829    -0.266789414     0.385937770
     6.940000000     1.930034160    -0.277192160     0.384333382
     6.950000000     1.919923321    -0.287426203     0.382604945
     6.960000000     1.909410219    -0.297456187     0.380753562
     6.970000000     1.898568774    -0.307248232     0.378780961
     6.980000000     1.887476970    -0.316769853     0.376689500
     6.990000000     1.876216778    -0.325988537     0.374482156
     7.000000000     1.864873933    -0.334869380     0.372162503
     7.010000000     1.853537545    -0.343372557     0.369734669
     7.020000000     1.842299520    -0.351451447     0.367203281
     7.030000000     1.831253796    -0.359052204     0.364573395
     7.040000000     1.820495381    -0.366115173     0.361850420
     7.050000000     1.810119202    -0.372578182     0.359040029
     7.060000000     1.800218778    -0.378381304     0.356148068
     7.070000000     1.790884740    -0.383472420     0.353180459
     7.080000000     1.782203215    -0.387812820     0.350143110
     7.090000000     1.774254128    -0.391382162     0.347041823
     7.100000000     1.767109432    -0.394182322     0.343882208
     7.110000000     1.760831344    -0.396239920     0.340669609
     7.120000000     1.755470603    -0.397607561     0.337409039
     7.130000000     1.751064823    -0.398363981     0.334105119
     7.140000000     1.747636972    -0.398613318     0.330762045
     7.150000000     1.745194047    -0.398483719     0.327383551
     7.160000000     1.743725963    -0.398125318     0.323972893
     7.170000000     1.743204725    -0.397707506     0.320532849
     7.180000000     1.743583897    -0.397415324     0.317065717
     7.190000000     1.744798412    -0.397444770     0.313573339
     7.200000000     1.746764734    -0.397996971     0.310057121
     7.210000000     1.749381386    -0.399271346     0.306518067
     7.220000000     1.752529849    -0.401458135     0.302956815
     7.230000000     1.756075825    -0.404730903     0.299373681
     7.240000000     1.759870842    -0.409239746     0.295768697
     7.250000000     1.763754185    -0.415105865     0.292141663
     7.260000000     1.767555109    -0.422418006     0.288492187
     7.270000000     1.771095302    -0.431230898     0.284819732
     7.280000000     1.774191549    -0.441565468     0.281123656
     7.290000000     1.776658540    -0.453410325     0.277403253
     7.300000000     1.778311777    -0.466723845     0.273657791
     7.310000000     1.778970519    -0.481436246     0.269886547
     7.320000000     1.778460705    -0.497451225     0.266088839
     7.330000000     1.776617810    -0.514646976     0.262264053
     7.340000000     1.773289574    -0.532876722     0.258411675
     7.350000000     1.768338569    -0.551969177     0.254531306
     7.360000000     1.761644537    -0.571729617     0.250622689
     7.370000000     1.753106495    -0.591942368     0.246685724
     7.380000000     1.742644553    -0.612375515     0.242720481
     7.390000000     1.730201423    -0.632788217     0.238727210
     7.400000000     1.715743618    -0.652940468     0.234706346
     7.410000000     1.699262308    -0.672604326     0.230658517
     7.420000000     1.680773839    -0.691575069     0.226584534
     7.430000000     1.660319912    -0.709680467     0.222485390
     7.440000000     1.637967422    -0.726786596     0.218362246
     7.450000000     1.613807965    -0.742799193     0.214216417
     7.460000000     1.587957015    -0.757660361     0.210049354
     7.470000000     1.560552796    -0.771341174     0.205862618
     7.480000000     1.531754837    -0.783831377     0.201657858
     7.490000000     1.501742253    -0.795127809     0.197436784
     7.500000000     1.470711733    -0.805223419     0.193201137
     7.510000000     1.438875277    -0.814098654     0.188952663
     7.520000000     1.406457681    -0.821716651     0.184693093
     7.530000000     1.373693796    -0.828022935     0.180424116
     7.540000000     1.340825580    -0.832949438     0.176147364
     7.550000000     1.308098964    -0.836421793     0.171864403
     7.560000000     1.275760566    -0.838368252     0.167576728
     7.570000000     1.244054283    -0.838728477     0.163285770
     7.580000000     1.213217798    -0.837460721     0.158992901
     7.590000000     1.183479048    -0.834546608     0.154699460
     7.600000000     1.155052713    -0.829993377     0.150406780
     7.610000000     1.128136762    -0.823834103     0.146116219
     7.620000000     1.102909145    -0.816126689     0.141829201
     7.630000000     1.079524669    -0.806952471     0.137547264
     7.640000000     1.058112157    -0.796415109     0.133272101
     7.650000000     1.038771932    -0.784640117     0.129005613
     7.660000000     1.021573718    -0.771775135     0.124749949
     7.670000000     1.006555004    -0.757990800     0.120507556
     7.680000000     0.993719949    -0.743482002     0.116281207
     7.690000000     0.983038861    -0.728469255     0.112074035
     7.700000000     0.974448297    -0.713199958     0.107889552
     7.710000000     0.967851805    -0.697949333     0.103731658
     7.720000000     0.963121322    -0.683020774     0.099604636
     7.730000000     0.960099207    -0.668745248     0.095513140
     7.740000000     0.958600895    -0.655479172     0.091462167
     7.750000000     0.958418110    -0.643599981     0.087457018
     7.760000000     0.959322592    -0.633498356     0.083503248
     7.770000000     0.961070238    -0.625565997     0.079606609
     7.780000000     0.963405576    -0.620177862     0.075772979
     7.790000000     0.966066456    -0.617668279     0.072008288
     7.800000000     0.968788850    -0.618301182     0.068318445
     7.810000000     0.971311640    -0.622236199     0.064709251
     7.820000000     0.973381266    -0.629494215     0.061186323
     7.830000000     0.974756141    -0.639928002     0.057755016
     7.840000000     0.975210696    -0.653204930     0.054420350
     7.850000000     0.974538986    -0.668808641     0.051186940
     7.860000000     0.972557768    -0.686064387     0.048058943
     7.870000000     0.969108986    -0.704188266     0.045040000
     7.880000000     0.964061625    -0.722355057     0.042133203
     7.890000000     0.957312918    -0.739774388     0.039341063
     7.900000000     0.948788903    -0.755762553     0.036665489
     7.910000000     0.938444347    -0.769798382     0.034107784
     7.920000000     0.926262084    -0.781555645     0.031668643
     7.930000000     0.912251826    -0.790910006     0.029348169
     7.940000000     0.896448499    -0.797923425     0.027145890
     7.950000000     0.878910204    -0.802811995     0.025060790
     7.960000000     0.859715881    -0.805903984     0.023091342
     7.970000000     0.838962753    -0.807594014     0.021235546
     7.980000000     0.816763653    -0.808297688     0.019490978
     7.990000000     0.793244305    -0.808409486     0.017854829
     8.000000000     0.768540638    -0.808265919     0.016323959
     8.010000000     0.742796191    -0.808115791     0.014894941
     8.020000000     0.716159672    -0.808099739     0.013564110
     8.030000000     0.688782702    -0.808241423     0.012327611
     8.040000000     0.660817778    -0.808452190     0.011181440
     8.050000000     0.632416462    -0.808549497     0.010121486
     8.060000000     0.603727817    -0.808286909     0.009143572
     8.070000000     0.574897067    -0.807390999     0.008243488
     8.080000000     0.546064473    -0.805598804     0.007417024
     8.090000000     0.517364418    -0.802689567     0.006660000
     8.100000000     0.488924653    -0.798506226     0.005968286
     8.110000000     0.460865705    -0.792964868     0.005337832
     8.120000000     0.433300405    -0.786053141     0.004764679
     8.130000000     0.406333515    -0.777820487     0.004244981
     8.140000000     0.380061437    -0.768363811     0.003775015
     8.150000000     0.354571985    -0.757811863     0.003351193
     8.160000000     0.329944207    -0.746310775     0.002970072
     8.170000000     0.306248242    -0.734012102     0.002628356
     8.180000000     0.283545219    -0.721063900     0.002322906
     8.190000000     0.261887186    -0.707604709     0.002050740
     8.200000000     0.241317077    -0.693760022     0.001809037
     8.210000000     0.221868720    -0.679640666     0.001595133
     8.220000000     0.203566888    -0.665342548     0.001406526
     8.230000000     0.186427408    -0.650947303     0.001240866
     8.240000000     0.170457321    -0.636523473     0.001095960
     8.250000000     0.155655110    -0.622127954     0.000969762
     8.260000000     0.142010996    -0.607807533     0.000860374
     8.270000000     0.129507296    -0.593600405     0.000766035
     8.280000000     0.118118854    -0.579537594     0.000685118
     8.290000000     0.107813538    -0.565644264     0.000616124
     8.300000000     0.098552797    -0.551940893     0.000557675
     8.310000000     0.090292269    -0.538444323     0.000508510
     8.320000000     0.082982441    -0.525168697     0.000467472
     8.330000000     0.076569348    -0.512126285     0.000433508
     8.340000000     0.070995296    -0.499328219     0.000405659
     8.350000000     0.066199604    -0.486785151     0.000383054
     8.360000000     0.062119361    -0.474507808     0.000364905
     8.370000000     0.058690169    -0.462507475     0.000350499
     8.380000000     0.055846887    -0.450796353     0.000339194
     8.390000000     0.053524345    -0.439387782     0.000330415
     8.400000000     0.051658036    -0.428296269     0.000323647
     8.410000000     0.050184767    -0.417537267     0.000318432
     8.420000000     0.049043269    -0.407126633     0.000314363
     8.430000000     0.048174759    -0.397079692     0.000311085
     8.440000000     0.047523449    -0.387409871     0.000308285
     8.450000000     0.047036994    -0.378126891     0.000305696
     8.460000000     0.046666880    -0.369234619     0.000303089
     8.470000000     0.046368749    -0.360728773     0.000300272
     8.480000000     0.046102655    -0.352594813     0.000297088
     8.490000000     0.045833254    -0.344806467     0.000293413
     8.500000000     0.045529926    -0.337325350     0.000289152
     8.510000000     0.045166825    -0.330102060     0.000284240
     8.520000000     0.044722869    -0.323078866     0.000278635
     8.530000000     0.044181660    -0.316193761     0.000272321
     8.540000000     0.043531347    -0.309385288     0.000265299
     8.550000000     0.042764428    -0.302597316     0.000257594
     8.560000000     0.041877505    -0.295782952     0.000249243
     8.570000000     0.040870991    -0.288907018     0.000240299
     8.580000000     0.039748779    -0.281946875     0.000230827
     8.590000000     0.038517881    -0.274891763     0.000220901
     8.600000000     0.037188047    -0.267741065     0.000210602
     8.610000000     0.035771365    -0.260502002     0.000200016
     8.620000000     0.034281858    -0.253187206     0.000189231
     8.630000000     0.032735090    -0.245812506     0.000178338
     8.640000000     0.031147772    -0.238395108     0.000167424
     8.650000000     0.029537396    -0.230952222     0.000156577
     8.660000000     0.027921885    -0.223500130     0.000145878
     8.670000000     0.026319283    -0.216053618     0.000135406
     8.680000000     0.024747465    -0.208625686     0.000125230
     8.690000000     0.023223895    -0.201227464     0.000115417
     8.700000000     0.021765416    -0.193868264     0.000106022
     8.710000000     0.020388072    -0.186555712     0.000097096
     8.720000000     0.019106976    -0.179295924     0.000088680
     8.730000000     0.017936199    -0.172093694     0.000080810
     8.740000000     0.016888697    -0.164952696     0.000073511
     8.750000000     0.015976252    -0.157875657     0.000066804
     8.760000000     0.015209443    -0.150864536     0.000060702
     8.770000000     0.014597619    -0.143920673     0.000055212
     8.780000000     0.014148887    -0.137044925     0.000050336
     8.790000000     0.013870101    -0.130237796     0.000046071
     8.800000000     0.013766844    -0.123499545     0.000042410
     8.810000000     0.013843411    -0.116830293     0.000039341
     8.820000000     0.014102776    -0.110230118     0.000036850
     8.830000000     0.014546553    -0.103699157     0.000034922
     8.840000000     0.015174942    -0.097237697     0.000033537
     8.850000000     0.015986664    -0.090846280     0.000032675
     8.860000000     0.016978888    -0.084525808     0.000032314
     8.870000000     0.018147155    -0.078277664     0.000032433
     8.880000000     0.019485293    -0.072103846     0.000033006
     8.890000000     0.020985350    -0.066007114     0.000034010
     8.900000000     0.022637516    -0.059991165     0.000035420
     8.910000000     0.024430089    -0.054060829     0.000037210
     8.920000000     0.026349436    -0.048222283     0.000039353
     8.930000000     0.028380008    -0.042483300     0.000041822
     8.940000000     0.030504374    -0.036853507     0.000044590
     8.950000000     0.032703309    -0.031344660     0.000047628
     8.960000000     0.034955911    -0.025970904     0.000050907
     8.970000000     0.037239783    -0.020749005     0.000054396
     8.980000000     0.039531250    -0.015698487     0.000058066
     8.990000000     0.041805628    -0.010841639     0.000061884
     9.000000000     0.044037538    -0.006203277     0.000065819
     9.010000000     0.046201255    -0.001810189     0.000069839
     9.020000000     0.048271093     0.002309895     0.000073910
     9.030000000     0.050221816     0.006129876     0.000077999
     9.040000000     0.052029060     0.009625524     0.000082074
     9.050000000     0.053669758     0.012778328     0.000086102
     9.060000000     0.055122564     0.015578841     0.000090052
     9.070000000     0.056368250     0.018030132     0.000093891
     9.080000000     0.057390079     0.020150829     0.000097589
     9.090000000     0.058174128     0.021977000     0.000101117
     9.100000000     0.058709565     0.023562205     0.000104447
     9.110000000     0.058988866     0.024975218     0.000107553
     9.120000000     0.059007955     0.026295402     0.000110411
     9.130000000     0.058766283     0.027606301     0.000112998
     9.140000000     0.058266823     0.028988485     0.000115294
     9.150000000     0.057515993     0.030512915     0.000117283
     9.160000000     0.056523506     0.032235956     0.000118947
     9.170000000     0.055302146     0.034196663     0.000120275
     9.180000000     0.053867489     0.036416446     0.000121256
     9.190000000     0.052237561     0.038900679     0.000121883
     9.200000000     0.050432457     0.041641588     0.000122151
     9.210000000     0.048473925     0.044621679     0.000122057
     9.220000000     0.046384927     0.047817131     0.000121603
     9.230000000     0.044189193     0.051200757     0.000120792
     9.240000000     0.041910769     0.054744345     0.000119628
     9.250000000     0.039573596     0.058420355     0.000118122
     9.260000000     0.037201088     0.062203031     0.000116284
     9.270000000     0.034815769     0.066069036     0.000114128
     9.280000000     0.032438931     0.069997736     0.000111670
     9.290000000     0.030090352     0.073971236     0.000108927
     9.300000000     0.027788057     0.077974255     0.000105921
     9.310000000     0.025548140     0.081993913     0.000102674
     9.320000000     0.023384634     0.086019478     0.000099209
     9.330000000     0.021309443     0.090042093     0.000095552
     9.340000000     0.019332314     0.094054517     0.000091729
     9.350000000     0.017460869     0.098050886     0.000087768
     9.360000000     0.015700670     0.102026494     0.000083697
     9.370000000     0.014055322     0.105977606     0.000079544
     9.380000000     0.012526618     0.109901296     0.000075337
     9.390000000     0.011114687     0.113795302     0.000071104
     9.400000000     0.009818183     0.117657914     0.000066873
     9.410000000     0.008634466     0.121487873     0.000062669
     9.420000000     0.007559802     0.125284288     0.000058518
     9.430000000     0.006589553     0.129046567     0.000054442
     9.440000000     0.005718369     0.132774362     0.000050463
     9.450000000     0.004940367     0.136467522     0.000046601
     9.460000000     0.004249296     0.140126054     0.000042871
     9.470000000     0.003638696     0.143750087     0.000039291
     9.480000000     0.003102026     0.147339855     0.000035870
     9.490000000     0.002632790     0.150895667     0.000032621
     9.500000000     0.002224633     0.154417894     0.000029550
     9.510000000     0.001871422     0.157906953     0.000026662
     9.520000000     0.001567315     0.161363295     0.000023962
     9.530000000     0.001306811     0.164787400     0.000021448
     9.540000000     0.001084778     0.168179760     0.000019121
     9.550000000     0.000896480     0.171540884     0.000016977
     9.560000000     0.000737586     0.174871283     0.000015012
     9.570000000     0.000604166     0.178171472     0.000013220
     9.580000000     0.000492689     0.181441966     0.000011594
     9.590000000     0.000400002     0.184683275     0.000010126
     9.600000000     0.000323314     0.187895904     0.000008807
     9.610000000     0.000260171     0.191080350     0.000007628
     9.620000000     0.000208433     0.194237105     0.000006579
     9.630000000     0.000166245     0.197366648     0.000005650
     9.640000000     0.000132009     0.200469449     0.000004832
     9.650000000     0.000104360     0.203545969     0.000004115
     9.660000000     0.000082137     0.206596659     0.000003489
     9.670000000     0.000064360     0.209621956     0.000002946
     9.680000000     0.000050208     0.212622289     0.000002476
     9.690000000     0.000038995     0.215598076     0.000002073
     9.700000000     0.000030152     0.218549724     0.000001728
     9.710000000     0.000023211     0.221477628     0.000001434
     9.720000000     0.000017789     0.224382175     0.000001185
     9.730000000     0.000013574     0.227263740     0.000000975
     9.740000000     0.000010311     0.230122689     0.000000799
     9.750000000     0.000007798     0.232959378     0.000000651
     9.760000000     0.000005872     0.235774154     0.000000529
     9.770000000     0.000004402     0.238567355     0.000000428
     9.780000000     0.000003285     0.241339309     0.000000344
     9.790000000     0.000002441     0.244090337     0.000000276
     9.800000000     0.000001806     0.246820750     0.000000220
     9.810000000     0.000001330     0.249530853     0.000000175
     9.820000000     0.000000975     0.252220941     0.000000138
     9.830000000     0.000000712     0.254891303     0.000000109
     9.840000000     0.000000518     0.257542220     0.000000085
     9.850000000     0.000000375     0.260173967     0.000000067
     9.860000000     0.000000270     0.262786812     0.000000052
     9.870000000     0.000000194     0.265381014     0.000000040
     9.880000000     0.000000138     0.267956830     0.000000031
     9.890000000     0.000000098     0.270514507     0.000000024
     9.900000000     0.000000070     0.273054289     0.000000018
     9.910000000     0.000000049     0.275576412     0.000000014
     9.920000000     0.000000034     0.278081107     0.000000010
     9.930000000     0.000000024     0.280568602     0.000000008
     9.940000000     0.000000017     0.283039118     0.000000006
     9.950000000     0.000000012     0.285492869     0.000000004
     9.960000000     0.000000008     0.287930068     0.000000003
     9.970000000     0.000000005     0.290350922     0.000000002
     9.980000000     0.000000004     0.292755633     0.000000002
     9.990000000     0.000000003     0.295144398     0.000000001
    10.000000000     0.000000002     0.297517411     0.000000001
    10.010000000     0.000000001     0.299874862     0.000000001
    10.020000000     0.000000001     0.302216937     0.000000001
    10.030000000     0.000000001     0.304543818     0.000000000
    10.040000000     0.000000000     0.306855682     0.000000000
    10.050000000     0.000000000     0.309152705     0.000000000
    10.060000000     0.000000000     0.311435057     0.000000000
    10.070000000     0.000000000     0.313702907     0.000000000
    10.080000000     0.000000000     0.315956419     0.000000000
    10.090000000     0.000000000     0.318195754     0.000000000
    10.100000000     0.000000000     0.320421070     0.000000000
    10.110000000     0.000000000     0.322632524     0.000000000
    10.120000000     0.000000000     0.324830267     0.000000000
    10.130000000     0.000000000     0.327014449     0.000000000
    10.140000000     0.000000000     0.329185216     0.000000000
    10.150000000     0.000000000     0.331342714     0.000000000
    10.160000000     0.000000000     0.333487084     0.000000000
    10.170000000     0.000000000     0.335618464     0.000000000
    10.180000000     0.000000000     0.337736992     0.000000000
    10.190000000     0.000000000     0.339842802     0.000000000
    10.200000000     0.000000000     0.341936025     0.000000000
    10.210000000     0.000000000     0.344016793     0.000000000
    10.220000000     0.000000000     0.346085231     0.000000000
    10.230000000     0.000000000     0.348141466     0.000000000
    10.240000000     0.000000000     0.350185621     0.000000000
    10.250000000     0.000000000     0.352217817     0.000000000
    10.260000000     0.000000000     0.354238173     0.000000000
    10.270000000     0.000000000     0.356246807     0.000000000
    10.280000000     0.000000000     0.358243835     0.000000000
    10.290000000     0.000000000     0.360229369     0.000000000
    10.300000000     0.000000000     0.362203522     0.000000000
    10.310000000     0.000000000     0.364166404     0.000000000
    10.320000000     0.000000000     0.366118124     0.000000000
    10.330000000     0.000000000     0.368058787     0.000000000
    10.340000000     0.000000000     0.369988500     0.000000000
    10.350000000     0.000000000     0.371907366     0.000000000
    10.360000000     0.000000000     0.373815486     0.000000000
    10.370000000     0.000000000     0.375712961     0.000000000
    10.380000000     0.000000000     0.377599890     0.000000000
    10.390000000     0.000000000     0.379476371     0.000000000
    10.400000000     0.000000000     0.381342499     0.000000000
    10.410000000     0.000000000     0.383198369     0.000000000
    10.420000000     0.000000000     0.385044076     0.000000000
    10.430000000     0.000000000     0.386879709     0.000000000
    10.440000000     0.000000000     0.388705361     0.000000000
    10.450000000     0.000000000     0.390521121     0.000000000
    10.460000000     0.000000000     0.392327076     0.000000000
    10.470000000     0.000000000     0.394123314     0.000000000
    10.480000000     0.000000000     0.395909921     0.000000000
    10.490000000     0.000000000     0.397686980     0.000000000
    10.500000000     0.000000000     0.399454576     0.000000000
    10.510000000     0.000000000     0.401212791     0.000000000
    10.520000000     0.000000000     0.402961706     0.000000000
    10.530000000     0.000000000     0.404701401     0.000000000
    10.540000000     0.000000000     0.406431954     0.000000000
    10.550000000     0.000000000     0.408153445     0.000000000
    10.560000000     0.000000000     0.409865950     0.000000000
    10.570000000     0.000000000     0.411569545     0.000000000
    10.580000000     0.000000000     0.413264305     0.000000000
    10.590000000     0.000000000     0.414950304     0.000000000
    10.600000000     0.000000000     0.416627615     0.000000000
    10.610000000     0.000000000     0.418296311     0.000000000
    10.620000000     0.000000000     0.419956461     0.000000000
    10.630000000     0.000000000     0.421608138     0.000000000
    10.640000000     0.000000000     0.423251410     0.000000000
    10.650000000     0.000000000     0.424886346     0.000000000
    10.660000000     0.000000000     0.426513014     0.000000000
    10.670000000     0.000000000     0.428131481     0.000000000
    10.680000000     0.000000000     0.429741812     0.000000000
    10.690000000     0.000000000     0.431344073     0.000000000
    10.700000000     0.000000000     0.432938329     0.000000000
    10.710000000     0.000000000     0.434524643     0.000000000
    10.720000000     0.000000000     0.436103079     0.000000000
    10.730000000     0.000000000     0.437673698     0.000000000
    10.740000000     0.000000000     0.439236563     0.000000000
    10.750000000     0.000000000     0.440791733     0.000000000
    10.760000000     0.000000000     0.442339269     0.000000000
    10.770000000     0.000000000     0.443879231     0.000000000
    10.780000000     0.000000000     0.445411676     0.000000000
    10.790000000     0.000000000     0.446936664     0.000000000
    10.800000000     0.000000000     0.448454251     0.000000000
    10.810000000     0.000000000     0.449964494     0.000000000
    10.820000000     0.000000000     0.451467449     0.000000000
    10.830000000     0.000000000     0.452963171     0.000000000
    10.840000000     0.000000000     0.454451716     0.000000000
    10.850000000     0.000000000     0.455933138     0.000000000
    10.860000000     0.000000000     0.457407489     0.000000000
    10.870000000     0.000000000     0.458874824     0.000000000
    10.880000000     0.000000000     0.460335194     0.000000000
    10.890000000     0.000000000     0.461788651     0.000000000
    10.900000000     0.000000000     0.463235247     0.000000000
    10.910000000     0.000000000     0.464675032     0.000000000
    10.920000000     0.000000000     0.466108056     0.000000000
    10.930000000     0.000000000     0.467534369     0.000000000
    10.940000000     0.000000000     0.468954021     0.000000000
    10.950000000     0.000000000     0.470367058     0.000000000
    10.960000000     0.000000000     0.471773531     0.000000000
    10.970000000     0.000000000     0.473173485     0.000000000
    10.980000000     0.000000000     0.474566969     0.000000000
    10.990000000     0.000000000     0.475954028     0.000000000
    11.000000000     0.000000000     0.477334709     0.000000000
