 # Column 1: omega
 # Column 2: eps2(omega)
 # Column 3: eps1(omega)
 # Column 4: JDOS(omega)
     0.000000000    -0.000000000     1.797709455     0.000000000
     0.010000000     0.000000000     1.797715558     0.000000000
     0.020000000     0.000000000     1.797733868     0.000000000
     0.030000000     0.000000000     1.797764390     0.000000000
     0.040000000     0.000000000     1.797807130     0.000000000
     0.050000000     0.000000000     1.797862096     0.000000000
     0.060000000     0.000000000     1.797929302     0.000000000
     0.070000000     0.000000000     1.798008761     0.000000000
     0.080000000     0.000000000     1.798100490     0.000000000
     0.090000000     0.000000000     1.798204509     0.000000000
     0.100000000     0.000000000     1.798320841     0.000000000
     0.110000000     0.000000000     1.798449511     0.000000000
     0.120000000     0.000000000     1.798590547     0.000000000
     0.130000000     0.000000000     1.798743978     0.000000000
     0.140000000     0.000000000     1.798909840     0.000000000
     0.150000000     0.000000000     1.799088166     0.000000000
     0.160000000     0.000000000     1.799278998     0.000000000
     0.170000000     0.000000000     1.799482376     0.000000000
     0.180000000     0.000000000     1.799698345     0.000000000
     0.190000000     0.000000000     1.799926953     0.000000000
     0.200000000     0.000000000     1.800168250     0.000000000
     0.210000000     0.000000000     1.800422289     0.000000000
     0.220000000     0.000000000     1.800689128     0.000000000
     0.230000000     0.000000000     1.800968825     0.000000000
     0.240000000     0.000000000     1.801261443     0.000000000
     0.250000000     0.000000000     1.801567049     0.000000000
     0.260000000     0.000000000     1.801885710     0.000000000
     0.270000000     0.000000000     1.802217500     0.000000000
     0.280000000     0.000000000     1.802562494     0.000000000
     0.290000000     0.000000000     1.802920770     0.000000000
     0.300000000     0.000000000     1.803292412     0.000000000
     0.310000000     0.000000000     1.803677504     0.000000000
     0.320000000     0.000000000     1.804076137     0.000000000
     0.330000000     0.000000000     1.804488404     0.000000000
     0.340000000     0.000000000     1.804914401     0.000000000
     0.350000000     0.000000000     1.805354230     0.000000000
     0.360000000     0.000000000     1.805807993     0.000000000
     0.370000000     0.000000000     1.806275801     0.000000000
     0.380000000     0.000000000     1.806757765     0.000000000
     0.390000000     0.000000000     1.807254002     0.000000000
     0.400000000     0.000000000     1.807764634     0.000000000
     0.410000000     0.000000000     1.808289784     0.000000000
     0.420000000     0.000000000     1.808829584     0.000000000
     0.430000000     0.000000000     1.809384167     0.000000000
     0.440000000     0.000000000     1.809953672     0.000000000
     0.450000000     0.000000000     1.810538244     0.000000000
     0.460000000     0.000000000     1.811138030     0.000000000
     0.470000000     0.000000000     1.811753185     0.000000000
     0.480000000     0.000000000     1.812383868     0.000000000
     0.490000000     0.000000000     1.813030244     0.000000000
     0.500000000     0.000000000     1.813692482     0.000000000
     0.510000000     0.000000000     1.814370757     0.000000000
     0.520000000     0.000000000     1.815065252     0.000000000
     0.530000000     0.000000000     1.815776154     0.000000000
     0.540000000     0.000000000     1.816503657     0.000000000
     0.550000000     0.000000000     1.817247961     0.000000000
     0.560000000     0.000000000     1.818009272     0.000000000
     0.570000000     0.000000000     1.818787804     0.000000000
     0.580000000     0.000000000     1.819583778     0.000000000
     0.590000000     0.000000000     1.820397422     0.000000000
     0.600000000     0.000000000     1.821228970     0.000000000
     0.610000000     0.000000000     1.822078667     0.000000000
     0.620000000     0.000000000     1.822946762     0.000000000
     0.630000000     0.000000000     1.823833515     0.000000000
     0.640000000     0.000000000     1.824739194     0.000000000
     0.650000000     0.000000000     1.825664076     0.000000000
     0.660000000     0.000000000     1.826608446     0.000000000
     0.670000000     0.000000000     1.827572600     0.000000000
     0.680000000     0.000000000     1.828556843     0.000000000
     0.690000000     0.000000000     1.829561490     0.000000000
     0.700000000     0.000000000     1.830586867     0.000000000
     0.710000000     0.000000000     1.831633311     0.000000000
     0.720000000     0.000000000     1.832701169     0.000000000
     0.730000000     0.000000000     1.833790802     0.000000000
     0.740000000     0.000000001     1.834902581     0.000000000
     0.750000000     0.000000001     1.836036892     0.000000000
     0.760000000     0.000000001     1.837194131     0.000000000
     0.770000000     0.000000002     1.838374711     0.000000000
     0.780000000     0.000000003     1.839579057     0.000000000
     0.790000000     0.000000005     1.840807610     0.000000000
     0.800000000     0.000000007     1.842060825     0.000000000
     0.810000000     0.000000010     1.843339173     0.000000000
     0.820000000     0.000000015     1.844643144     0.000000000
     0.830000000     0.000000021     1.845973242     0.000000000
     0.840000000     0.000000031     1.847329992     0.000000000
     0.850000000     0.000000045     1.848713934     0.000000000
     0.860000000     0.000000064     1.850125632     0.000000000
     0.870000000     0.000000092     1.851565667     0.000000000
     0.880000000     0.000000132     1.853034642     0.000000000
     0.890000000     0.000000188     1.854533182     0.000000000
     0.900000000     0.000000266     1.856061935     0.000000000
     0.910000000     0.000000375     1.857621574     0.000000000
     0.920000000     0.000000526     1.859212795     0.000000000
     0.930000000     0.000000735     1.860836322     0.000000000
     0.940000000     0.000001023     1.862492905     0.000000001
     0.950000000     0.000001417     1.864183322     0.000000001
     0.960000000     0.000001955     1.865908381     0.000000001
     0.970000000     0.000002685     1.867668921     0.000000001
     0.980000000     0.000003671     1.869465814     0.000000002
     0.990000000     0.000004997     1.871299964     0.000000003
     1.000000000     0.000006773     1.873172309     0.000000004
     1.010000000     0.000009141     1.875083827     0.000000005
     1.020000000     0.000012283     1.877035531     0.000000007
     1.030000000     0.000016434     1.879028475     0.000000009
     1.040000000     0.000021892     1.881063754     0.000000013
     1.050000000     0.000029037     1.883142504     0.000000017
     1.060000000     0.000038349     1.885265909     0.000000022
     1.070000000     0.000050429     1.887435198     0.000000029
     1.080000000     0.000066030     1.889651648     0.000000039
     1.090000000     0.000086086     1.891916585     0.000000051
     1.100000000     0.000111754     1.894231390     0.000000066
     1.110000000     0.000144455     1.896597494     0.000000086
     1.120000000     0.000185929     1.899016387     0.000000111
     1.130000000     0.000238291     1.901489614     0.000000144
     1.140000000     0.000304102     1.904018779     0.000000185
     1.150000000     0.000386442     1.906605547     0.000000236
     1.160000000     0.000489000     1.909251643     0.000000301
     1.170000000     0.000616161     1.911958857     0.000000383
     1.180000000     0.000773118     1.914729039     0.000000484
     1.190000000     0.000965979     1.917564105     0.000000610
     1.200000000     0.001201889     1.920466033     0.000000765
     1.210000000     0.001489157     1.923436861     0.000000956
     1.220000000     0.001837387     1.926478690     0.000001190
     1.230000000     0.002257615     1.929593676     0.000001476
     1.240000000     0.002762443     1.932784028     0.000001824
     1.250000000     0.003366171     1.936052001     0.000002246
     1.260000000     0.004084925     1.939399889     0.000002755
     1.270000000     0.004936766     1.942830011     0.000003366
     1.280000000     0.005941792     1.946344704     0.000004099
     1.290000000     0.007122212     1.949946298     0.000004972
     1.300000000     0.008502391     1.953637097     0.000006011
     1.310000000     0.010108865     1.957419352     0.000007242
     1.320000000     0.011970311     1.961295226     0.000008694
     1.330000000     0.014117473     1.965266748     0.000010403
     1.340000000     0.016583036     1.969335762     0.000012405
     1.350000000     0.019401432     1.973503863     0.000014745
     1.360000000     0.022608595     1.977772310     0.000017471
     1.370000000     0.026241638     1.982141933     0.000020635
     1.380000000     0.030338469     1.986613009     0.000024298
     1.390000000     0.034937324     1.991185113     0.000028525
     1.400000000     0.040076247     1.995856938     0.000033390
     1.410000000     0.045792481     2.000626081     0.000038973
     1.420000000     0.052121819     2.005488771     0.000045363
     1.430000000     0.059097884     2.010439558     0.000052659
     1.440000000     0.066751374     2.015470927     0.000060968
     1.450000000     0.075109266     2.020572849     0.000070410
     1.460000000     0.084194013     2.025732239     0.000081115
     1.470000000     0.094022730     2.030932331     0.000093224
     1.480000000     0.104606403     2.036151952     0.000106895
     1.490000000     0.115949129     2.041364699     0.000122298
     1.500000000     0.128047425     2.046538020     0.000139621
     1.510000000     0.140889603     2.051632231     0.000159066
     1.520000000     0.154455255     2.056599506     0.000180856
     1.530000000     0.168714857     2.061382915     0.000205231
     1.540000000     0.183629512     2.065915621     0.000232452
     1.550000000     0.199150853     2.070120410     0.000262803
     1.560000000     0.215221113     2.073909775     0.000296588
     1.570000000     0.231773383     2.077186822     0.000334135
     1.580000000     0.248732060     2.079847329     0.000375797
     1.590000000     0.266013477     2.081783229     0.000421950
     1.600000000     0.283526737     2.082887727     0.000472993
     1.610000000     0.301174719     2.083061980     0.000529352
     1.620000000     0.318855255     2.082222925     0.000591473
     1.630000000     0.336462461     2.080311312     0.000659827
     1.640000000     0.353888190     2.077298524     0.000734904
     1.650000000     0.371023594     2.073190441     0.000817214
     1.660000000     0.387760746     2.068026768     0.000907282
     1.670000000     0.403994302     2.061875008     0.001005649
     1.680000000     0.419623151     2.054819574     0.001112865
     1.690000000     0.434552029     2.046948077     0.001229487
     1.700000000     0.448693046     2.038338035     0.001356075
     1.710000000     0.461967090     2.029047602     0.001493188
     1.720000000     0.474305076     2.019113144     0.001641378
     1.730000000     0.485648996     2.008554914     0.001801189
     1.740000000     0.495952756     1.997389987     0.001973149
     1.750000000     0.505182758     1.985649728     0.002157767
     1.760000000     0.513318230     1.973397662     0.002355530
     1.770000000     0.520351272     1.960743165     0.002566898
     1.780000000     0.526286638     1.947846930     0.002792300
     1.790000000     0.531141239     1.934915945     0.003032134
     1.800000000     0.534943401     1.922188206     0.003286763
     1.810000000     0.537731880     1.909910103     0.003556513
     1.820000000     0.539554677     1.898311316     0.003841673
     1.830000000     0.540467684     1.887582404     0.004142496
     1.840000000     0.540533195     1.877859081     0.004459196
     1.850000000     0.539818342     1.869214906     0.004791952
     1.860000000     0.538393480     1.861661844     0.005140906
     1.870000000     0.536330595     1.855156622     0.005506169
     1.880000000     0.533701756     1.849610427     0.005887817
     1.890000000     0.530577676     1.844899882     0.006285895
     1.900000000     0.527026407     1.840878049     0.006700418
     1.910000000     0.523112217     1.837384879     0.007131372
     1.920000000     0.518894661     1.834256871     0.007578712
     1.930000000     0.514427879     1.831335739     0.008042362
     1.940000000     0.509760136     1.828475823     0.008522213
     1.950000000     0.504933580     1.825549966     0.009018119
     1.960000000     0.499984256     1.822453667     0.009529897
     1.970000000     0.494942319     1.819107567     0.010057318
     1.980000000     0.489832457     1.815458510     0.010600100
     1.990000000     0.484674475     1.811479581     0.011157909
     2.000000000     0.479484026     1.807169448     0.011730342
     2.010000000     0.474273434     1.802551274     0.012316929
     2.020000000     0.469052583     1.797671191     0.012917117
     2.030000000     0.463829827     1.792596219     0.013530271
     2.040000000     0.458612892     1.787411362     0.014155661
     2.050000000     0.453409713     1.782215614     0.014792460
     2.060000000     0.448229201     1.777116762     0.015439740
     2.070000000     0.443081893     1.772225102     0.016096468
     2.080000000     0.437980469     1.767646552     0.016761507
     2.090000000     0.432940122     1.763475872     0.017433617
     2.100000000     0.427978777     1.759790824     0.018111461
     2.110000000     0.423117144     1.756647938     0.018793605
     2.120000000     0.418378617     1.754080277     0.019478538
     2.130000000     0.413789037     1.752097203     0.020164670
     2.140000000     0.409376307     1.750685889     0.020850356
     2.150000000     0.405169913     1.749814106     0.021533906
     2.160000000     0.401200342     1.749433803     0.022213598
     2.170000000     0.397498433     1.749485050     0.022887703
     2.180000000     0.394094691     1.749899966     0.023554497
     2.190000000     0.391018574     1.750606401     0.024212280
     2.200000000     0.388297785     1.751531207     0.024859393
     2.210000000     0.385957590     1.752603038     0.025494237
     2.220000000     0.384020171     1.753754675     0.026115283
     2.230000000     0.382504042     1.754924887     0.026721089
     2.240000000     0.381423535     1.756059872     0.027310310
     2.250000000     0.380788353     1.757114225     0.027881703
     2.260000000     0.380603224     1.758051410     0.028434135
     2.270000000     0.380867618     1.758843640     0.028966589
     2.280000000     0.381575575     1.759471141     0.029478157
     2.290000000     0.382715594     1.759920829     0.029968044
     2.300000000     0.384270616     1.760184562     0.030435557
     2.310000000     0.386218078     1.760257251     0.030880105
     2.320000000     0.388530036     1.760135146     0.031301187
     2.330000000     0.391173355     1.759814581     0.031698379
     2.340000000     0.394109952     1.759291315     0.032071331
     2.350000000     0.397297104     1.758560400     0.032419747
     2.360000000     0.400687793     1.757616352     0.032743383
     2.370000000     0.404231111     1.756453317     0.033042029
     2.380000000     0.407872699     1.755064963     0.033315504
     2.390000000     0.411555238     1.753443975     0.033563645
     2.400000000     0.415218972     1.751581195     0.033786300
     2.410000000     0.418802278     1.749464656     0.033983323
     2.420000000     0.422242271     1.747078803     0.034154569
     2.430000000     0.425475442     1.744404242     0.034299890
     2.440000000     0.428438332     1.741418272     0.034419133
     2.450000000     0.431068234     1.738096324     0.034512146
     2.460000000     0.433303913     1.734414248     0.034578768
     2.470000000     0.435086343     1.730351242     0.034618841
     2.480000000     0.436359448     1.725893057     0.034632207
     2.490000000     0.437070843     1.721035062     0.034618715
     2.500000000     0.437172547     1.715784773     0.034578220
     2.510000000     0.436621676     1.710163559     0.034510591
     2.520000000     0.435381088     1.704207411     0.034415714
     2.530000000     0.433419965     1.697966781     0.034293497
     2.540000000     0.430714331     1.691505609     0.034143873
     2.550000000     0.427247478     1.684899636     0.033966805
     2.560000000     0.423010296     1.678234130     0.033762293
     2.570000000     0.418001495     1.671601133     0.033530375
     2.580000000     0.412227710     1.665096371     0.033271136
     2.590000000     0.405703485     1.658816025     0.032984709
     2.600000000     0.398451129     1.652853562     0.032671288
     2.610000000     0.390500455     1.647296812     0.032331127
     2.620000000     0.381888384     1.642225421     0.031964551
     2.630000000     0.372658454     1.637708775     0.031571963
     2.640000000     0.362860206     1.633804443     0.031153850
     2.650000000     0.352548489     1.630557140     0.030710791
     2.660000000     0.341782684     1.627998249     0.030243465
     2.670000000     0.330625868     1.626145854     0.029752658
     2.680000000     0.319143932     1.625005269     0.029239267
     2.690000000     0.307404682     1.624569978     0.028704310
     2.700000000     0.295476927     1.624822892     0.028148925
     2.710000000     0.283429588     1.625737802     0.027574377
     2.720000000     0.271330836     1.627280937     0.026982055
     2.730000000     0.259247277     1.629412558     0.026373475
     2.740000000     0.247243202     1.632088590     0.025750273
     2.750000000     0.235379914     1.635262281     0.025114199
     2.760000000     0.223715138     1.638885897     0.024467115
     2.770000000     0.212302522     1.642912400     0.023810975
     2.780000000     0.201191245     1.647297006     0.023147824
     2.790000000     0.190425707     1.651998507     0.022479774
     2.800000000     0.180045336     1.656980201     0.021808996
     2.810000000     0.170084478     1.662210364     0.021137698
     2.820000000     0.160572376     1.667662217     0.020468111
     2.830000000     0.151533240     1.673313438     0.019802470
     2.840000000     0.142986384     1.679145340     0.019142999
     2.850000000     0.134946423     1.685141862     0.018491888
     2.860000000     0.127423528     1.691288519     0.017851286
     2.870000000     0.120423722     1.697571478     0.017223277
     2.880000000     0.113949201     1.703976832     0.016609877
     2.890000000     0.107998678     1.710490173     0.016013015
     2.900000000     0.102567735     1.717096451     0.015434532
     2.910000000     0.097649171     1.723780109     0.014876168
     2.920000000     0.093233352     1.730525435     0.014339564
     2.930000000     0.089308529     1.737317030     0.013826257
     2.940000000     0.085861151     1.744140325     0.013337683
     2.950000000     0.082876145     1.750982086     0.012875175
     2.960000000     0.080337170     1.757830865     0.012439975
     2.970000000     0.078226847     1.764677416     0.012033231
     2.980000000     0.076526953     1.771515052     0.011656009
     2.990000000     0.075218602     1.778339917     0.011309301
     3.000000000     0.074282391     1.785151064     0.010994027
     3.010000000     0.073698532     1.791950234     0.010711050
     3.020000000     0.073446972     1.798741219     0.010461178
     3.030000000     0.073507494     1.805528771     0.010245176
     3.040000000     0.073859822     1.812317157     0.010063767
     3.050000000     0.074483720     1.819108572     0.009917645
     3.060000000     0.075359097     1.825901683     0.009807474
     3.070000000     0.076466119     1.832690601     0.009733895
     3.080000000     0.077785335     1.839464477     0.009697530
     3.090000000     0.079297812     1.846207798     0.009698979
     3.100000000     0.080985294     1.852901356     0.009738828
     3.110000000     0.082830366     1.859523771     0.009817644
     3.120000000     0.084816642     1.866053388     0.009935976
     3.130000000     0.086928962     1.872470357     0.010094353
     3.140000000     0.089153600     1.878758665     0.010293286
     3.150000000     0.091478477     1.884907920     0.010533256
     3.160000000     0.093893376     1.890914659     0.010814719
     3.170000000     0.096390152     1.896783021     0.011138098
     3.180000000     0.098962935     1.902524707     0.011503780
     3.190000000     0.101608307     1.908158248     0.011912110
     3.200000000     0.104325471     1.913707731     0.012363386
     3.210000000     0.107116379     1.919201222     0.012857856
     3.220000000     0.109985832     1.924669100     0.013395707
     3.230000000     0.112941539     1.930142533     0.013977065
     3.240000000     0.115994143     1.935652174     0.014601986
     3.250000000     0.119157190     1.941227114     0.015270452
     3.260000000     0.122447062     1.946894067     0.015982365
     3.270000000     0.125882867     1.952676707     0.016737543
     3.280000000     0.129486274     1.958595158     0.017535715
     3.290000000     0.133281323     1.964665541     0.018376518
     3.300000000     0.137294181     1.970899585     0.019259497
     3.310000000     0.141552878     1.977304232     0.020184101
     3.320000000     0.146087009     1.983881249     0.021149683
     3.330000000     0.150927412     1.990626883     0.022155504
     3.340000000     0.156105833     1.997531647     0.023200733
     3.350000000     0.161654579     2.004580350     0.024284453
     3.360000000     0.167606159     2.011752435     0.025405666
     3.370000000     0.173992935     2.019022644     0.026563297
     3.380000000     0.180846762     2.026361962     0.027756205
     3.390000000     0.188198648     2.033738729     0.028983190
     3.400000000     0.196078409     2.041119803     0.030243000
     3.410000000     0.204514344     2.048471674     0.031534342
     3.420000000     0.213532916     2.055761424     0.032855892
     3.430000000     0.223158443     2.062957478     0.034206299
     3.440000000     0.233412801     2.070030135     0.035584198
     3.450000000     0.244315138     2.076951858     0.036988213
     3.460000000     0.255881587     2.083697384     0.038416965
     3.470000000     0.268124998     2.090243697     0.039869077
     3.480000000     0.281054671     2.096569925     0.041343173
     3.490000000     0.294676089     2.102657217     0.042837885
     3.500000000     0.308990673     2.108488613     0.044351850
     3.510000000     0.323995534     2.114048920     0.045883711
     3.520000000     0.339683239     2.119324560     0.047432115
     3.530000000     0.356041596     2.124303336     0.048995710
     3.540000000     0.373053455     2.128974036     0.050573145
     3.550000000     0.390696537     2.133325782     0.052163066
     3.560000000     0.408943289     2.137347028     0.053764115
     3.570000000     0.427760782     2.141024144     0.055374930
     3.580000000     0.447110652     2.144339596     0.056994148
     3.590000000     0.466949080     2.147269836     0.058620404
     3.600000000     0.487226846     2.149783093     0.060252338
     3.610000000     0.507889424     2.151837386     0.061888601
     3.620000000     0.528877151     2.153379166     0.063527864
     3.630000000     0.550125459     2.154343012     0.065168830
     3.640000000     0.571565167     2.154652882     0.066810244
     3.650000000     0.593122847     2.154225283     0.068450906
     3.660000000     0.614721247     2.152974542     0.070089692
     3.670000000     0.636279764     2.150820019     0.071725559
     3.680000000     0.657714988     2.147694608     0.073357569
     3.690000000     0.678941267     2.143553391     0.074984898
     3.700000000     0.699871332     2.138380903     0.076606850
     3.710000000     0.720416934     2.132195431     0.078222864
     3.720000000     0.740489514     2.125049071     0.079832528
     3.730000000     0.760000871     2.117023118     0.081435577
     3.740000000     0.778863853     2.108219419     0.083031897
     3.750000000     0.796993024     2.098749302     0.084621520
     3.760000000     0.814305333     2.088722276     0.086204621
     3.770000000     0.830720766     2.078236559     0.087781500
     3.780000000     0.846162969     2.067372805     0.089352575
     3.790000000     0.860559857     2.056191371     0.090918359
     3.800000000     0.873844183     2.044732625     0.092479443
     3.810000000     0.885954084     2.033019335     0.094036471
     3.820000000     0.896833593     2.021060276     0.095590118
     3.830000000     0.906433113     2.008854533     0.097141065
     3.840000000     0.914709861     1.996396353     0.098689975
     3.850000000     0.921628270     1.983680510     0.100237470
     3.860000000     0.927160347     1.970707981     0.101784112
     3.870000000     0.931285999     1.957491432     0.103330383
     3.880000000     0.933993301     1.944059751     0.104876669
     3.890000000     0.935278724     1.930460828     0.106423253
     3.900000000     0.935147294     1.916762043     0.107970304
     3.910000000     0.933612707     1.903048326     0.109517875
     3.920000000     0.930697364     1.889418133     0.111065905
     3.930000000     0.926432347     1.875978051     0.112614223
     3.940000000     0.920857308     1.862836940     0.114162557
     3.950000000     0.914020286     1.850100501     0.115710546
     3.960000000     0.905977434     1.837867010     0.117257752
     3.970000000     0.896792668     1.826224608     0.118803680
     3.980000000     0.886537219     1.815250230     0.120347788
     3.990000000     0.875289113     1.805009910     0.121889510
     4.000000000     0.863132552     1.795559961     0.123428271
     4.010000000     0.850157237     1.786948449     0.124963497
     4.020000000     0.836457606     1.779216377     0.126494634
     4.030000000     0.822132019     1.772398202     0.128021155
     4.040000000     0.807281889     1.766521554     0.129542569
     4.050000000     0.792010776     1.761606283     0.131058421
     4.060000000     0.776423459     1.757663168     0.132568301
     4.070000000     0.760624990     1.754692732     0.134071833
     4.080000000     0.744719755     1.752684576     0.135568678
     4.090000000     0.728810556     1.751617495     0.137058519
     4.100000000     0.712997714     1.751460437     0.138541057
     4.110000000     0.697378229     1.752174137     0.140015996
     4.120000000     0.682044984     1.753713106     0.141483034
     4.130000000     0.667086025     1.756027621     0.142941849
     4.140000000     0.652583911     1.759065418     0.144392089
     4.150000000     0.638615149     1.762772939     0.145833359
     4.160000000     0.625249721     1.767096118     0.147265219
     4.170000000     0.612550692     1.771980792     0.148687171
     4.180000000     0.600573928     1.777372928     0.150098663
     4.190000000     0.589367894     1.783218831     0.151499087
     4.200000000     0.578973550     1.789465515     0.152887784
     4.210000000     0.569424344     1.796061340     0.154264050
     4.220000000     0.560746281     1.802956892     0.155627150
     4.230000000     0.552958083     1.810106011     0.156976331
     4.240000000     0.546071422     1.817466741     0.158310834
     4.250000000     0.540091231     1.825001990     0.159629920
     4.260000000     0.535016077     1.832679711     0.160932880
     4.270000000     0.530838595     1.840472510     0.162219061
     4.280000000     0.527545983     1.848356722     0.163487881
     4.290000000     0.525120540     1.856311091     0.164738847
     4.300000000     0.523540251     1.864315278     0.165971570
     4.310000000     0.522779412     1.872348415     0.167185778
     4.320000000     0.522809280     1.880387915     0.168381321
     4.330000000     0.523598757     1.888408661     0.169558180
     4.340000000     0.525115089     1.896382637     0.170716469
     4.350000000     0.527324577     1.904279036     0.171856426
     4.360000000     0.530193299     1.912064831     0.172978411
     4.370000000     0.533687822     1.919705846     0.174082895
     4.380000000     0.537775915     1.927168339     0.175170445
     4.390000000     0.542427229     1.934421068     0.176241712
     4.400000000     0.547613968     1.941437765     0.177297409
     4.410000000     0.553311507     1.948199805     0.178338301
     4.420000000     0.559498977     1.954698734     0.179365180
     4.430000000     0.566159788     1.960938244     0.180378857
     4.440000000     0.573282094     1.966935153     0.181380142
     4.450000000     0.580859182     1.972719054     0.182369837
     4.460000000     0.588889790     1.978330490     0.183348729
     4.470000000     0.597378333     1.983817803     0.184317581
     4.480000000     0.606335045     1.989233087     0.185277136
     4.490000000     0.615776020     1.994627879     0.186228116
     4.500000000     0.625723169     2.000049251     0.187171227
     4.510000000     0.636204071     2.005536873     0.188107170
     4.520000000     0.647251734     2.011121301     0.189036641
     4.530000000     0.658904263     2.016823449     0.189960346
     4.540000000     0.671204443     2.022654908     0.190879005
     4.550000000     0.684199231     2.028618612     0.191793355
     4.560000000     0.697939185     2.034709407     0.192704150
     4.570000000     0.712477812     2.040914218     0.193612163
     4.580000000     0.727870861     2.047211799     0.194518168
     4.590000000     0.744175565     2.053572288     0.195422932
     4.600000000     0.761449832     2.059956955     0.196327189
     4.610000000     0.779751402     2.066318512     0.197231615
     4.620000000     0.799136976     2.072602266     0.198136790
     4.630000000     0.819661311     2.078748115     0.199043167
     4.640000000     0.841376305     2.084693177     0.199951022
     4.650000000     0.864330069     2.090374628     0.200860416
     4.660000000     0.888565974     2.095732211     0.201771143
     4.670000000     0.914121708     2.100709901     0.202682694
     4.680000000     0.941028317     2.105256357     0.203594212
     4.690000000     0.969309246     2.109324012     0.204504456
     4.700000000     0.998979379     2.112866968     0.205411780
     4.710000000     1.030044087     2.115838138     0.206314108
     4.720000000     1.062498283     2.118186260     0.207208931
     4.730000000     1.096325482     2.119853445     0.208093309
     4.740000000     1.131496902     2.120773788     0.208963887
     4.750000000     1.167970579     2.120873342     0.209816925
     4.760000000     1.205690538     2.120071440     0.210648339
     4.770000000     1.244586025     2.118283128     0.211453753
     4.780000000     1.284570813     2.115422234     0.212228559
     4.790000000     1.325542616     2.111404562     0.212967989
     4.800000000     1.367382621     2.106150636     0.213667191
     4.810000000     1.409955180     2.099587514     0.214321307
     4.820000000     1.453107669     2.091649351     0.214925554
     4.830000000     1.496670557     2.082276623     0.215475305
     4.840000000     1.540457716     2.071414251     0.215966161
     4.850000000     1.584266975     2.059009128     0.216394021
     4.860000000     1.627880973     2.045007718     0.216755141
     4.870000000     1.671068300     2.029354352     0.217046183
     4.880000000     1.713584966     2.011990612     0.217264260
     4.890000000     1.755176188     1.992855838     0.217406951
     4.900000000     1.795578504     1.971888466     0.217472325
     4.910000000     1.834522205     1.949027765     0.217458941
     4.920000000     1.871734068     1.924215579     0.217365836
     4.930000000     1.906940354     1.897398054     0.217192508
     4.940000000     1.939870046     1.868527662     0.216938892
     4.950000000     1.970258278     1.837566205     0.216605323
     4.960000000     1.997849886     1.804489488     0.216192501
     4.970000000     2.022403036     1.769294049     0.215701447
     4.980000000     2.043692836     1.732005749     0.215133471
     4.990000000     2.061514880     1.692689364     0.214490127
     5.000000000     2.075688620     1.651457847     0.213773183
     5.010000000     2.086060503     1.608479776     0.212984590
     5.020000000     2.092506788     1.563983758     0.212126461
     5.030000000     2.094935969     1.518258957     0.211201053
     5.040000000     2.093290736     1.471651497     0.210210761
     5.050000000     2.087549419     1.424556884     0.209158114
     5.060000000     2.077726860     1.377409002     0.208045780
     5.070000000     2.063874695     1.330666446     0.206876578
     5.080000000     2.046081007     1.284797187     0.205653488
     5.090000000     2.024469365     1.240262594     0.204379674
     5.100000000     1.999197250     1.197501750     0.203058500
     5.110000000     1.970453898     1.156916831     0.201693547
     5.120000000     1.938457620     1.118860034     0.200288637
     5.130000000     1.903452627     1.083622425     0.198847840
     5.140000000     1.865705459     1.051425098     0.197375490
     5.150000000     1.825501090     1.022413139     0.195876187
     5.160000000     1.783138785     0.996653034     0.194354800
     5.170000000     1.738927820     0.974134063     0.192816455
     5.180000000     1.693183152     0.954773944     0.191266530
     5.190000000     1.646221131     0.938428461     0.189710629
     5.200000000     1.598355346     0.924904242     0.188154557
     5.210000000     1.549892697     0.913973428     0.186604295
     5.220000000     1.501129747     0.905388787     0.185065959
     5.230000000     1.452349447     0.898897882     0.183545761
     5.240000000     1.403818261     0.894255209     0.182049971
     5.250000000     1.355783742     0.891231599     0.180584866
     5.260000000     1.308472582     0.889620593     0.179156691
     5.270000000     1.262089148     0.889241864     0.177771605
     5.280000000     1.216814502     0.889942039     0.176435641
     5.290000000     1.172805885     0.891593448     0.175154656
     5.300000000     1.130196648     0.894091395     0.173934288
     5.310000000     1.089096599     0.897350527     0.172779913
     5.320000000     1.049592701     0.901300821     0.171696600
     5.330000000     1.011750103     0.905883575     0.170689079
     5.340000000     0.975613432     0.911047752     0.169761696
     5.350000000     0.941208298     0.916746887     0.168918382
     5.360000000     0.908542958     0.922936733     0.168162623
     5.370000000     0.877610089     0.929573729     0.167497428
     5.380000000     0.848388620     0.936614298     0.166925303
     5.390000000     0.820845570     0.944014916     0.166448232
     5.400000000     0.794937870     0.951732762     0.166067658
     5.410000000     0.770614112     0.959726686     0.165784469
     5.420000000     0.747816224     0.967958137     0.165598994
     5.430000000     0.726481018     0.976391699     0.165510999
     5.440000000     0.706541625     0.984995009     0.165519689
     5.450000000     0.687928783     0.993738077     0.165623729
     5.460000000     0.670571991     1.002592300     0.165821253
     5.470000000     0.654400517     1.011529626     0.166109899
     5.480000000     0.639344269     1.020522373     0.166486838
     5.490000000     0.625334532     1.029543969     0.166948821
     5.500000000     0.612304584     1.038570555     0.167492225
     5.510000000     0.600190200     1.047583070     0.168113108
     5.520000000     0.588930055     1.056569151     0.168807275
     5.530000000     0.578466038     1.065524221     0.169570339
     5.540000000     0.568743493     1.074451278     0.170397795
     5.550000000     0.559711388     1.083359264     0.171285090
     5.560000000     0.551322437     1.092260286     0.172227692
     5.570000000     0.543533173     1.101166268     0.173221168
     5.580000000     0.536303979     1.110085779     0.174261248
     5.590000000     0.529599098     1.119021698     0.175343892
     5.600000000     0.523386601     1.127970190     0.176465350
     5.610000000     0.517638348     1.136921108     0.177622215
     5.620000000     0.512329911     1.145859624     0.178811471
     5.630000000     0.507440489     1.154768683     0.180030528
     5.640000000     0.502952796     1.163631745     0.181277256
     5.650000000     0.498852926     1.172435352     0.182550003
     5.660000000     0.495130197     1.181171182     0.183847608
     5.670000000     0.491776975     1.189837398     0.185169404
     5.680000000     0.488788463     1.198439244     0.186515215
     5.690000000     0.486162474     1.206988927     0.187885343
     5.700000000     0.483899165     1.215504825     0.189280546
     5.710000000     0.482000762     1.224010113     0.190702018
     5.720000000     0.480471241     1.232530881     0.192151356
     5.730000000     0.479316001     1.241093880     0.193630522
     5.740000000     0.478541509     1.249724077     0.195141808
     5.750000000     0.478154935     1.258442236     0.196687793
     5.760000000     0.478163776     1.267262776     0.198271298
     5.770000000     0.478575476     1.276192092     0.199895341
     5.780000000     0.479397050     1.285227486     0.201563085
     5.790000000     0.480634723     1.294356767     0.203277793
     5.800000000     0.482293579     1.303558543     0.205042776
     5.810000000     0.484377247     1.312803150     0.206861340
     5.820000000     0.486887613     1.322054190     0.208736735
     5.830000000     0.489824578     1.331270546     0.210672103
     5.840000000     0.493185858     1.340408736     0.212670419
     5.850000000     0.496966838     1.349425361     0.214734445
     5.860000000     0.501160482     1.358279380     0.216866668
     5.870000000     0.505757295     1.366933924     0.219069252
     5.880000000     0.510745351     1.375357462     0.221343981
     5.890000000     0.516110367     1.383524225     0.223692211
     5.900000000     0.521835838     1.391413958     0.226114820
     5.910000000     0.527903222     1.399011199     0.228612163
     5.920000000     0.534292161     1.406304322     0.231184030
     5.930000000     0.540980745     1.413284589     0.233829615
     5.940000000     0.547945804     1.419945413     0.236547482
     5.950000000     0.555163219     1.426281937     0.239335546
     5.960000000     0.562608243     1.432290986     0.242191063
     5.970000000     0.570255825     1.437971373     0.245110621
     5.980000000     0.578080928     1.443324495     0.248090152
     5.990000000     0.586058832     1.448355116     0.251124948
     6.000000000     0.594165407     1.453072173     0.254209685
     6.010000000     0.602377366     1.457489436     0.257338465
     6.020000000     0.610672475     1.461625810     0.260504863
     6.030000000     0.619029728     1.465505115     0.263701985
     6.040000000     0.627429474     1.469155236     0.266922534
     6.050000000     0.635853510     1.472606612     0.270158883
     6.060000000     0.644285121     1.475890187     0.273403160
     6.070000000     0.652709082     1.479035028     0.276647327
     6.080000000     0.661111623     1.482065923     0.279883273
     6.090000000     0.669480359     1.485001297     0.283102906
     6.100000000     0.677804185     1.487851734     0.286298237
     6.110000000     0.686073151     1.490619325     0.289461474
     6.120000000     0.694278316     1.493297930     0.292585110
     6.130000000     0.702411590     1.495874334     0.295661998
     6.140000000     0.710465572     1.498330180     0.298685432
     6.150000000     0.718433377     1.500644485     0.301649213
     6.160000000     0.726308480     1.502796456     0.304547715
     6.170000000     0.734084563     1.504768290     0.307375932
     6.180000000     0.741755374     1.506547562     0.310129529
     6.190000000     0.749314609     1.508128862     0.312804872
     6.200000000     0.756755806     1.509514390     0.315399056
     6.210000000     0.764072271     1.510713395     0.317909923
     6.220000000     0.771257021     1.511740572     0.320336069
     6.230000000     0.778302751     1.512613699     0.322676843
     6.240000000     0.785201830     1.513351026     0.324932336
     6.250000000     0.791946317     1.513968905     0.327103367
     6.260000000     0.798528006     1.514480119     0.329191459
     6.270000000     0.804938488     1.514893174     0.331198800
     6.280000000     0.811169235     1.515212570     0.333128211
     6.290000000     0.817211712     1.515439861     0.334983099
     6.300000000     0.823057492     1.515575169     0.336767405
     6.310000000     0.828698402     1.515618758     0.338485548
     6.320000000     0.834126677     1.515572362     0.340142365
     6.330000000     0.839335119     1.515440050     0.341743044
     6.340000000     0.844317281     1.515228584     0.343293054
     6.350000000     0.849067639     1.514947340     0.344798069
     6.360000000     0.853581782     1.514607900     0.346263899
     6.370000000     0.857856595     1.514223450     0.347696402
     6.380000000     0.861890436     1.513808034     0.349101409
     6.390000000     0.865683311     1.513375702     0.350484642
     6.400000000     0.869237028     1.512939603     0.351851631
     6.410000000     0.872555342     1.512511122     0.353207635
     6.420000000     0.875644075     1.512099253     0.354557568
     6.430000000     0.878511204     1.511710448     0.355905919
     6.440000000     0.881166925     1.511349130     0.357256688
     6.450000000     0.883623683     1.511018930     0.358613321
     6.460000000     0.885896151     1.510724535     0.359978654
     6.470000000     0.888001186     1.510473836     0.361354867
     6.480000000     0.889957728     1.510279927     0.362743450
     6.490000000     0.891786665     1.510162542     0.364145172
     6.500000000     0.893510650     1.510148529     0.365560070
     6.510000000     0.895153887     1.510271214     0.366987446
     6.520000000     0.896741876     1.510568650     0.368425876
     6.530000000     0.898301128     1.511080967     0.369873240
     6.540000000     0.899858870     1.511847145     0.371326748
     6.550000000     0.901442719     1.512901610     0.372782997
     6.560000000     0.903080365     1.514271048     0.374238023
     6.570000000     0.904799254     1.515971803     0.375687372
     6.580000000     0.906626286     1.518008175     0.377126175
     6.590000000     0.908587544     1.520371793     0.378549232
     6.600000000     0.910708046     1.523042088     0.379951095
     6.610000000     0.913011555     1.525987692     0.381326156
     6.620000000     0.915520422     1.529168445     0.382668733
     6.630000000     0.918255497     1.532537667     0.383973156
     6.640000000     0.921236085     1.536044406     0.385233838
     6.650000000     0.924479963     1.539635560     0.386445353
     6.660000000     0.928003447     1.543257896     0.387602487
     6.670000000     0.931821507     1.546860093     0.388700292
     6.680000000     0.935947919     1.550394870     0.389734122
     6.690000000     0.940395443     1.553821190     0.390699653
     6.700000000     0.945176022     1.557106368     0.391592893
     6.710000000     0.950300969     1.560227855     0.392410181
     6.720000000     0.955781156     1.563174484     0.393148169
     6.730000000     0.961627157     1.565946978     0.393803796
     6.740000000     0.967849359     1.568557693     0.394374256
     6.750000000     0.974458013     1.571029616     0.394856952
     6.760000000     0.981463213     1.573394763     0.395249453
     6.770000000     0.988874806     1.575692106     0.395549446
     6.780000000     0.996702219     1.577965211     0.395754690
     6.790000000     1.004954208     1.580259674     0.395862977
     6.800000000     1.013638534     1.582620447     0.395872092
     6.810000000     1.022761565     1.585089092     0.395779794
     6.820000000     1.032327839     1.587701016     0.395583794
     6.830000000     1.042339582     1.590482817     0.395281756
     6.840000000     1.052796216     1.593449862     0.394871303
     6.850000000     1.063693888     1.596604331     0.394350045
     6.860000000     1.075025022     1.599933925     0.393715607
     6.870000000     1.086777963     1.603411386     0.392965681
     6.880000000     1.098936695     1.606994912     0.392098080
     6.890000000     1.111480705     1.610629386     0.391110799
     6.900000000     1.124384982     1.614248247     0.390002089
     6.910000000     1.137620199     1.617775752     0.388770521
     6.920000000     1.151153077     1.621129360     0.387415061
     6.930000000     1.164946956     1.624222018     0.385935131
     6.940000000     1.178962562     1.626964299     0.384330671
     6.950000000     1.193158982     1.629266432     0.382602183
     6.960000000     1.207494822     1.631040477     0.380750774
     6.970000000     1.221929539     1.632202914     0.378778170
     6.980000000     1.236424913     1.632677918     0.376686730
     6.990000000     1.250946631     1.632401405     0.374479431
     7.000000000     1.265465933     1.631325719     0.372159847
     7.010000000     1.279961282     1.629424603     0.369732106
     7.020000000     1.294420002     1.626697923     0.367200834
     7.030000000     1.308839838     1.623175565     0.364571089
     7.040000000     1.323230367     1.618919992     0.361848276
     7.050000000     1.337614227     1.614027004     0.359038069
     7.060000000     1.352028093     1.608624445     0.356146312
     7.070000000     1.366523369     1.602868692     0.353178927
     7.080000000     1.381166537     1.596938971     0.350141819
     7.090000000     1.396039138     1.591029666     0.347040789
     7.100000000     1.411237354     1.585340990     0.343881444
     7.110000000     1.426871173     1.580068483     0.340669127
     7.120000000     1.443063123     1.575392005     0.337408846
     7.130000000     1.459946585     1.571465002     0.334105222
     7.140000000     1.477663686     1.568404967     0.330762444
     7.150000000     1.496362802     1.566286035     0.327384245
     7.160000000     1.516195695     1.565134447     0.323973877
     7.170000000     1.537314334     1.564927280     0.320534113
     7.180000000     1.559867446     1.565594344     0.317067248
     7.190000000     1.583996843     1.567022742     0.313575121
     7.200000000     1.609833620     1.569063291     0.310059133
     7.210000000     1.637494263     1.571537983     0.306520284
     7.220000000     1.667076763     1.574247722     0.302959210
     7.230000000     1.698656820     1.576979787     0.299376221
     7.240000000     1.732284205     1.579514654     0.295771348
     7.250000000     1.767979381     1.581631955     0.292144388
     7.260000000     1.805730463     1.583115492     0.288494948
     7.270000000     1.845490604     1.583757237     0.284822488
     7.280000000     1.887175896     1.583360263     0.281126365
     7.290000000     1.930663847     1.581740475     0.277405873
     7.300000000     1.975792539     1.578726962     0.273660280
     7.310000000     2.022360497     1.574160768     0.269888864
     7.320000000     2.070127355     1.567891961     0.266090945
     7.330000000     2.118815344     1.559775082     0.262265911
     7.340000000     2.168111638     1.549663412     0.258413249
     7.350000000     2.217671573     1.537402863     0.254532566
     7.360000000     2.267122730     1.522826632     0.250623608
     7.370000000     2.316069859     1.505751832     0.246686280
     7.380000000     2.364100592     1.485979184     0.242720656
     7.390000000     2.410791878     1.463296428     0.238726990
     7.400000000     2.455717051     1.437485656     0.234705727
     7.410000000     2.498453396     1.408334360     0.230657496
     7.420000000     2.538590091     1.375649710     0.226583117
     7.430000000     2.575736360     1.339275481     0.222483586
     7.440000000     2.609529644     1.299110939     0.218360072
     7.450000000     2.639643617     1.255130835     0.214213896
     7.460000000     2.665795828     1.207405371     0.210046512
     7.470000000     2.687754768     1.156118603     0.205859487
     7.480000000     2.705346145     1.101583268     0.201654474
     7.490000000     2.718458180     1.044249715     0.197433187
     7.500000000     2.727045715     0.984706546     0.193197369
     7.510000000     2.731132991     0.923670961     0.188948771
     7.520000000     2.730814936     0.861967817     0.184689122
     7.530000000     2.726256862     0.800497870     0.180420113
     7.540000000     2.717692507     0.740197511     0.176143377
     7.550000000     2.705420390     0.681993824     0.171860478
     7.560000000     2.689798509     0.626759736     0.167572911
     7.570000000     2.671237444     0.575273863     0.163282101
     7.580000000     2.650191982     0.528188673     0.158989421
     7.590000000     2.627151451     0.486008959     0.154696204
     7.600000000     2.602628948     0.449081024     0.150403778
     7.610000000     2.577149736     0.417591650     0.146113497
     7.620000000     2.551239082     0.391575087     0.141826782
     7.630000000     2.525409865     0.370925786     0.137545162
     7.640000000     2.500150266     0.355414459     0.133270327
     7.650000000     2.475911895     0.344705081     0.129004171
     7.660000000     2.453098684     0.338370722     0.124748841
     7.670000000     2.432056860     0.335906634     0.120506774
     7.680000000     2.413066311     0.336739706     0.116280742
     7.690000000     2.396333581     0.340234119     0.112073873
     7.700000000     2.381986728     0.345693779     0.107889675
     7.710000000     2.370072203     0.352362561     0.103732045
     7.720000000     2.360553840     0.359423841     0.099605262
     7.730000000     2.353314008     0.366001016     0.095513979
     7.740000000     2.348156892     0.371161054     0.091463191
     7.750000000     2.344813808     0.373923451     0.087458199
     7.760000000     2.342950389     0.373277361     0.083504559
     7.770000000     2.342175440     0.368209828     0.079608020
     7.780000000     2.342051177     0.357747847     0.075774463
     7.790000000     2.342104555     0.341015858     0.072009819
     7.800000000     2.341839347     0.317308146     0.068319999
     7.810000000     2.340748599     0.286172015     0.064710805
     7.820000000     2.338327119     0.247493017     0.061187857
     7.830000000     2.334083632     0.201568582     0.057756513
     7.840000000     2.327552267     0.149152978     0.054421793
     7.850000000     2.318303070     0.091456561     0.051188317
     7.860000000     2.305951285     0.030087592     0.048060243
     7.870000000     2.290165175    -0.033064519     0.045041216
     7.880000000     2.270672251    -0.095992095     0.042134329
     7.890000000     2.247263779    -0.156753638     0.039342095
     7.900000000     2.219797556    -0.213649123     0.036666426
     7.910000000     2.188198960    -0.265357764     0.034108625
     7.920000000     2.152460354    -0.311019691     0.031669390
     7.930000000     2.112638979    -0.350256260     0.029348824
     7.940000000     2.068853501    -0.383135879     0.027146458
     7.950000000     2.021279407    -0.410099776     0.025061276
     7.960000000     1.970143484    -0.431864375     0.023091750
     7.970000000     1.915717620    -0.449314946     0.021235883
     7.980000000     1.858312158    -0.463401251     0.019491250
     7.990000000     1.798269039    -0.475042058     0.017855041
     8.000000000     1.735954953    -0.485042914     0.016324118
     8.010000000     1.671754690    -0.494030805     0.014895052
     8.020000000     1.606064855    -0.502409569     0.013564181
     8.030000000     1.539288070    -0.510340221     0.012327646
     8.040000000     1.471827777    -0.517749270     0.011181443
     8.050000000     1.404083680    -0.524365094     0.010121463
     8.060000000     1.336447875    -0.529777730     0.009143528
     8.070000000     1.269301643    -0.533512556     0.008243427
     8.080000000     1.203012884    -0.535105236     0.007416950
     8.090000000     1.137934136    -0.534165431     0.006659915
     8.100000000     1.074401095    -0.530420292     0.005968194
     8.110000000     1.012731561    -0.523734218     0.005337734
     8.120000000     0.953224713    -0.514106784     0.004764579
     8.130000000     0.896160607    -0.501654519     0.004244880
     8.140000000     0.841799827    -0.486583601     0.003774915
     8.150000000     0.790383172    -0.469159970     0.003351095
     8.160000000     0.742131333    -0.449681603     0.002969976
     8.170000000     0.697244481    -0.428455701     0.002628263
     8.180000000     0.655901715    -0.405781767     0.002322818
     8.190000000     0.618260348    -0.381940393     0.002050657
     8.200000000     0.584455007    -0.357186926     0.001808959
     8.210000000     0.554596546    -0.331748900     0.001595060
     8.220000000     0.528770794    -0.305826214     0.001406458
     8.230000000     0.507037156    -0.279593133     0.001240803
     8.240000000     0.489427125    -0.253201446     0.001095902
     8.250000000     0.475942739    -0.226784261     0.000969710
     8.260000000     0.466555070    -0.200460145     0.000860326
     8.270000000     0.461202803    -0.174337402     0.000765991
     8.280000000     0.459790983    -0.148518394     0.000685078
     8.290000000     0.462190020    -0.123103896     0.000616088
     8.300000000     0.468235028    -0.098197474     0.000557644
     8.310000000     0.477725570    -0.073909925     0.000508482
     8.320000000     0.490425906    -0.050363821     0.000467447
     8.330000000     0.506065786    -0.027698133     0.000433486
     8.340000000     0.524341860    -0.006072923     0.000405640
     8.350000000     0.544919734     0.014326034     0.000383037
     8.360000000     0.567436721     0.033282914     0.000364890
     8.370000000     0.591505256     0.050548179     0.000350486
     8.380000000     0.616717002     0.065836180     0.000339183
     8.390000000     0.642647574     0.078824838     0.000330406
     8.400000000     0.668861853     0.089158522     0.000323640
     8.410000000     0.694919780     0.096455458     0.000318426
     8.420000000     0.720382546     0.100321166     0.000314359
     8.430000000     0.744819056     0.100369326     0.000311082
     8.440000000     0.767812506     0.096250995     0.000308283
     8.450000000     0.788966953     0.087692074     0.000305695
     8.460000000     0.807913690     0.074537205     0.000303089
     8.470000000     0.824317291     0.056796005     0.000300273
     8.480000000     0.837881136     0.034684969     0.000297090
     8.490000000     0.848352294     0.008656366     0.000293416
     8.500000000     0.855525613    -0.020595083     0.000289156
     8.510000000     0.859246899    -0.052154935     0.000284245
     8.520000000     0.859415097    -0.084943386     0.000278641
     8.530000000     0.855983408    -0.117796469     0.000272327
     8.540000000     0.848959298    -0.149562225     0.000265306
     8.550000000     0.838403416    -0.179195582     0.000257601
     8.560000000     0.824427434    -0.205835841     0.000249250
     8.570000000     0.807190875    -0.228855344     0.000240307
     8.580000000     0.786897032    -0.247875348     0.000230835
     8.590000000     0.763788082    -0.262752370     0.000220910
     8.600000000     0.738139544    -0.273543253     0.000210611
     8.610000000     0.710254231    -0.280458961     0.000200025
     8.620000000     0.680455869    -0.283816131     0.000189240
     8.630000000     0.649082555    -0.283992868     0.000178347
     8.640000000     0.616480219    -0.281392447     0.000167433
     8.650000000     0.582996264    -0.276416099     0.000156586
     8.660000000     0.548973520    -0.269444437     0.000145887
     8.670000000     0.514744665    -0.260826172     0.000135414
     8.680000000     0.480627213    -0.250872463     0.000125238
     8.690000000     0.446919159    -0.239855287     0.000115424
     8.700000000     0.413895353    -0.228008493     0.000106029
     8.710000000     0.381804632    -0.215530456     0.000097103
     8.720000000     0.350867724    -0.202587576     0.000088687
     8.730000000     0.321275917    -0.189318093     0.000080816
     8.740000000     0.293190446    -0.175835876     0.000073517
     8.750000000     0.266742556    -0.162233990     0.000066809
     8.760000000     0.242034164    -0.148587941     0.000060707
     8.770000000     0.219139041    -0.134958548     0.000055217
     8.780000000     0.198104420    -0.121394450     0.000050340
     8.790000000     0.178952938    -0.107934271     0.000046075
     8.800000000     0.161684828    -0.094608468     0.000042413
     8.810000000     0.146280244    -0.081440909     0.000039344
     8.820000000     0.132701672    -0.068450219     0.000036853
     8.830000000     0.120896311    -0.055650932     0.000034924
     8.840000000     0.110798396    -0.043054485     0.000033539
     8.850000000     0.102331382    -0.030670092     0.000032676
     8.860000000     0.095409965    -0.018505512     0.000032316
     8.870000000     0.089941910    -0.006567757     0.000032434
     8.880000000     0.085829663     0.005136247     0.000033007
     8.890000000     0.082971757     0.016599023     0.000034011
     8.900000000     0.081264010     0.027811917     0.000035421
     8.910000000     0.080600525     0.038764454     0.000037210
     8.920000000     0.080874534     0.049443684     0.000039353
     8.930000000     0.081979087     0.059833493     0.000041822
     8.940000000     0.083807640     0.069913909     0.000044590
     8.950000000     0.086254552     0.079660390     0.000047628
     8.960000000     0.089215537     0.089043162     0.000050907
     8.970000000     0.092588087     0.098026647     0.000054396
     8.980000000     0.096271897     0.106569087     0.000058066
     8.990000000     0.100169307     0.114622512     0.000061884
     9.000000000     0.104185775     0.122133228     0.000065819
     9.010000000     0.108230387     0.129043074     0.000069839
     9.020000000     0.112216412     0.135291709     0.000073909
     9.030000000     0.116061884     0.140820189     0.000077999
     9.040000000     0.119690217     0.145575999     0.000082074
     9.050000000     0.123030824     0.149519523     0.000086102
     9.060000000     0.126019734     0.152631591     0.000090052
     9.070000000     0.128600181     0.154921323     0.000093891
     9.080000000     0.130723133     0.156432988     0.000097589
     9.090000000     0.132347761     0.157250290     0.000101117
     9.100000000     0.133441808     0.157496468     0.000104447
     9.110000000     0.133981844     0.157329143     0.000107553
     9.120000000     0.133953393     0.156929848     0.000110411
     9.130000000     0.133350924     0.156489506     0.000112998
     9.140000000     0.132177684     0.156192224     0.000115295
     9.150000000     0.130445393     0.156200278     0.000117283
     9.160000000     0.128173779     0.156642796     0.000118948
     9.170000000     0.125389984     0.157609635     0.000120276
     9.180000000     0.122127836     0.159150607     0.000121257
     9.190000000     0.118427016     0.161279139     0.000121884
     9.200000000     0.114332130     0.163978807     0.000122152
     9.210000000     0.109891723     0.167211120     0.000122058
     9.220000000     0.105157245     0.170923200     0.000121604
     9.230000000     0.100182003     0.175054501     0.000120792
     9.240000000     0.095020132     0.179542119     0.000119629
     9.250000000     0.089725587     0.184324645     0.000118123
     9.260000000     0.084351211     0.189344683     0.000116285
     9.270000000     0.078947863     0.194550300     0.000114129
     9.280000000     0.073563662     0.199895663     0.000111670
     9.290000000     0.068243321     0.205341117     0.000108928
     9.300000000     0.063027611     0.210852903     0.000105922
     9.310000000     0.057952947     0.216402661     0.000102674
     9.320000000     0.053051096     0.221966847     0.000099209
     9.330000000     0.048349008     0.227526116     0.000095552
     9.340000000     0.043868765     0.233064727     0.000091729
     9.350000000     0.039627638     0.238570002     0.000087768
     9.360000000     0.035638241     0.244031837     0.000083697
     9.370000000     0.031908767     0.249442278     0.000079544
     9.380000000     0.028443294     0.254795158     0.000075337
     9.390000000     0.025242151     0.260085788     0.000071104
     9.400000000     0.022302315     0.265310691     0.000066873
     9.410000000     0.019617841     0.270467391     0.000062669
     9.420000000     0.017180301     0.275554220     0.000058518
     9.430000000     0.014979223     0.280570176     0.000054442
     9.440000000     0.013002518     0.285514787     0.000050463
     9.450000000     0.011236890     0.290388013     0.000046600
     9.460000000     0.009668210     0.295190157     0.000042871
     9.470000000     0.008281866     0.299921792     0.000039290
     9.480000000     0.007063071     0.304583705     0.000035870
     9.490000000     0.005997125     0.309176848     0.000032621
     9.500000000     0.005069651     0.313702299     0.000029550
     9.510000000     0.004266774     0.318161230     0.000026662
     9.520000000     0.003575272     0.322554879     0.000023961
     9.530000000     0.002982689     0.326884532     0.000021448
     9.540000000     0.002477409     0.331151504     0.000019121
     9.550000000     0.002048708     0.335357123     0.000016977
     9.560000000     0.001686773     0.339502725     0.000015012
     9.570000000     0.001382705     0.343589638     0.000013220
     9.580000000     0.001128498     0.347619182     0.000011594
     9.590000000     0.000917007     0.351592656     0.000010126
     9.600000000     0.000741903     0.355511341     0.000008807
     9.610000000     0.000597623     0.359376492     0.000007628
     9.620000000     0.000479310     0.363189338     0.000006579
     9.630000000     0.000382751     0.366951079     0.000005650
     9.640000000     0.000304320     0.370662886     0.000004832
     9.650000000     0.000240914     0.374325900     0.000004115
     9.660000000     0.000189896     0.377941228     0.000003489
     9.670000000     0.000149038     0.381509951     0.000002946
     9.680000000     0.000116468     0.385033117     0.000002476
     9.690000000     0.000090625     0.388511742     0.000002073
     9.700000000     0.000070215     0.391946815     0.000001728
     9.710000000     0.000054170     0.395339295     0.000001434
     9.720000000     0.000041614     0.398690111     0.000001185
     9.730000000     0.000031832     0.402000166     0.000000975
     9.740000000     0.000024247     0.405270334     0.000000799
     9.750000000     0.000018392     0.408501463     0.000000651
     9.760000000     0.000013892     0.411694377     0.000000529
     9.770000000     0.000010450     0.414849873     0.000000428
     9.780000000     0.000007827     0.417968726     0.000000344
     9.790000000     0.000005839     0.421051686     0.000000276
     9.800000000     0.000004338     0.424099482     0.000000220
     9.810000000     0.000003209     0.427112820     0.000000175
     9.820000000     0.000002365     0.430092387     0.000000138
     9.830000000     0.000001735     0.433038849     0.000000109
     9.840000000     0.000001269     0.435952852     0.000000085
     9.850000000     0.000000923     0.438835024     0.000000067
     9.860000000     0.000000670     0.441685974     0.000000052
     9.870000000     0.000000484     0.444506295     0.000000040
     9.880000000     0.000000348     0.447296563     0.000000031
     9.890000000     0.000000249     0.450057336     0.000000024
     9.900000000     0.000000178     0.452789159     0.000000018
     9.910000000     0.000000127     0.455492560     0.000000014
     9.920000000     0.000000090     0.458168053     0.000000010
     9.930000000     0.000000063     0.460816140     0.000000008
     9.940000000     0.000000045     0.463437306     0.000000006
     9.950000000     0.000000031     0.466032027     0.000000004
     9.960000000     0.000000022     0.468600762     0.000000003
     9.970000000     0.000000015     0.471143962     0.000000002
     9.980000000     0.000000011     0.473662063     0.000000002
     9.990000000     0.000000007     0.476155493     0.000000001
    10.000000000     0.000000005     0.478624666     0.000000001
    10.010000000     0.000000003     0.481069988     0.000000001
    10.020000000     0.000000002     0.483491853     0.000000001
    10.030000000     0.000000002     0.485890646     0.000000000
    10.040000000     0.000000001     0.488266742     0.000000000
    10.050000000     0.000000001     0.490620509     0.000000000
    10.060000000     0.000000000     0.492952303     0.000000000
    10.070000000     0.000000000     0.495262472     0.000000000
    10.080000000     0.000000000     0.497551359     0.000000000
    10.090000000     0.000000000     0.499819294     0.000000000
    10.100000000     0.000000000     0.502066603     0.000000000
    10.110000000     0.000000000     0.504293603     0.000000000
    10.120000000     0.000000000     0.506500604     0.000000000
    10.130000000     0.000000000     0.508687908     0.000000000
    10.140000000     0.000000000     0.510855812     0.000000000
    10.150000000     0.000000000     0.513004605     0.000000000
    10.160000000     0.000000000     0.515134570     0.000000000
    10.170000000     0.000000000     0.517245983     0.000000000
    10.180000000     0.000000000     0.519339114     0.000000000
    10.190000000     0.000000000     0.521414230     0.000000000
    10.200000000     0.000000000     0.523471589     0.000000000
    10.210000000     0.000000000     0.525511443     0.000000000
    10.220000000     0.000000000     0.527534042     0.000000000
    10.230000000     0.000000000     0.529539628     0.000000000
    10.240000000     0.000000000     0.531528440     0.000000000
    10.250000000     0.000000000     0.533500709     0.000000000
    10.260000000     0.000000000     0.535456664     0.000000000
    10.270000000     0.000000000     0.537396529     0.000000000
    10.280000000     0.000000000     0.539320522     0.000000000
    10.290000000     0.000000000     0.541228859     0.000000000
    10.300000000     0.000000000     0.543121748     0.000000000
    10.310000000     0.000000000     0.544999398     0.000000000
    10.320000000     0.000000000     0.546862008     0.000000000
    10.330000000     0.000000000     0.548709778     0.000000000
    10.340000000     0.000000000     0.550542902     0.000000000
    10.350000000     0.000000000     0.552361571     0.000000000
    10.360000000     0.000000000     0.554165971     0.000000000
    10.370000000     0.000000000     0.555956285     0.000000000
    10.380000000     0.000000000     0.557732694     0.000000000
    10.390000000     0.000000000     0.559495374     0.000000000
    10.400000000     0.000000000     0.561244498     0.000000000
    10.410000000     0.000000000     0.562980237     0.000000000
    10.420000000     0.000000000     0.564702757     0.000000000
    10.430000000     0.000000000     0.566412222     0.000000000
    10.440000000     0.000000000     0.568108793     0.000000000
    10.450000000     0.000000000     0.569792629     0.000000000
    10.460000000     0.000000000     0.571463884     0.000000000
    10.470000000     0.000000000     0.573122711     0.000000000
    10.480000000     0.000000000     0.574769259     0.000000000
    10.490000000     0.000000000     0.576403676     0.000000000
    10.500000000     0.000000000     0.578026107     0.000000000
    10.510000000     0.000000000     0.579636693     0.000000000
    10.520000000     0.000000000     0.581235574     0.000000000
    10.530000000     0.000000000     0.582822887     0.000000000
    10.540000000     0.000000000     0.584398767     0.000000000
    10.550000000     0.000000000     0.585963348     0.000000000
    10.560000000     0.000000000     0.587516759     0.000000000
    10.570000000     0.000000000     0.589059128     0.000000000
    10.580000000     0.000000000     0.590590582     0.000000000
    10.590000000     0.000000000     0.592111244     0.000000000
    10.600000000     0.000000000     0.593621237     0.000000000
    10.610000000     0.000000000     0.595120681     0.000000000
    10.620000000     0.000000000     0.596609694     0.000000000
    10.630000000     0.000000000     0.598088391     0.000000000
    10.640000000     0.000000000     0.599556888     0.000000000
    10.650000000     0.000000000     0.601015296     0.000000000
    10.660000000     0.000000000     0.602463726     0.000000000
    10.670000000     0.000000000     0.603902288     0.000000000
    10.680000000     0.000000000     0.605331088     0.000000000
    10.690000000     0.000000000     0.606750232     0.000000000
    10.700000000     0.000000000     0.608159825     0.000000000
    10.710000000     0.000000000     0.609559967     0.000000000
    10.720000000     0.000000000     0.610950761     0.000000000
    10.730000000     0.000000000     0.612332304     0.000000000
    10.740000000     0.000000000     0.613704696     0.000000000
    10.750000000     0.000000000     0.615068032     0.000000000
    10.760000000     0.000000000     0.616422407     0.000000000
    10.770000000     0.000000000     0.617767914     0.000000000
    10.780000000     0.000000000     0.619104645     0.000000000
    10.790000000     0.000000000     0.620432691     0.000000000
    10.800000000     0.000000000     0.621752141     0.000000000
    10.810000000     0.000000000     0.623063084     0.000000000
    10.820000000     0.000000000     0.624365605     0.000000000
    10.830000000     0.000000000     0.625659790     0.000000000
    10.840000000     0.000000000     0.626945724     0.000000000
    10.850000000     0.000000000     0.628223489     0.000000000
    10.860000000     0.000000000     0.629493168     0.000000000
    10.870000000     0.000000000     0.630754840     0.000000000
    10.880000000     0.000000000     0.632008585     0.000000000
    10.890000000     0.000000000     0.633254482     0.000000000
    10.900000000     0.000000000     0.634492608     0.000000000
    10.910000000     0.000000000     0.635723039     0.000000000
    10.920000000     0.000000000     0.636945850     0.000000000
    10.930000000     0.000000000     0.638161115     0.000000000
    10.940000000     0.000000000     0.639368908     0.000000000
    10.950000000     0.000000000     0.640569300     0.000000000
    10.960000000     0.000000000     0.641762362     0.000000000
    10.970000000     0.000000000     0.642948165     0.000000000
    10.980000000     0.000000000     0.644126778     0.000000000
    10.990000000     0.000000000     0.645298269     0.000000000
    11.000000000     0.000000000     0.646462705     0.000000000
