 # Column 1: omega
 # Column 2: eps2(omega)
 # Column 3: eps1(omega)
 # Column 4: JDOS(omega)
     0.000000000     0.000000000     2.905133208     0.000000000
     0.010000000     0.000000000     2.905143166     0.000000000
     0.020000000     0.000000000     2.905173041     0.000000000
     0.030000000     0.000000000     2.905222834     0.000000000
     0.040000000     0.000000000     2.905292550     0.000000000
     0.050000000     0.000000000     2.905382193     0.000000000
     0.060000000     0.000000000     2.905491770     0.000000000
     0.070000000     0.000000000     2.905621290     0.000000000
     0.080000000     0.000000000     2.905770760     0.000000000
     0.090000000     0.000000000     2.905940193     0.000000000
     0.100000000     0.000000000     2.906129600     0.000000000
     0.110000000     0.000000000     2.906338995     0.000000000
     0.120000000     0.000000000     2.906568394     0.000000000
     0.130000000     0.000000000     2.906817812     0.000000000
     0.140000000     0.000000000     2.907087269     0.000000000
     0.150000000     0.000000000     2.907376783     0.000000000
     0.160000000     0.000000000     2.907686377     0.000000000
     0.170000000     0.000000000     2.908016071     0.000000000
     0.180000000     0.000000000     2.908365891     0.000000000
     0.190000000     0.000000000     2.908735862     0.000000000
     0.200000000     0.000000000     2.909126010     0.000000000
     0.210000000     0.000000000     2.909536365     0.000000000
     0.220000000     0.000000000     2.909966956     0.000000000
     0.230000000     0.000000000     2.910417815     0.000000000
     0.240000000     0.000000000     2.910888974     0.000000000
     0.250000000     0.000000000     2.911380469     0.000000000
     0.260000000     0.000000000     2.911892335     0.000000000
     0.270000000     0.000000000     2.912424610     0.000000000
     0.280000000     0.000000000     2.912977333     0.000000000
     0.290000000     0.000000000     2.913550545     0.000000000
     0.300000000     0.000000000     2.914144287     0.000000000
     0.310000000     0.000000000     2.914758604     0.000000000
     0.320000000     0.000000000     2.915393542     0.000000000
     0.330000000     0.000000000     2.916049146     0.000000000
     0.340000000     0.000000000     2.916725465     0.000000000
     0.350000000     0.000000000     2.917422550     0.000000000
     0.360000000     0.000000000     2.918140453     0.000000000
     0.370000000     0.000000000     2.918879227     0.000000000
     0.380000000     0.000000000     2.919638926     0.000000000
     0.390000000     0.000000000     2.920419607     0.000000000
     0.400000000     0.000000000     2.921221330     0.000000000
     0.410000000     0.000000000     2.922044153     0.000000000
     0.420000000     0.000000000     2.922888138     0.000000000
     0.430000000     0.000000000     2.923753350     0.000000000
     0.440000000     0.000000000     2.924639852     0.000000000
     0.450000000     0.000000000     2.925547712     0.000000000
     0.460000000     0.000000000     2.926476998     0.000000000
     0.470000000     0.000000000     2.927427780     0.000000000
     0.480000000     0.000000000     2.928400132     0.000000000
     0.490000000     0.000000000     2.929394125     0.000000000
     0.500000000     0.000000000     2.930409837     0.000000000
     0.510000000     0.000000000     2.931447343     0.000000000
     0.520000000     0.000000000     2.932506725     0.000000000
     0.530000000     0.000000000     2.933588063     0.000000000
     0.540000000     0.000000000     2.934691439     0.000000000
     0.550000000     0.000000000     2.935816939     0.000000000
     0.560000000     0.000000000     2.936964649     0.000000000
     0.570000000     0.000000000     2.938134659     0.000000000
     0.580000000     0.000000000     2.939327059     0.000000000
     0.590000000     0.000000000     2.940541940     0.000000000
     0.600000000     0.000000000     2.941779399     0.000000000
     0.610000000     0.000000000     2.943039532     0.000000000
     0.620000000     0.000000000     2.944322436     0.000000000
     0.630000000     0.000000000     2.945628213     0.000000000
     0.640000000     0.000000000     2.946956966     0.000000000
     0.650000000     0.000000000     2.948308799     0.000000000
     0.660000000     0.000000000     2.949683820     0.000000000
     0.670000000     0.000000000     2.951082136     0.000000000
     0.680000000     0.000000000     2.952503861     0.000000000
     0.690000000     0.000000000     2.953949106     0.000000000
     0.700000000     0.000000000     2.955417987     0.000000000
     0.710000000     0.000000000     2.956910623     0.000000000
     0.720000000     0.000000000     2.958427134     0.000000000
     0.730000000     0.000000000     2.959967641     0.000000000
     0.740000000     0.000000000     2.961532271     0.000000000
     0.750000000     0.000000000     2.963121149     0.000000000
     0.760000000     0.000000000     2.964734405     0.000000000
     0.770000000     0.000000000     2.966372172     0.000000000
     0.780000000     0.000000000     2.968034584     0.000000000
     0.790000000     0.000000000     2.969721778     0.000000000
     0.800000000     0.000000000     2.971433892     0.000000000
     0.810000000     0.000000000     2.973171070     0.000000000
     0.820000000     0.000000000     2.974933454     0.000000000
     0.830000000     0.000000000     2.976721194     0.000000000
     0.840000000     0.000000000     2.978534438     0.000000000
     0.850000000     0.000000000     2.980373339     0.000000000
     0.860000000     0.000000000     2.982238052     0.000000000
     0.870000000     0.000000000     2.984128736     0.000000000
     0.880000000     0.000000000     2.986045551     0.000000000
     0.890000000     0.000000000     2.987988660     0.000000000
     0.900000000     0.000000000     2.989958231     0.000000000
     0.910000000     0.000000000     2.991954433     0.000000000
     0.920000000     0.000000000     2.993977438     0.000000000
     0.930000000     0.000000000     2.996027423     0.000000000
     0.940000000     0.000000000     2.998104565     0.000000000
     0.950000000     0.000000000     3.000209047     0.000000000
     0.960000000     0.000000000     3.002341053     0.000000000
     0.970000000     0.000000000     3.004500772     0.000000000
     0.980000000     0.000000000     3.006688395     0.000000000
     0.990000000     0.000000000     3.008904118     0.000000000
     1.000000000     0.000000000     3.011148137     0.000000000
     1.010000000     0.000000000     3.013420656     0.000000000
     1.020000000     0.000000000     3.015721878     0.000000000
     1.030000000     0.000000000     3.018052013     0.000000000
     1.040000000     0.000000000     3.020411274     0.000000000
     1.050000000     0.000000000     3.022799875     0.000000000
     1.060000000     0.000000000     3.025218038     0.000000000
     1.070000000     0.000000000     3.027665985     0.000000000
     1.080000000     0.000000000     3.030143944     0.000000000
     1.090000000     0.000000000     3.032652146     0.000000000
     1.100000000     0.000000000     3.035190828     0.000000000
     1.110000000     0.000000000     3.037760228     0.000000000
     1.120000000     0.000000000     3.040360590     0.000000000
     1.130000000     0.000000000     3.042992163     0.000000000
     1.140000000     0.000000000     3.045655197     0.000000000
     1.150000000     0.000000000     3.048349951     0.000000000
     1.160000000     0.000000000     3.051076686     0.000000000
     1.170000000     0.000000000     3.053835666     0.000000000
     1.180000000     0.000000000     3.056627163     0.000000000
     1.190000000     0.000000001     3.059451452     0.000000000
     1.200000000     0.000000001     3.062308812     0.000000000
     1.210000000     0.000000001     3.065199529     0.000000000
     1.220000000     0.000000001     3.068123892     0.000000000
     1.230000000     0.000000002     3.071082197     0.000000001
     1.240000000     0.000000003     3.074074744     0.000000001
     1.250000000     0.000000004     3.077101839     0.000000001
     1.260000000     0.000000005     3.080163793     0.000000001
     1.270000000     0.000000007     3.083260923     0.000000002
     1.280000000     0.000000010     3.086393550     0.000000003
     1.290000000     0.000000014     3.089562004     0.000000003
     1.300000000     0.000000018     3.092766619     0.000000005
     1.310000000     0.000000025     3.096007734     0.000000006
     1.320000000     0.000000033     3.099285696     0.000000008
     1.330000000     0.000000044     3.102600857     0.000000011
     1.340000000     0.000000059     3.105953578     0.000000014
     1.350000000     0.000000078     3.109344224     0.000000019
     1.360000000     0.000000104     3.112773167     0.000000025
     1.370000000     0.000000136     3.116240786     0.000000032
     1.380000000     0.000000179     3.119747469     0.000000042
     1.390000000     0.000000234     3.123293609     0.000000054
     1.400000000     0.000000305     3.126879607     0.000000070
     1.410000000     0.000000396     3.130505872     0.000000090
     1.420000000     0.000000513     3.134172820     0.000000115
     1.430000000     0.000000661     3.137880875     0.000000146
     1.440000000     0.000000850     3.141630470     0.000000184
     1.450000000     0.000001088     3.145422046     0.000000233
     1.460000000     0.000001389     3.149256052     0.000000292
     1.470000000     0.000001768     3.153132945     0.000000365
     1.480000000     0.000002244     3.157053193     0.000000455
     1.490000000     0.000002838     3.161017271     0.000000565
     1.500000000     0.000003578     3.165025664     0.000000698
     1.510000000     0.000004499     3.169078868     0.000000858
     1.520000000     0.000005639     3.173177386     0.000001052
     1.530000000     0.000007049     3.177321734     0.000001285
     1.540000000     0.000008786     3.181512435     0.000001562
     1.550000000     0.000010920     3.185750025     0.000001893
     1.560000000     0.000013535     3.190035050     0.000002284
     1.570000000     0.000016732     3.194368066     0.000002747
     1.580000000     0.000020628     3.198749642     0.000003291
     1.590000000     0.000025364     3.203180355     0.000003929
     1.600000000     0.000031105     3.207660797     0.000004675
     1.610000000     0.000038048     3.212191570     0.000005543
     1.620000000     0.000046419     3.216773288     0.000006550
     1.630000000     0.000056485     3.221406578     0.000007716
     1.640000000     0.000068557     3.226092077     0.000009061
     1.650000000     0.000082994     3.230830436     0.000010608
     1.660000000     0.000100211     3.235622317     0.000012384
     1.670000000     0.000120684     3.240468397     0.000014417
     1.680000000     0.000144957     3.245369360     0.000016739
     1.690000000     0.000173650     3.250325907     0.000019387
     1.700000000     0.000207466     3.255338746     0.000022401
     1.710000000     0.000247194     3.260408599     0.000025824
     1.720000000     0.000293719     3.265536196     0.000029709
     1.730000000     0.000348026     3.270722278     0.000034111
     1.740000000     0.000411207     3.275967592     0.000039094
     1.750000000     0.000484457     3.281272895     0.000044729
     1.760000000     0.000569087     3.286638944     0.000051096
     1.770000000     0.000666512     3.292066502     0.000058287
     1.780000000     0.000778255     3.297556330     0.000066400
     1.790000000     0.000905938     3.303109186     0.000075551
     1.800000000     0.001051274     3.308725820     0.000085866
     1.810000000     0.001216054     3.314406971     0.000097485
     1.820000000     0.001402127     3.320153362     0.000110566
     1.830000000     0.001611379     3.325965691     0.000125282
     1.840000000     0.001845711     3.331844630     0.000141823
     1.850000000     0.002107000     3.337790820     0.000160399
     1.860000000     0.002397070     3.343804858     0.000181236
     1.870000000     0.002717646     3.349887300     0.000204580
     1.880000000     0.003070316     3.356038650     0.000230695
     1.890000000     0.003456476     3.362259359     0.000259862
     1.900000000     0.003877284     3.368549815     0.000292377
     1.910000000     0.004333605     3.374910337     0.000328551
     1.920000000     0.004825957     3.381341160     0.000368704
     1.930000000     0.005354463     3.387842417     0.000413164
     1.940000000     0.005918794     3.394414098     0.000462265
     1.950000000     0.006518127     3.401056011     0.000516334
     1.960000000     0.007151101     3.407767718     0.000575693
     1.970000000     0.007815785     3.414548465     0.000640650
     1.980000000     0.008509650     3.421397105     0.000711491
     1.990000000     0.009229557     3.428312031     0.000788470
     2.000000000     0.009971752     3.435291114     0.000871804
     2.010000000     0.010731875     3.442331674     0.000961665
     2.020000000     0.011504989     3.449430465     0.001058165
     2.030000000     0.012285609     3.456583707     0.001161352
     2.040000000     0.013067766     3.463787141     0.001271200
     2.050000000     0.013845064     3.471036116     0.001387598
     2.060000000     0.014610770     3.478325702     0.001510345
     2.070000000     0.015357898     3.485650839     0.001639141
     2.080000000     0.016079322     3.493006506     0.001773585
     2.090000000     0.016767882     3.500387951     0.001913164
     2.100000000     0.017416507     3.507791006     0.002057257
     2.110000000     0.018018333     3.515212507     0.002205132
     2.120000000     0.018566833     3.522650874     0.002355947
     2.130000000     0.019055928     3.530106809     0.002508757
     2.140000000     0.019480109     3.537584060     0.002662516
     2.150000000     0.019834538     3.545090102     0.002816091
     2.160000000     0.020115144     3.552636559     0.002968271
     2.170000000     0.020318702     3.560239169     0.003117779
     2.180000000     0.020442895     3.567917188     0.003263295
     2.190000000     0.020486361     3.575692223     0.003403466
     2.200000000     0.020448716     3.583586667     0.003536931
     2.210000000     0.020330559     3.591621997     0.003662341
     2.220000000     0.020133460     3.599817253     0.003778381
     2.230000000     0.019859920     3.608187953     0.003883793
     2.240000000     0.019513322     3.616745551     0.003977395
     2.250000000     0.019097861     3.625497464     0.004058109
     2.260000000     0.018618454     3.634447510     0.004124975
     2.270000000     0.018080646     3.643596619     0.004177174
     2.280000000     0.017490503     3.652943643     0.004214043
     2.290000000     0.016854497     3.662486131     0.004235087
     2.300000000     0.016179387     3.672221003     0.004239992
     2.310000000     0.015472104     3.682145068     0.004228631
     2.320000000     0.014739629     3.692255384     0.004201071
     2.330000000     0.013988889     3.702549476     0.004157565
     2.340000000     0.013226647     3.713025425     0.004098557
     2.350000000     0.012459412     3.723681872     0.004024669
     2.360000000     0.011693349     3.734517964     0.003936690
     2.370000000     0.010934217     3.745533273     0.003835567
     2.380000000     0.010187303     3.756727719     0.003722378
     2.390000000     0.009457382     3.768101499     0.003598324
     2.400000000     0.008748685     3.779655048     0.003464699
     2.410000000     0.008064883     3.791389021     0.003322868
     2.420000000     0.007409082     3.803304291     0.003174250
     2.430000000     0.006783832     3.815401970     0.003020286
     2.440000000     0.006191146     3.827683425     0.002862419
     2.450000000     0.005632529     3.840150307     0.002702073
     2.460000000     0.005109015     3.852804563     0.002540629
     2.470000000     0.004621215     3.865648454     0.002379408
     2.480000000     0.004169367     3.878684555     0.002219652
     2.490000000     0.003753396     3.891915756     0.002062510
     2.500000000     0.003372974     3.905345253     0.001909026
     2.510000000     0.003027593     3.918976537     0.001760131
     2.520000000     0.002716628     3.932813384     0.001616634
     2.530000000     0.002439421     3.946859836     0.001479223
     2.540000000     0.002195355     3.961120190     0.001348458
     2.550000000     0.001983938     3.975598989     0.001224779
     2.560000000     0.001804895     3.990301003     0.001108505
     2.570000000     0.001658263     4.005231227     0.000999844
     2.580000000     0.001544492     4.020394871     0.000898896
     2.590000000     0.001464555     4.035797350     0.000805670
     2.600000000     0.001420068     4.051444286     0.000720083
     2.610000000     0.001413422     4.067341502     0.000641980
     2.620000000     0.001447920     4.083495021     0.000571144
     2.630000000     0.001527934     4.099911067     0.000507301
     2.640000000     0.001659065     4.116596070     0.000450140
     2.650000000     0.001848322     4.133556673     0.000399317
     2.660000000     0.002104307     4.150799736     0.000354469
     2.670000000     0.002437411     4.168332354     0.000315223
     2.680000000     0.002860017     4.186161868     0.000281205
     2.690000000     0.003386699     4.204295880     0.000252045
     2.700000000     0.004034429     4.222742271     0.000227389
     2.710000000     0.004822769     4.241509207     0.000206901
     2.720000000     0.005774044     4.260605146     0.000190269
     2.730000000     0.006913500     4.280038827     0.000177211
     2.740000000     0.008269419     4.299819245     0.000167474
     2.750000000     0.009873194     4.319955612     0.000160841
     2.760000000     0.011759341     4.340457302     0.000157130
     2.770000000     0.013965453     4.361333787     0.000156196
     2.780000000     0.016532056     4.382594572     0.000157930
     2.790000000     0.019502382     4.404249120     0.000162260
     2.800000000     0.022922034     4.426306783     0.000169151
     2.810000000     0.026838528     4.448776725     0.000178603
     2.820000000     0.031300720     4.471667838     0.000190648
     2.830000000     0.036358088     4.494988640     0.000205353
     2.840000000     0.042059900     4.518747149     0.000222813
     2.850000000     0.048454228     4.542950727     0.000243152
     2.860000000     0.055586862     4.567605880     0.000266521
     2.870000000     0.063500089     4.592718008     0.000293094
     2.880000000     0.072231393     4.618291100     0.000323063
     2.890000000     0.081812075     4.644327357     0.000356642
     2.900000000     0.092265834     4.670826735     0.000394057
     2.910000000     0.103607337     4.697786381     0.000435547
     2.920000000     0.115840831     4.725199970     0.000481360
     2.930000000     0.128958820     4.753056880     0.000531748
     2.940000000     0.142940873     4.781341227     0.000586962
     2.950000000     0.157752609     4.810030702     0.000647256
     2.960000000     0.173344901     4.839095204     0.000712871
     2.970000000     0.189653351     4.868495271     0.000784043
     2.980000000     0.206598090     4.898180293     0.000860989
     2.990000000     0.224083923     4.928086580     0.000943910
     3.000000000     0.242000872     4.958135335     0.001032982
     3.010000000     0.260225123     4.988230688     0.001128355
     3.020000000     0.278620402     5.018258009     0.001230147
     3.030000000     0.297039771     5.048082821     0.001338440
     3.040000000     0.315327835     5.077550785     0.001453277
     3.050000000     0.333323341     5.106489357     0.001574658
     3.060000000     0.350862118     5.134711901     0.001702537
     3.070000000     0.367780318     5.162025115     0.001836818
     3.080000000     0.383917890     5.188240601     0.001977353
     3.090000000     0.399122231     5.213191154     0.002123938
     3.100000000     0.413251908     5.236751725     0.002276316
     3.110000000     0.426180408     5.258863956     0.002434170
     3.120000000     0.437799805     5.279561800     0.002597125
     3.130000000     0.448024279     5.298994209     0.002764749
     3.140000000     0.456793412     5.317439738     0.002936550
     3.150000000     0.464075193     5.335307877     0.003111982
     3.160000000     0.469868686     5.353123479     0.003290444
     3.170000000     0.474206313     5.371493879     0.003471284
     3.180000000     0.477155736     5.391062440     0.003653801
     3.190000000     0.478821322     5.412455953     0.003837253
     3.200000000     0.479345213     5.436235072     0.004020857
     3.210000000     0.478908006     5.462856083     0.004203801
     3.220000000     0.477729107     5.492649110     0.004385245
     3.230000000     0.476066785     5.525813743     0.004564335
     3.240000000     0.474218000     5.562429373     0.004740203
     3.250000000     0.472518075     5.602475413     0.004911983
     3.260000000     0.471340251     5.645856101     0.005078817
     3.270000000     0.471095216     5.692425422     0.005239864
     3.280000000     0.472230644     5.742009137     0.005394310
     3.290000000     0.475230777     5.794422367     0.005541380
     3.300000000     0.480616087     5.849482381     0.005680346
     3.310000000     0.488943000     5.907016948     0.005810535
     3.320000000     0.500803670     5.966869023     0.005931341
     3.330000000     0.516825735     6.028898567     0.006042233
     3.340000000     0.537671994     6.092982297     0.006142761
     3.350000000     0.564039877     6.159011969     0.006232564
     3.360000000     0.596660597     6.226891715     0.006311378
     3.370000000     0.636297809     6.296534799     0.006379037
     3.380000000     0.683745626     6.367860142     0.006435480
     3.390000000     0.739825792     6.440788874     0.006480751
     3.400000000     0.805383841     6.515241191     0.006515002
     3.410000000     0.881284042     6.591133767     0.006538493
     3.420000000     0.968402994     6.668377891     0.006551588
     3.430000000     1.067621689     6.746878396     0.006554758
     3.440000000     1.179815967     6.826533242     0.006548569
     3.450000000     1.305845273     6.907233311     0.006533687
     3.460000000     1.446539708     6.988861638     0.006510864
     3.470000000     1.602685422     7.071291041     0.006480940
     3.480000000     1.775008455     7.154378939     0.006444829
     3.490000000     1.964157201     7.237958326     0.006403518
     3.500000000     2.170683753     7.321824314     0.006358056
     3.510000000     2.395024461     7.405716410     0.006309547
     3.520000000     2.637480076     7.489297494     0.006259147
     3.530000000     2.898195955     7.572131065     0.006208047
     3.540000000     3.177142827     7.653658419     0.006157477
     3.550000000     3.474098669     7.733177114     0.006108690
     3.560000000     3.788632275     7.809821365     0.006062957
     3.570000000     4.120089101     7.882544417     0.006021564
     3.580000000     4.467579963     7.950102736     0.005985797
     3.590000000     4.829973143     8.011042215     0.005956941
     3.600000000     5.205890401     8.063687597     0.005936268
     3.610000000     5.593707325     8.106137656     0.005925033
     3.620000000     5.991558367     8.136270147     0.005924461
     3.630000000     6.397346807     8.151761752     0.005935741
     3.640000000     6.808759757     8.150128835     0.005960019
     3.650000000     7.223288212     8.128794323     0.005998382
     3.660000000     7.638251994     8.085183822     0.006051853
     3.670000000     8.050829300     8.016849752     0.006121380
     3.680000000     8.458090447     7.921616155     0.006207820
     3.690000000     8.857035239     7.797730110     0.006311936
     3.700000000     9.244633305     7.644000928     0.006434379
     3.710000000     9.617866611     7.459907986     0.006575680
     3.720000000     9.973773306     7.245663482     0.006736241
     3.730000000    10.309491962     7.002226048     0.006916321
     3.740000000    10.622305259     6.731271283     0.007116034
     3.750000000    10.909682160     6.435131346     0.007335334
     3.760000000    11.169317619     6.116715615     0.007574014
     3.770000000    11.399168932     5.779419163     0.007831704
     3.780000000    11.597487921     5.427019354     0.008107864
     3.790000000    11.762848200     5.063557229     0.008401788
     3.800000000    11.894166958     4.693201619     0.008712609
     3.810000000    11.990720753     4.320099765     0.009039299
     3.820000000    12.052155025     3.948226073     0.009380684
     3.830000000    12.078487145     3.581247110     0.009735456
     3.840000000    12.070103008     3.222422821     0.010102180
     3.850000000    12.027747313     2.874559246     0.010479321
     3.860000000    11.952507822     2.540017282     0.010865255
     3.870000000    11.845794057     2.220768134     0.011258298
     3.880000000    11.709310964     1.918473662     0.011656728
     3.890000000    11.545028230     1.634563347     0.012058808
     3.900000000    11.355145981     1.370281963     0.012462819
     3.910000000    11.142057671     1.126692850     0.012867084
     3.920000000    10.908311004     0.904637490     0.013269997
     3.930000000    10.656567733     0.704667146     0.013670055
     3.940000000    10.389563180     0.526971427     0.014065882
     3.950000000    10.110066300     0.371328923     0.014456262
     3.960000000     9.820841022     0.237097392     0.014840157
     3.970000000     9.524609591     0.123248912     0.015216738
     3.980000000     9.224018492     0.028443574     0.015585400
     3.990000000     8.921607504    -0.048872775     0.015945784
     4.000000000     8.619782279    -0.110364085     0.016297790
     4.010000000     8.320790779    -0.157708548     0.016641587
     4.020000000     8.026703785    -0.192522976     0.016977620
     4.030000000     7.739399571    -0.216312762     0.017306615
     4.040000000     7.460552781    -0.230448079     0.017629569
     4.050000000     7.191627406    -0.236163094     0.017947752
     4.060000000     6.933873718    -0.234572310     0.018262688
     4.070000000     6.688328908    -0.226696767     0.018576143
     4.080000000     6.455821151    -0.213492764     0.018890102
     4.090000000     6.236976737    -0.195876786     0.019206744
     4.100000000     6.032229879    -0.174742174     0.019528416
     4.110000000     5.841834799    -0.150965332     0.019857597
     4.120000000     5.665879654    -0.125401396     0.020196864
     4.130000000     5.504301866    -0.098871094     0.020548857
     4.140000000     5.356904434    -0.072141767     0.020916237
     4.150000000     5.223372815    -0.045906191     0.021301646
     4.160000000     5.103291973    -0.020762987     0.021707667
     4.170000000     4.996163240     0.002798038     0.022136783
     4.180000000     4.901420659     0.024403276     0.022591338
     4.190000000     4.818446519     0.043794684     0.023073497
     4.200000000     4.746585835     0.060822109     0.023585213
     4.210000000     4.685159569     0.075431026     0.024128191
     4.220000000     4.633476436     0.087648621     0.024703858
     4.230000000     4.590843192     0.097570542     0.025313338
     4.240000000     4.556573320     0.105349046     0.025957431
     4.250000000     4.529994122     0.111181498     0.026636593
     4.260000000     4.510452202     0.115297181     0.027350923
     4.270000000     4.497317439     0.117940599     0.028100158
     4.280000000     4.489985498     0.119351068     0.028883663
     4.290000000     4.487879047     0.119740451     0.029700440
     4.300000000     4.490447789     0.119272543     0.030549130
     4.310000000     4.497167503     0.118047792     0.031428022
     4.320000000     4.507538264     0.116095709     0.032335072
     4.330000000     4.521082031     0.113374992     0.033267918
     4.340000000     4.537339804     0.109779269     0.034223906
     4.350000000     4.555868533     0.105145347     0.035200110
     4.360000000     4.576237964     0.099261358     0.036193367
     4.370000000     4.598027591     0.091873776     0.037200302
     4.380000000     4.620823869     0.082694026     0.038217364
     4.390000000     4.644217814     0.071406444     0.039240856
     4.400000000     4.667803104     0.057679349     0.040266976
     4.410000000     4.691174763     0.041179999     0.041291844
     4.420000000     4.713928479     0.021592900     0.042311542
     4.430000000     4.735660589    -0.001360195     0.043322149
     4.440000000     4.755968740    -0.027900865     0.044319771
     4.450000000     4.774453191    -0.058177471     0.045300576
     4.460000000     4.790718719    -0.092253294     0.046260825
     4.470000000     4.804377067    -0.130100403     0.047196898
     4.480000000     4.815049848    -0.171599343     0.048105324
     4.490000000     4.822371808    -0.216543888     0.048982803
     4.500000000     4.825994353    -0.264649602     0.049826225
     4.510000000     4.825589221    -0.315565008     0.050632696
     4.520000000     4.820852199    -0.368884581     0.051399545
     4.530000000     4.811506764    -0.424163401     0.052124344
     4.540000000     4.797307551    -0.480933438     0.052804913
     4.550000000     4.778043560    -0.538721169     0.053439331
     4.560000000     4.753540996    -0.597065401     0.054025938
     4.570000000     4.723665691    -0.655533486     0.054563336
     4.580000000     4.688325034    -0.713733821     0.055050393
     4.590000000     4.647469369    -0.771322891     0.055486235
     4.600000000     4.601092827    -0.828006067     0.055870245
     4.610000000     4.549233578    -0.883532409     0.056202057
     4.620000000     4.491973497    -0.937684701     0.056481548
     4.630000000     4.429437253    -0.990266546     0.056708826
     4.640000000     4.361790842    -1.041088717     0.056884228
     4.650000000     4.289239597    -1.089956990     0.057008303
     4.660000000     4.212025716    -1.136663510     0.057081809
     4.670000000     4.130425345    -1.180983232     0.057105697
     4.680000000     4.044745288    -1.222676123     0.057081102
     4.690000000     3.955319387    -1.261494670     0.057009338
     4.700000000     3.862504641    -1.297195158     0.056891881
     4.710000000     3.766677129    -1.329550438     0.056730365
     4.720000000     3.668227799    -1.358361852     0.056526570
     4.730000000     3.567558194    -1.383468610     0.056282412
     4.740000000     3.465076173    -1.404753879     0.055999938
     4.750000000     3.361191702    -1.422147808     0.055681311
     4.760000000     3.256312763    -1.435628165     0.055328804
     4.770000000     3.150841439    -1.445219298     0.054944787
     4.780000000     3.045170244    -1.450989798     0.054531720
     4.790000000     2.939678724    -1.453048975     0.054092137
     4.800000000     2.834730379    -1.451542171     0.053628638
     4.810000000     2.730669947    -1.446645115     0.053143871
     4.820000000     2.627821068    -1.438557760     0.052640524
     4.830000000     2.526484355    -1.427498227     0.052121304
     4.840000000     2.426935871    -1.413697376     0.051588925
     4.850000000     2.329426038    -1.397394308     0.051046091
     4.860000000     2.234178950    -1.378832664     0.050495478
     4.870000000     2.141392090    -1.358257252     0.049939719
     4.880000000     2.051236430    -1.335910298     0.049381384
     4.890000000     1.963856886    -1.312026655     0.048822968
     4.900000000     1.879373092    -1.286827674     0.048266871
     4.910000000     1.797880464    -1.260513977     0.047715384
     4.920000000     1.719451500    -1.233257988     0.047170679
     4.930000000     1.644137287    -1.205197575     0.046634790
     4.940000000     1.571969161    -1.176432226     0.046109609
     4.950000000     1.502960469    -1.147022914     0.045596876
     4.960000000     1.437108415    -1.116996112     0.045098173
     4.970000000     1.374395909    -1.086351573     0.044614920
     4.980000000     1.314793423    -1.055072678     0.044148377
     4.990000000     1.258260788    -1.023137701     0.043699643
     5.000000000     1.204748918    -0.990530300     0.043269664
     5.010000000     1.154201442    -0.957247893     0.042859234
     5.020000000     1.106556206    -0.923307198     0.042469013
     5.030000000     1.061746652    -0.888746851     0.042099532
     5.040000000     1.019703054    -0.853627453     0.041751210
     5.050000000     0.980353606    -0.818029685     0.041424368
     5.060000000     0.943625368    -0.782051076     0.041119245
     5.070000000     0.909445072    -0.745801905     0.040836020
     5.080000000     0.877739790    -0.709400498     0.040574827
     5.090000000     0.848437471    -0.672968023     0.040335776
     5.100000000     0.821467367    -0.636622798     0.040118972
     5.110000000     0.796760348    -0.600474203     0.039924533
     5.120000000     0.774249122    -0.564616437     0.039752612
     5.130000000     0.753868368    -0.529122670     0.039603410
     5.140000000     0.735554804    -0.494040375     0.039477194
     5.150000000     0.719247182    -0.459388790     0.039374311
     5.160000000     0.704886240    -0.425159309     0.039295202
     5.170000000     0.692414609    -0.391319232     0.039240407
     5.180000000     0.681776688    -0.357818629     0.039210576
     5.190000000     0.672918496    -0.324599445     0.039206469
     5.200000000     0.665787506    -0.291605471     0.039228962
     5.210000000     0.660332474    -0.258791731     0.039279039
     5.220000000     0.656503264    -0.226132019     0.039357785
     5.230000000     0.654250678    -0.193623851     0.039466383
     5.240000000     0.653526292    -0.161290589     0.039606092
     5.250000000     0.654282306    -0.129180912     0.039778236
     5.260000000     0.656471407    -0.097366024     0.039984182
     5.270000000     0.660046649    -0.065935089     0.040225318
     5.280000000     0.664961343    -0.034989318     0.040503028
     5.290000000     0.671168962    -0.004635213     0.040818664
     5.300000000     0.678623054     0.025022552     0.041173520
     5.310000000     0.687277162     0.053888037     0.041568800
     5.320000000     0.697084735     0.081880118     0.042005596
     5.330000000     0.707999037     0.108937208     0.042484852
     5.340000000     0.719973041     0.135020177     0.043007345
     5.350000000     0.732959296     0.160113289     0.043573657
     5.360000000     0.746909777     0.184223227     0.044184159
     5.370000000     0.761775697     0.207376507     0.044838989
     5.380000000     0.777507288     0.229615745     0.045538045
     5.390000000     0.794053553     0.250995264     0.046280974
     5.400000000     0.811361987     0.271576506     0.047067172
     5.410000000     0.829378280     0.291423561     0.047895785
     5.420000000     0.848045994     0.310599018     0.048765718
     5.430000000     0.867306261     0.329160193     0.049675651
     5.440000000     0.887097476     0.347155714     0.050624055
     5.450000000     0.907355034     0.364622372     0.051609214
     5.460000000     0.928011113     0.381582185     0.052629253
     5.470000000     0.948994533     0.398039646     0.053682169
     5.480000000     0.970230697     0.413979252     0.054765859
     5.490000000     0.991641646     0.429363531     0.055878158
     5.500000000     1.013146237     0.444131930     0.057016868
     5.510000000     1.034660451     0.458201029     0.058179792
     5.520000000     1.056097852     0.471466613     0.059364764
     5.530000000     1.077370181     0.483808028     0.060569680
     5.540000000     1.098388103     0.495095051     0.061792519
     5.550000000     1.119062082     0.505197165     0.063031366
     5.560000000     1.139303379     0.513994689     0.064284424
     5.570000000     1.159025143     0.521390814     0.065550028
     5.580000000     1.178143581     0.527323251     0.066826649
     5.590000000     1.196579173     0.531774037     0.068112890
     5.600000000     1.214257896     0.534776078     0.069407486
     5.610000000     1.231112423     0.536415335     0.070709284
     5.620000000     1.247083267     0.536828066     0.072017236
     5.630000000     1.262119826     0.536193214     0.073330374
     5.640000000     1.276181309     0.534720788     0.074647786
     5.650000000     1.289237497     0.532637664     0.075968594
     5.660000000     1.301269324     0.530172626     0.077291929
     5.670000000     1.312269259     0.527542461     0.078616896
     5.680000000     1.322241471     0.524940612     0.079942557
     5.690000000     1.331201769     0.522529299     0.081267902
     5.700000000     1.339177317     0.520435410     0.082591830
     5.710000000     1.346206142     0.518749874     0.083913129
     5.720000000     1.352336420     0.517529893     0.085230468
     5.730000000     1.357625594     0.516803202     0.086542382
     5.740000000     1.362139318     0.516573528     0.087847280
     5.750000000     1.365950269     0.516826444     0.089143441
     5.760000000     1.369136852     0.517534951     0.090429033
     5.770000000     1.371781842     0.518664279     0.091702123
     5.780000000     1.373970972     0.520175608     0.092960710
     5.790000000     1.375791530     0.522028654     0.094202748
     5.800000000     1.377330971     0.524183292     0.095426185
     5.810000000     1.378675586     0.526600527     0.096629006
     5.820000000     1.379909255     0.529243145     0.097809273
     5.830000000     1.381112303     0.532076251     0.098965178
     5.840000000     1.382360474     0.535067732     0.100095090
     5.850000000     1.383724046     0.538188526     0.101197605
     5.860000000     1.385267095     0.541412484     0.102271601
     5.870000000     1.387046907     0.544715664     0.103316282
     5.880000000     1.389113549     0.548075010     0.104331223
     5.890000000     1.391509593     0.551466529     0.105316418
     5.900000000     1.394269987     0.554863256     0.106272309
     5.910000000     1.397422062     0.558233443     0.107199816
     5.920000000     1.400985678     0.561539437     0.108100361
     5.930000000     1.404973471     0.564737694     0.108975881
     5.940000000     1.409391213     0.567780120     0.109828826
     5.950000000     1.414238247     0.570616622     0.110662159
     5.960000000     1.419507999     0.573198412     0.111479335
     5.970000000     1.425188530     0.575481312     0.112284275
     5.980000000     1.431263135     0.577428321     0.113081329
     5.990000000     1.437710945     0.579010868     0.113875230
     6.000000000     1.444507539     0.580208588     0.114671037
     6.010000000     1.451625544     0.581007922     0.115474072
     6.020000000     1.459035199     0.581400192     0.116289849
     6.030000000     1.466704892     0.581379918     0.117123999
     6.040000000     1.474601636     0.580944032     0.117982188
     6.050000000     1.482691496     0.580092239     0.118870036
     6.060000000     1.490939953     0.578828393     0.119793034
     6.070000000     1.499312196     0.577162360     0.120756462
     6.080000000     1.507773353     0.575111694     0.121765310
     6.090000000     1.516288646     0.572702493     0.122824205
     6.100000000     1.524823493     0.569968948     0.123937343
     6.110000000     1.533343542     0.566951392     0.125108431
     6.120000000     1.541814661     0.563692872     0.126340634
     6.130000000     1.550202879     0.560234560     0.127636538
     6.140000000     1.558474299     0.556610563     0.128998121
     6.150000000     1.566594987     0.552842953     0.130426732
     6.160000000     1.574530858     0.548937954     0.131923089
     6.170000000     1.582247554     0.544884166     0.133487285
     6.180000000     1.589710346     0.540653364     0.135118800
     6.190000000     1.596884058     0.536203907     0.136816532
     6.200000000     1.603733020     0.531486199     0.138578834
     6.210000000     1.610221075     0.526449235     0.140403552
     6.220000000     1.616311625     0.521047103     0.142288084
     6.230000000     1.621967733     0.515244395     0.144229428
     6.240000000     1.627152289     0.509019795     0.146224246
     6.250000000     1.631828216     0.502367455     0.148268921
     6.260000000     1.635958739     0.495296162     0.150359621
     6.270000000     1.639507700     0.487826675     0.152492358
     6.280000000     1.642439912     0.479987889     0.154663042
     6.290000000     1.644721543     0.471812724     0.156867537
     6.300000000     1.646320526     0.463334658     0.159101708
     6.310000000     1.647206978     0.454585608     0.161361462
     6.320000000     1.647353625     0.445595523     0.163642789
     6.330000000     1.646736202     0.436393614     0.165941787
     6.340000000     1.645333847     0.427010731     0.168254690
     6.350000000     1.643129450     0.417482220     0.170577886
     6.360000000     1.640109968     0.407850455     0.172907927
     6.370000000     1.636266685     0.398166398     0.175241544
     6.380000000     1.631595420     0.388489702     0.177575644
     6.390000000     1.626096678     0.378887201     0.179907320
     6.400000000     1.619775727     0.369429973     0.182233842
     6.410000000     1.612642629     0.360189417     0.184552661
     6.420000000     1.604712198     0.351232973     0.186861406
     6.430000000     1.596003908     0.342620157     0.189157881
     6.440000000     1.586541735     0.334399472     0.191440066
     6.450000000     1.576353966     0.326606604     0.193706115
     6.460000000     1.565472954     0.319264088     0.195954361
     6.470000000     1.553934841     0.312382411     0.198183317
     6.480000000     1.541779249     0.305962284     0.200391683
     6.490000000     1.529048951     0.299997638     0.202578355
     6.500000000     1.515789523     0.294478806     0.204742428
     6.510000000     1.502048983     0.289395368     0.206883207
     6.520000000     1.487877420     0.284738289     0.209000213
     6.530000000     1.473326627     0.280501184     0.211093190
     6.540000000     1.458449723     0.276680809     0.213162111
     6.550000000     1.443300783     0.273277031     0.215207177
     6.560000000     1.427934464     0.270292592     0.217228820
     6.570000000     1.412405639     0.267732904     0.219227695
     6.580000000     1.396769029     0.265605991     0.221204669
     6.590000000     1.381078846     0.263922508     0.223160815
     6.600000000     1.365388436     0.262695655     0.225097385
     6.610000000     1.349749925     0.261940789     0.227015793
     6.620000000     1.334213882     0.261674568     0.228917583
     6.630000000     1.318828982     0.261913598     0.230804402
     6.640000000     1.303641692     0.262672666     0.232677960
     6.650000000     1.288695967     0.263962727     0.234539997
     6.660000000     1.274032973     0.265788871     0.236392239
     6.670000000     1.259690837     0.268148496     0.238236355
     6.680000000     1.245704430     0.271029884     0.240073920
     6.690000000     1.232105193     0.274411383     0.241906370
     6.700000000     1.218921002     0.278261322     0.243734961
     6.710000000     1.206176089     0.282538711     0.245560733
     6.720000000     1.193891014     0.287194685     0.247384475
     6.730000000     1.182082698     0.292174514     0.249206692
     6.740000000     1.170764508     0.297419963     0.251027582
     6.750000000     1.159946404     0.302871709     0.252847011
     6.760000000     1.149635142     0.308471599     0.254664498
     6.770000000     1.139834523     0.314164585     0.256479204
     6.780000000     1.130545692     0.319900291     0.258289931
     6.790000000     1.121767464     0.325634229     0.260095115
     6.800000000     1.113496681     0.331328763     0.261892842
     6.810000000     1.105728587     0.336953909     0.263680852
     6.820000000     1.098457193     0.342488028     0.265456561
     6.830000000     1.091675642     0.347918421     0.267217082
     6.840000000     1.085376550     0.353241756     0.268959253
     6.850000000     1.079552307     0.358464245     0.270679662
     6.860000000     1.074195343     0.363601480     0.272374687
     6.870000000     1.069298338     0.368677874     0.274040532
     6.880000000     1.064854375     0.373725688     0.275673261
     6.890000000     1.060857033     0.378783587     0.277268845
     6.900000000     1.057300419     0.383894714     0.278823199
     6.910000000     1.054179142     0.389104176     0.280332228
     6.920000000     1.051488237     0.394455953     0.281791868
     6.930000000     1.049223035     0.399989302     0.283198128
     6.940000000     1.047379008     0.405734942     0.284547130
     6.950000000     1.045951583     0.411711431     0.285835148
     6.960000000     1.044935944     0.417922211     0.287058648
     6.970000000     1.044326843     0.424353724     0.288214317
     6.980000000     1.044118417     0.430974829     0.289299095
     6.990000000     1.044304032     0.437737559     0.290310204
     7.000000000     1.044876168     0.444579102     0.291245167
     7.010000000     1.045826341     0.451424826     0.292101829
     7.020000000     1.047145078     0.458192156     0.292878367
     7.030000000     1.048821944     0.464795093     0.293573300
     7.040000000     1.050845612     0.471149178     0.294185493
     7.050000000     1.053203990     0.477176660     0.294714154
     7.060000000     1.055884378     0.482811551     0.295158826
     7.070000000     1.058873661     0.488004199     0.295519379
     7.080000000     1.062158514     0.492724929     0.295795993
     7.090000000     1.065725621     0.496966357     0.295989139
     7.100000000     1.069561878     0.500744031     0.296099561
     7.110000000     1.073654576     0.504095244     0.296128246
     7.120000000     1.077991551     0.507076104     0.296076405
     7.130000000     1.082561281     0.509757157     0.295945445
     7.140000000     1.087352937     0.512218050     0.295736943
     7.150000000     1.092356356     0.514541773     0.295452623
     7.160000000     1.097561964     0.516808996     0.295094334
     7.170000000     1.102960619     0.519092856     0.294664030
     7.180000000     1.108543399     0.521454424     0.294163754
     7.190000000     1.114301327     0.523938948     0.293595625
     7.200000000     1.120225055     0.526572932     0.292961829
     7.210000000     1.126304508     0.529362133     0.292264619
     7.220000000     1.132528515     0.532290627     0.291506308
     7.230000000     1.138884432     0.535321129     0.290689280
     7.240000000     1.145357778     0.538396732     0.289815994
     7.250000000     1.151931909     0.541444103     0.288888999
     7.260000000     1.158587736     0.544378030     0.287910942
     7.270000000     1.165303505     0.547107000     0.286884590
     7.280000000     1.172054656     0.549539416     0.285812843
     7.290000000     1.178813772     0.551589958     0.284698753
     7.300000000     1.185550620     0.553185629     0.283545538
     7.310000000     1.192232292     0.554271012     0.282356595
     7.320000000     1.198823456     0.554812276     0.281135514
     7.330000000     1.205286698     0.554799475     0.279886082
     7.340000000     1.211582966     0.554246731     0.278612286
     7.350000000     1.217672096     0.553190067     0.277318309
     7.360000000     1.223513422     0.551682919     0.276008522
     7.370000000     1.229066444     0.549789777     0.274687470
     7.380000000     1.234291545     0.547578771     0.273359847
     7.390000000     1.239150747     0.545114296     0.272030471
     7.400000000     1.243608475     0.542450866     0.270704248
     7.410000000     1.247632323     0.539629158     0.269386134
     7.420000000     1.251193798     0.536674884     0.268081091
     7.430000000     1.254269032     0.533600563     0.266794034
     7.440000000     1.256839430     0.530409779     0.265529784
     7.450000000     1.258892260     0.527103085     0.264293012
     7.460000000     1.260421154     0.523684433     0.263088183
     7.470000000     1.261426512     0.520166937     0.261919505
     7.480000000     1.261915802     0.516576918     0.260790871
     7.490000000     1.261903746     0.512955529     0.259705813
     7.500000000     1.261412382     0.509357786     0.258667455
     7.510000000     1.260471008     0.505849367     0.257678475
     7.520000000     1.259115987     0.502502011     0.256741066
     7.530000000     1.257390444     0.499388515     0.255856917
     7.540000000     1.255343829     0.496578270     0.255027189
     7.550000000     1.253031376     0.494133899     0.254252512
     7.560000000     1.250513451     0.492109219     0.253532980
     7.570000000     1.247854811     0.490548352     0.252868167
     7.580000000     1.245123783     0.489485669     0.252257143
     7.590000000     1.242391387     0.488946176     0.251698505
     7.600000000     1.239730407     0.488946057     0.251190417
     7.610000000     1.237214444     0.489493155     0.250730652
     7.620000000     1.234916966     0.490587260     0.250316653
     7.630000000     1.232910370     0.492220125     0.249945586
     7.640000000     1.231265087     0.494375157     0.249614411
     7.650000000     1.230048743     0.497026793     0.249319949
     7.660000000     1.229325393     0.500139669     0.249058952
     7.670000000     1.229154849     0.503667798     0.248828177
     7.680000000     1.229592113     0.507553997     0.248624455
     7.690000000     1.230686920     0.511729884     0.248444759
     7.700000000     1.232483405     0.516116625     0.248286267
     7.710000000     1.235019891     0.520626566     0.248146425
     7.720000000     1.238328798     0.525165695     0.248022988
     7.730000000     1.242436665     0.529636780     0.247914071
     7.740000000     1.247364276     0.533942937     0.247818177
     7.750000000     1.253126877     0.537991345     0.247734222
     7.760000000     1.259734464     0.541696879     0.247661544
     7.770000000     1.267192130     0.544985457     0.247599905
     7.780000000     1.275500436     0.547797003     0.247549482
     7.790000000     1.284655803     0.550087934     0.247510840
     7.800000000     1.294650885     0.551833036     0.247484907
     7.810000000     1.305474920     0.553026551     0.247472927
     7.820000000     1.317114025     0.553682176     0.247476413
     7.830000000     1.329551431     0.553831721     0.247497089
     7.840000000     1.342767642     0.553522245     0.247536825
     7.850000000     1.356740512     0.552811697     0.247597573
     7.860000000     1.371445234     0.551763375     0.247681298
     7.870000000     1.386854252     0.550439695     0.247789902
     7.880000000     1.402937094     0.548895918     0.247925165
     7.890000000     1.419660142     0.547174425     0.248088671
     7.900000000     1.436986355     0.545300022     0.248281750
     7.910000000     1.454874964     0.543276574     0.248505425
     7.920000000     1.473281163     0.541085088     0.248760364
     7.930000000     1.492155810     0.538683252     0.249046841
     7.940000000     1.511445176     0.536006368     0.249364706
     7.950000000     1.531090757     0.532969552     0.249713373
     7.960000000     1.551029165     0.529471069     0.250091803
     7.970000000     1.571192126     0.525396661     0.250498514
     7.980000000     1.591506603     0.520624673     0.250931591
     7.990000000     1.611895032     0.515031794     0.251388707
     8.000000000     1.632275709     0.508499179     0.251867160
     8.010000000     1.652563302     0.500918698     0.252363906
     8.020000000     1.672669494     0.492199042     0.252875606
     8.030000000     1.692503743     0.482271367     0.253398680
     8.040000000     1.711974157     0.471094100     0.253929358
     8.050000000     1.730988438     0.458656507     0.254463737
     8.060000000     1.749454905     0.444980580     0.254997840
     8.070000000     1.767283548     0.430120857     0.255527667
     8.080000000     1.784387092     0.414161977     0.256049252
     8.090000000     1.800682053     0.397214002     0.256558711
     8.100000000     1.816089746     0.379405844     0.257052288
     8.110000000     1.830537239     0.360877420     0.257526390
     8.120000000     1.843958203     0.341771287     0.257977624
     8.130000000     1.856293667     0.322224597     0.258402822
     8.140000000     1.867492645     0.302362087     0.258799057
     8.150000000     1.877512626     0.282290751     0.259163658
     8.160000000     1.886319922     0.262096616     0.259494216
     8.170000000     1.893889869     0.241843864     0.259788583
     8.180000000     1.900206873     0.221576289     0.260044867
     8.190000000     1.905264325     0.201320758     0.260261425
     8.200000000     1.909064363     0.181092133     0.260436849
     8.210000000     1.911617524     0.160898882     0.260569955
     8.220000000     1.912942262     0.140748589     0.260659767
     8.230000000     1.913064383     0.120652645     0.260705501
     8.240000000     1.912016381     0.100629601     0.260706557
     8.250000000     1.909836710     0.080706912     0.260662507
     8.260000000     1.906568998     0.060921015     0.260573085
     8.270000000     1.902261225     0.041315954     0.260438190
     8.280000000     1.896964873     0.021940844     0.260257881
     8.290000000     1.890734070     0.002846588     0.260032387
     8.300000000     1.883624734    -0.015917759     0.259762114
     8.310000000     1.875693732    -0.034308591     0.259447658
     8.320000000     1.866998068    -0.052290975     0.259089825
     8.330000000     1.857594095    -0.069841171     0.258689645
     8.340000000     1.847536784    -0.086948170     0.258248397
     8.350000000     1.836879029    -0.103614058     0.257767626
     8.360000000     1.825671019    -0.119853170     0.257249166
     8.370000000     1.813959662    -0.135690169     0.256695153
     8.380000000     1.801788078    -0.151157319     0.256108044
     8.390000000     1.789195165    -0.166291319     0.255490618
     8.400000000     1.776215231    -0.181130038     0.254845984
     8.410000000     1.762877707    -0.195709460     0.254177571
     8.420000000     1.749206936    -0.210061119     0.253489114
     8.430000000     1.735222038    -0.224210259     0.252784635
     8.440000000     1.720936865    -0.238174951     0.252068402
     8.450000000     1.706360030    -0.251966269     0.251344893
     8.460000000     1.691495020    -0.265589472     0.250618742
     8.470000000     1.676340393    -0.279045920     0.249894679
     8.480000000     1.660890053    -0.292335303     0.249177458
     8.490000000     1.645133600    -0.305457730     0.248471787
     8.500000000     1.629056757    -0.318415301     0.247782244
     8.510000000     1.612641862    -0.331213010     0.247113196
     8.520000000     1.595868428    -0.343858994     0.246468712
     8.530000000     1.578713749    -0.356364298     0.245852482
     8.540000000     1.561153563    -0.368742305     0.245267733
     8.550000000     1.543162739    -0.381007914     0.244717153
     8.560000000     1.524715998    -0.393176424     0.244202825
     8.570000000     1.505788647    -0.405262062     0.243726163
     8.580000000     1.486357298    -0.417276101     0.243287869
     8.590000000     1.466400594    -0.429224658     0.242887892
     8.600000000     1.445899888    -0.441106368     0.242525407
     8.610000000     1.424839893    -0.452910195     0.242198809
     8.620000000     1.403209265    -0.464613668     0.241905718
     8.630000000     1.381001128    -0.476181762     0.241643002
     8.640000000     1.358213514    -0.487566605     0.241406818
     8.650000000     1.334849712    -0.498708109     0.241192658
     8.660000000     1.310918521    -0.509535589     0.240995422
     8.670000000     1.286434405    -0.519970344     0.240809486
     8.680000000     1.261417533    -0.529929074     0.240628797
     8.690000000     1.235893715    -0.539327905     0.240446966
     8.700000000     1.209894236    -0.548086677     0.240257367
     8.710000000     1.183455586    -0.556133110     0.240053246
     8.720000000     1.156619095    -0.563406442     0.239827826
     8.730000000     1.129430488    -0.569860175     0.239574411
     8.740000000     1.101939368    -0.575463696     0.239286492
     8.750000000     1.074198631    -0.580202630     0.238957842
     8.760000000     1.046263851    -0.584077978     0.238582604
     8.770000000     1.018192622    -0.587104233     0.238155373
     8.780000000     0.990043893    -0.589306743     0.237671264
     8.790000000     0.961877305    -0.590718722     0.237125969
     8.800000000     0.933752541    -0.591378231     0.236515798
     8.810000000     0.905728712    -0.591325492     0.235837714
     8.820000000     0.877863775    -0.590600733     0.235089345
     8.830000000     0.850214015    -0.589242703     0.234268987
     8.840000000     0.822833581    -0.587287856     0.233375591
     8.850000000     0.795774089    -0.584770091     0.232408744
     8.860000000     0.769084293    -0.581720891     0.231368626
     8.870000000     0.742809836    -0.578169660     0.230255971
     8.880000000     0.716993057    -0.574144090     0.229072009
     8.890000000     0.691672874    -0.569670435     0.227818403
     8.900000000     0.666884727    -0.564773651     0.226497184
     8.910000000     0.642660571    -0.559477380     0.225110681
     8.920000000     0.619028920    -0.553803828     0.223661449
     8.930000000     0.596014927    -0.547773579     0.222152196
     8.940000000     0.573640498    -0.541405401     0.220585718
     8.950000000     0.551924414    -0.534716118     0.218964834
     8.960000000     0.530882479    -0.527720609     0.217292324
     8.970000000     0.510527663    -0.520431998     0.215570883
     8.980000000     0.490870240    -0.512862050     0.213803075
     8.990000000     0.471917921    -0.505021744     0.211991302
     9.000000000     0.453675968    -0.496921945     0.210137779
     9.010000000     0.436147300    -0.488574071     0.208244523
     9.020000000     0.419332564    -0.479990656     0.206313349
     9.030000000     0.403230204    -0.471185752     0.204345877
     9.040000000     0.387836503    -0.462175152     0.202343552
     9.050000000     0.373145615    -0.452976462     0.200307666
     9.060000000     0.359149579    -0.443609080     0.198239393
     9.070000000     0.345838338    -0.434094125     0.196139831
     9.080000000     0.333199746    -0.424454361     0.194010040
     9.090000000     0.321219590    -0.414714116     0.191851091
     9.100000000     0.309881611    -0.404899191     0.189664117
     9.110000000     0.299167552    -0.395036729     0.187450355
     9.120000000     0.289057218    -0.385155023     0.185211192
     9.130000000     0.279528568    -0.375283226     0.182948206
     9.140000000     0.270557827    -0.365450974     0.180663201
     9.150000000     0.262119637    -0.355687904     0.178358230
     9.160000000     0.254187231    -0.346023083     0.176035616
     9.170000000     0.246732647    -0.336484368     0.173697961
     9.180000000     0.239726958    -0.327097703     0.171348146
     9.190000000     0.233140544    -0.317886400     0.168989317
     9.200000000     0.226943370    -0.308870412     0.166624868
     9.210000000     0.221105292    -0.300065647     0.164258407
     9.220000000     0.215596366    -0.291483350     0.161893718
     9.230000000     0.210387164    -0.283129603     0.159534715
     9.240000000     0.205449088    -0.275004982     0.157185385
     9.250000000     0.200754663    -0.267104423     0.154849734
     9.260000000     0.196277824    -0.259417315     0.152531724
     9.270000000     0.191994170    -0.251927848     0.150235206
     9.280000000     0.187881184    -0.244615610     0.147963868
     9.290000000     0.183918423    -0.237456433     0.145721167
     9.300000000     0.180087656    -0.230423476     0.143510280
     9.310000000     0.176372966    -0.223488527     0.141334051
     9.320000000     0.172760798    -0.216623446     0.139194958
     9.330000000     0.169239962    -0.209801660     0.137095076
     9.340000000     0.165801588    -0.202999519     0.135036056
     9.350000000     0.162439035    -0.196197357     0.133019117
     9.360000000     0.159147756    -0.189380125     0.131045047
     9.370000000     0.155925133    -0.182537543     0.129114209
     9.380000000     0.152770274    -0.175663858     0.127226570
     9.390000000     0.149683781    -0.168757330     0.125381726
     9.400000000     0.146667510    -0.161819629     0.123578947
     9.410000000     0.143724309    -0.154855249     0.121817220
     9.420000000     0.140857755    -0.147871016     0.120095307
     9.430000000     0.138071898    -0.140875666     0.118411797
     9.440000000     0.135371006    -0.133879457     0.116765170
     9.450000000     0.132759330    -0.126893775     0.115153856
     9.460000000     0.130240890    -0.119930703     0.113576290
     9.470000000     0.127819288    -0.113002583     0.112030971
     9.480000000     0.125497542    -0.106121576     0.110516511
     9.490000000     0.123277963    -0.099299272     0.109031679
     9.500000000     0.121162057    -0.092546354     0.107575439
     9.510000000     0.119150459    -0.085872342     0.106146976
     9.520000000     0.117242912    -0.079285405     0.104745717
     9.530000000     0.115438262    -0.072792235     0.103371342
     9.540000000     0.113734493    -0.066397984     0.102023782
     9.550000000     0.112128787    -0.060106242     0.100703214
     9.560000000     0.110617603    -0.053919061     0.099410039
     9.570000000     0.109196777    -0.047837011     0.098144865
     9.580000000     0.107861639    -0.041859254     0.096908470
     9.590000000     0.106607140    -0.035983641     0.095701767
     9.600000000     0.105427981    -0.030206828     0.094525764
     9.610000000     0.104318750    -0.024524423     0.093381523
     9.620000000     0.103274053    -0.018931170     0.092270111
     9.630000000     0.102288641    -0.013421191     0.091192560
     9.640000000     0.101357530    -0.007988256     0.090149822
     9.650000000     0.100476106    -0.002626085     0.089142732
     9.660000000     0.099640216     0.002671368     0.088171973
     9.670000000     0.098846248     0.007909682     0.087238041
     9.680000000     0.098091192     0.013093809     0.086341227
     9.690000000     0.097372678     0.018228000     0.085481596
     9.700000000     0.096689004     0.023315816     0.084658976
     9.710000000     0.096039139     0.028360186     0.083872954
     9.720000000     0.095422715     0.033363506     0.083122878
     9.730000000     0.094839993     0.038327747     0.082407869
     9.740000000     0.094291827     0.043254568     0.081726832
     9.750000000     0.093779596     0.048145433     0.081078482
     9.760000000     0.093305144     0.053001719     0.080461362
     9.770000000     0.092870692     0.057824812     0.079873880
     9.780000000     0.092478750     0.062616167     0.079314335
     9.790000000     0.092132025     0.067377325     0.078780955
     9.800000000     0.091833318     0.072109853     0.078271927
     9.810000000     0.091585425     0.076815238     0.077785434
     9.820000000     0.091391040     0.081494716     0.077319689
     9.830000000     0.091252653     0.086149092     0.076872960
     9.840000000     0.091172466     0.090778556     0.076443603
     9.850000000     0.091152303     0.095382518     0.076030081
     9.860000000     0.091193545     0.099959467     0.075630986
     9.870000000     0.091297059     0.104506861     0.075245049
     9.880000000     0.091463158     0.109021034     0.074871153
     9.890000000     0.091691562     0.113497142     0.074508330
     9.900000000     0.091981380     0.117929162     0.074155761
     9.910000000     0.092331107     0.122309974     0.073812768
     9.920000000     0.092738636     0.126631555     0.073478795
     9.930000000     0.093201288     0.130885275     0.073153396
     9.940000000     0.093715854     0.135062302     0.072836205
     9.950000000     0.094278650     0.139154061     0.072526914
     9.960000000     0.094885592     0.143152719     0.072225240
     9.970000000     0.095532269     0.147051632     0.071930897
     9.980000000     0.096214034     0.150845726     0.071643560
     9.990000000     0.096926097     0.154531782     0.071362835
    10.000000000     0.097663620     0.158108627     0.071088228
    10.010000000     0.098421815     0.161577228     0.070819118
    10.020000000     0.099196040     0.164940680     0.070554728
    10.030000000     0.099981880     0.168204108     0.070294107
    10.040000000     0.100775239     0.171374451     0.070036116
    10.050000000     0.101572402     0.174460143     0.069779414
    10.060000000     0.102370102     0.177470682     0.069522457
    10.070000000     0.103165560     0.180416123     0.069263501
    10.080000000     0.103956521     0.183306529     0.069000611
    10.090000000     0.104741273     0.186151448     0.068731681
    10.100000000     0.105518643     0.188959464     0.068454454
    10.110000000     0.106287995     0.191737869     0.068166556
    10.120000000     0.107049198     0.194492482     0.067865528
    10.130000000     0.107802594     0.197227600     0.067548872
    10.140000000     0.108548951     0.199946067     0.067214089
    10.150000000     0.109289410     0.202649396     0.066858736
    10.160000000     0.110025427     0.205337925     0.066480465
    10.170000000     0.110758709     0.208010956     0.066077083
    10.180000000     0.111491153     0.210666853     0.065646594
    10.190000000     0.112224783     0.213303120     0.065187251
    10.200000000     0.112961698     0.215916438     0.064697596
    10.210000000     0.113704012     0.218502714     0.064176503
    10.220000000     0.114453811     0.221057135     0.063623206
    10.230000000     0.115213117     0.223574261     0.063037335
    10.240000000     0.115983848     0.226048161     0.062418925
    10.250000000     0.116767801     0.228472581     0.061768438
    10.260000000     0.117566623     0.230841153     0.061086759
    10.270000000     0.118381804     0.233147623     0.060375196
    10.280000000     0.119214660     0.235386102     0.059635462
    10.290000000     0.120066323     0.237551347     0.058869659
    10.300000000     0.120937728     0.239639083     0.058080243
    10.310000000     0.121829597     0.241646369     0.057269992
    10.320000000     0.122742419     0.243571993     0.056441963
    10.330000000     0.123676420     0.245416843     0.055599441
    10.340000000     0.124631526     0.247184193     0.054745890
    10.350000000     0.125607319     0.248879802     0.053884896
    10.360000000     0.126602979     0.250511750     0.053020112
    10.370000000     0.127617218     0.252089961     0.052155199
    10.380000000     0.128648212     0.253625428     0.051293766
    10.390000000     0.129693513     0.255129196     0.050439322
    10.400000000     0.130749977     0.256611249     0.049595217
    10.410000000     0.131813672     0.258079441     0.048764594
    10.420000000     0.132879809     0.259538610     0.047950350
    10.430000000     0.133942661     0.260989994     0.047155093
    10.440000000     0.134995515     0.262430974     0.046381112
    10.450000000     0.136030627     0.263855151     0.045630352
    10.460000000     0.137039202     0.265252683     0.044904397
    10.470000000     0.138011407     0.266610828     0.044204455
    10.480000000     0.138936398     0.267914591     0.043531358
    10.490000000     0.139802395     0.269147429     0.042885564
    10.500000000     0.140596777     0.270291978     0.042267167
    10.510000000     0.141306220     0.271330780     0.041675913
    10.520000000     0.141916859     0.272247021     0.041111222
    10.530000000     0.142414485     0.273025281     0.040572214
    10.540000000     0.142784771     0.273652291     0.040057740
    10.550000000     0.143013517     0.274117686     0.039566420
    10.560000000     0.143086911     0.274414722     0.039096676
    10.570000000     0.142991803     0.274540935     0.038646772
    10.580000000     0.142715980     0.274498691     0.038214856
    10.590000000     0.142248439     0.274295620     0.037798996
    10.600000000     0.141579640     0.273944899     0.037397221
    10.610000000     0.140701751     0.273465359     0.037007558
    10.620000000     0.139608850     0.272881401     0.036628067
    10.630000000     0.138297104     0.272222668     0.036256867
    10.640000000     0.136764903     0.271523405     0.035892172
    10.650000000     0.135012946     0.270821463     0.035532309
    10.660000000     0.133044286     0.270156898     0.035175737
    10.670000000     0.130864321     0.269570186     0.034821063
    10.680000000     0.128480732     0.269100199     0.034467050
    10.690000000     0.125903380     0.268782114     0.034112624
    10.700000000     0.123144148     0.268645524     0.033756871
    10.710000000     0.120216753     0.268712972     0.033399034
    10.720000000     0.117136510     0.268999074     0.033038506
    10.730000000     0.113920077     0.269510300     0.032674817
    10.740000000     0.110585168     0.270245369     0.032307618
    10.750000000     0.107150263     0.271196164     0.031936665
    10.760000000     0.103634305     0.272348994     0.031561803
    10.770000000     0.100056394     0.273686067     0.031182941
    10.780000000     0.096435503     0.275187012     0.030800034
    10.790000000     0.092790199     0.276830337     0.030413067
    10.800000000     0.089138389     0.278594718     0.030022030
    10.810000000     0.085497099     0.280460062     0.029626904
    10.820000000     0.081882274     0.282408296     0.029227646
    10.830000000     0.078308624     0.284423880     0.028824175
    10.840000000     0.074789496     0.286494059     0.028416364
    10.850000000     0.071336788     0.288608884     0.028004032
    10.860000000     0.067960901     0.290761035     0.027586940
    10.870000000     0.064670715     0.292945489     0.027164792
    10.880000000     0.061473610     0.295159074     0.026737240
    10.890000000     0.058375506     0.297399966     0.026303886
    10.900000000     0.055380932     0.299667176     0.025864292
    10.910000000     0.052493111     0.301960090     0.025417995
    10.920000000     0.049714069     0.304278110     0.024964515
    10.930000000     0.047044748     0.306620425     0.024503376
    10.940000000     0.044485128     0.308985897     0.024034116
    10.950000000     0.042034357     0.311373063     0.023556306
    10.960000000     0.039690876     0.313780193     0.023069571
    10.970000000     0.037452542     0.316205382     0.022573597
    10.980000000     0.035316745     0.318646636     0.022068155
    10.990000000     0.033280515     0.321101937     0.021553111
    11.000000000     0.031340625     0.323569282     0.021028437
    11.010000000     0.029493676     0.326046703     0.020494224
    11.020000000     0.027736171     0.328532269     0.019950686
    11.030000000     0.026064585     0.331024083     0.019398170
    11.040000000     0.024475414     0.333520287     0.018837153
    11.050000000     0.022965219     0.336019065     0.018268247
    11.060000000     0.021530655     0.338518666     0.017692192
    11.070000000     0.020168499     0.341017434     0.017109854
    11.080000000     0.018875660     0.343513839     0.016522215
    11.090000000     0.017649191     0.346006510     0.015930363
    11.100000000     0.016486288     0.348494251     0.015335484
    11.110000000     0.015384289     0.350976035     0.014738844
    11.120000000     0.014340669     0.353450987     0.014141778
    11.130000000     0.013353030     0.355918332     0.013545673
    11.140000000     0.012419094     0.358377349     0.012951951
    11.150000000     0.011536688     0.360827323     0.012362056
    11.160000000     0.010703738     0.363267506     0.011777434
    11.170000000     0.009918253     0.365697105     0.011199518
    11.180000000     0.009178320     0.368115282     0.010629715
    11.190000000     0.008482088     0.370521177     0.010069386
    11.200000000     0.007827767     0.372913931     0.009519838
    11.210000000     0.007213615     0.375292717     0.008982309
    11.220000000     0.006637935     0.377656765     0.008457957
    11.230000000     0.006099069     0.380005382     0.007947850
    11.240000000     0.005595393     0.382337954     0.007452959
    11.250000000     0.005125318     0.384653958     0.006974149
    11.260000000     0.004687284     0.386952953     0.006512177
    11.270000000     0.004279763     0.389234575     0.006067687
    11.280000000     0.003901254     0.391498526     0.005641207
    11.290000000     0.003550287     0.393744563     0.005233150
    11.300000000     0.003225423     0.395972494     0.004843815
    11.310000000     0.002925254     0.398182168     0.004473386
    11.320000000     0.002648406     0.400373466     0.004121940
    11.330000000     0.002393540     0.402546303     0.003789447
    11.340000000     0.002159350     0.404700624     0.003475777
    11.350000000     0.001944573     0.406836401     0.003180707
    11.360000000     0.001747982     0.408953632     0.002903925
    11.370000000     0.001568393     0.411052346     0.002645041
    11.380000000     0.001404662     0.413132599     0.002403593
    11.390000000     0.001255693     0.415194476     0.002179052
    11.400000000     0.001120432     0.417238088     0.001970835
    11.410000000     0.000997872     0.419263573     0.001778313
    11.420000000     0.000887052     0.421271093     0.001600815
    11.430000000     0.000787058     0.423260835     0.001437641
    11.440000000     0.000697025     0.425233003     0.001288066
    11.450000000     0.000616131     0.427187823     0.001151353
    11.460000000     0.000543605     0.429125533     0.001026753
    11.470000000     0.000478721     0.431046390     0.000913518
    11.480000000     0.000420798     0.432950658     0.000810904
    11.490000000     0.000369200     0.434838608     0.000718178
    11.500000000     0.000323335     0.436710517     0.000634622
    11.510000000     0.000282652     0.438566659     0.000559539
    11.520000000     0.000246643     0.440407308     0.000492256
    11.530000000     0.000214838     0.442232735     0.000432126
    11.540000000     0.000186805     0.444043202     0.000378533
    11.550000000     0.000162147     0.445838968     0.000330892
    11.560000000     0.000140502     0.447620285     0.000288653
    11.570000000     0.000121541     0.449387401     0.000251298
    11.580000000     0.000104962     0.451140555     0.000218344
    11.590000000     0.000090496     0.452879983     0.000189345
    11.600000000     0.000077897     0.454605917     0.000163885
    11.610000000     0.000066944     0.456318581     0.000141585
    11.620000000     0.000057440     0.458018197     0.000122096
    11.630000000     0.000049208     0.459704980     0.000105101
    11.640000000     0.000042090     0.461379143     0.000090312
    11.650000000     0.000035946     0.463040893     0.000077469
    11.660000000     0.000030651     0.464690430     0.000066338
    11.670000000     0.000026095     0.466327954     0.000056709
    11.680000000     0.000022182     0.467953655     0.000048395
    11.690000000     0.000018826     0.469567723     0.000041230
    11.700000000     0.000015952     0.471170340     0.000035066
    11.710000000     0.000013495     0.472761686     0.000029771
    11.720000000     0.000011398     0.474341934     0.000025232
    11.730000000     0.000009610     0.475911255     0.000021347
    11.740000000     0.000008088     0.477469815     0.000018027
    11.750000000     0.000006796     0.479017775     0.000015195
    11.760000000     0.000005699     0.480555291     0.000012784
    11.770000000     0.000004770     0.482082519     0.000010733
    11.780000000     0.000003985     0.483599607     0.000008993
    11.790000000     0.000003322     0.485106700     0.000007520
    11.800000000     0.000002763     0.486603942     0.000006274
    11.810000000     0.000002293     0.488091471     0.000005222
    11.820000000     0.000001899     0.489569421     0.000004337
    11.830000000     0.000001569     0.491037925     0.000003592
    11.840000000     0.000001293     0.492497112     0.000002969
    11.850000000     0.000001063     0.493947107     0.000002447
    11.860000000     0.000000871     0.495388033     0.000002011
    11.870000000     0.000000712     0.496820009     0.000001648
    11.880000000     0.000000581     0.498243152     0.000001347
    11.890000000     0.000000472     0.499657576     0.000001098
    11.900000000     0.000000383     0.501063393     0.000000892
    11.910000000     0.000000309     0.502460712     0.000000722
    11.920000000     0.000000249     0.503849640     0.000000583
    11.930000000     0.000000200     0.505230280     0.000000469
    11.940000000     0.000000160     0.506602734     0.000000376
    11.950000000     0.000000128     0.507967102     0.000000301
    11.960000000     0.000000102     0.509323481     0.000000239
    11.970000000     0.000000080     0.510671966     0.000000190
    11.980000000     0.000000063     0.512012652     0.000000150
    11.990000000     0.000000050     0.513345628     0.000000118
    12.000000000     0.000000039     0.514670985     0.000000093
    12.010000000     0.000000031     0.515988810     0.000000073
    12.020000000     0.000000024     0.517299189     0.000000057
    12.030000000     0.000000018     0.518602206     0.000000044
    12.040000000     0.000000014     0.519897943     0.000000034
    12.050000000     0.000000011     0.521186481     0.000000026
    12.060000000     0.000000008     0.522467899     0.000000020
    12.070000000     0.000000006     0.523742275     0.000000015
    12.080000000     0.000000005     0.525009684     0.000000012
    12.090000000     0.000000004     0.526270202     0.000000009
    12.100000000     0.000000003     0.527523901     0.000000007
    12.110000000     0.000000002     0.528770853     0.000000005
    12.120000000     0.000000002     0.530011130     0.000000004
    12.130000000     0.000000001     0.531244799     0.000000003
    12.140000000     0.000000001     0.532471930     0.000000002
    12.150000000     0.000000001     0.533692588     0.000000002
    12.160000000     0.000000000     0.534906840     0.000000001
    12.170000000     0.000000000     0.536114749     0.000000001
    12.180000000     0.000000000     0.537316379     0.000000001
    12.190000000     0.000000000     0.538511793     0.000000000
    12.200000000     0.000000000     0.539701050     0.000000000
    12.210000000     0.000000000     0.540884211     0.000000000
    12.220000000     0.000000000     0.542061336     0.000000000
    12.230000000     0.000000000     0.543232481     0.000000000
    12.240000000     0.000000000     0.544397705     0.000000000
    12.250000000     0.000000000     0.545557063     0.000000000
    12.260000000     0.000000000     0.546710610     0.000000000
    12.270000000     0.000000000     0.547858401     0.000000000
    12.280000000     0.000000000     0.549000489     0.000000000
    12.290000000     0.000000000     0.550136927     0.000000000
    12.300000000     0.000000000     0.551267766     0.000000000
    12.310000000     0.000000000     0.552393058     0.000000000
    12.320000000     0.000000000     0.553512852     0.000000000
    12.330000000     0.000000000     0.554627198     0.000000000
    12.340000000     0.000000000     0.555736144     0.000000000
    12.350000000     0.000000000     0.556839738     0.000000000
    12.360000000     0.000000000     0.557938028     0.000000000
    12.370000000     0.000000000     0.559031059     0.000000000
    12.380000000     0.000000000     0.560118878     0.000000000
    12.390000000     0.000000000     0.561201530     0.000000000
    12.400000000     0.000000000     0.562279058     0.000000000
    12.410000000     0.000000000     0.563351508     0.000000000
    12.420000000     0.000000000     0.564418921     0.000000000
    12.430000000     0.000000000     0.565481340     0.000000000
    12.440000000     0.000000000     0.566538808     0.000000000
    12.450000000     0.000000000     0.567591365     0.000000000
    12.460000000     0.000000000     0.568639053     0.000000000
    12.470000000     0.000000000     0.569681911     0.000000000
    12.480000000     0.000000000     0.570719979     0.000000000
    12.490000000     0.000000000     0.571753297     0.000000000
    12.500000000     0.000000000     0.572781902     0.000000000
    12.510000000     0.000000000     0.573805833     0.000000000
    12.520000000     0.000000000     0.574825127     0.000000000
    12.530000000     0.000000000     0.575839822     0.000000000
    12.540000000     0.000000000     0.576849953     0.000000000
    12.550000000     0.000000000     0.577855557     0.000000000
    12.560000000     0.000000000     0.578856670     0.000000000
    12.570000000     0.000000000     0.579853326     0.000000000
    12.580000000     0.000000000     0.580845561     0.000000000
    12.590000000     0.000000000     0.581833408     0.000000000
    12.600000000     0.000000000     0.582816901     0.000000000
    12.610000000     0.000000000     0.583796073     0.000000000
    12.620000000     0.000000000     0.584770959     0.000000000
    12.630000000     0.000000000     0.585741589     0.000000000
    12.640000000     0.000000000     0.586707996     0.000000000
    12.650000000     0.000000000     0.587670213     0.000000000
    12.660000000     0.000000000     0.588628269     0.000000000
    12.670000000     0.000000000     0.589582197     0.000000000
    12.680000000     0.000000000     0.590532026     0.000000000
    12.690000000     0.000000000     0.591477788     0.000000000
    12.700000000     0.000000000     0.592419511     0.000000000
    12.710000000     0.000000000     0.593357226     0.000000000
    12.720000000     0.000000000     0.594290961     0.000000000
    12.730000000     0.000000000     0.595220746     0.000000000
    12.740000000     0.000000000     0.596146608     0.000000000
    12.750000000     0.000000000     0.597068577     0.000000000
    12.760000000     0.000000000     0.597986679     0.000000000
    12.770000000     0.000000000     0.598900942     0.000000000
    12.780000000     0.000000000     0.599811394     0.000000000
    12.790000000     0.000000000     0.600718062     0.000000000
    12.800000000     0.000000000     0.601620971     0.000000000
    12.810000000     0.000000000     0.602520148     0.000000000
    12.820000000     0.000000000     0.603415620     0.000000000
    12.830000000     0.000000000     0.604307411     0.000000000
    12.840000000     0.000000000     0.605195548     0.000000000
    12.850000000     0.000000000     0.606080056     0.000000000
    12.860000000     0.000000000     0.606960958     0.000000000
    12.870000000     0.000000000     0.607838281     0.000000000
    12.880000000     0.000000000     0.608712047     0.000000000
    12.890000000     0.000000000     0.609582282     0.000000000
    12.900000000     0.000000000     0.610449010     0.000000000
    12.910000000     0.000000000     0.611312252     0.000000000
    12.920000000     0.000000000     0.612172034     0.000000000
    12.930000000     0.000000000     0.613028378     0.000000000
    12.940000000     0.000000000     0.613881306     0.000000000
    12.950000000     0.000000000     0.614730843     0.000000000
    12.960000000     0.000000000     0.615577008     0.000000000
    12.970000000     0.000000000     0.616419826     0.000000000
    12.980000000     0.000000000     0.617259318     0.000000000
    12.990000000     0.000000000     0.618095505     0.000000000
    13.000000000     0.000000000     0.618928408     0.000000000
