 # Column 1: omega
 # Column 2: eps2(omega)
 # Column 3: eps1(omega)
 # Column 4: JDOS(omega)
     0.000000000     0.000000000     2.055641176     0.000000000
     0.010000000     0.000000000     2.055646776     0.000000000
     0.020000000     0.000000000     2.055663576     0.000000000
     0.030000000     0.000000000     2.055691579     0.000000000
     0.040000000     0.000000000     2.055730790     0.000000000
     0.050000000     0.000000000     2.055781214     0.000000000
     0.060000000     0.000000000     2.055842858     0.000000000
     0.070000000     0.000000000     2.055915733     0.000000000
     0.080000000     0.000000000     2.055999849     0.000000000
     0.090000000     0.000000000     2.056095220     0.000000000
     0.100000000     0.000000000     2.056201859     0.000000000
     0.110000000     0.000000000     2.056319782     0.000000000
     0.120000000     0.000000000     2.056449009     0.000000000
     0.130000000     0.000000000     2.056589558     0.000000000
     0.140000000     0.000000000     2.056741451     0.000000000
     0.150000000     0.000000000     2.056904711     0.000000000
     0.160000000     0.000000000     2.057079364     0.000000000
     0.170000000     0.000000000     2.057265437     0.000000000
     0.180000000     0.000000000     2.057462957     0.000000000
     0.190000000     0.000000000     2.057671956     0.000000000
     0.200000000     0.000000000     2.057892465     0.000000000
     0.210000000     0.000000000     2.058124520     0.000000000
     0.220000000     0.000000000     2.058368156     0.000000000
     0.230000000     0.000000000     2.058623412     0.000000000
     0.240000000     0.000000000     2.058890327     0.000000000
     0.250000000     0.000000000     2.059168943     0.000000000
     0.260000000     0.000000000     2.059459304     0.000000000
     0.270000000     0.000000000     2.059761456     0.000000000
     0.280000000     0.000000000     2.060075447     0.000000000
     0.290000000     0.000000000     2.060401328     0.000000000
     0.300000000     0.000000000     2.060739149     0.000000000
     0.310000000     0.000000000     2.061088966     0.000000000
     0.320000000     0.000000000     2.061450834     0.000000000
     0.330000000     0.000000000     2.061824812     0.000000000
     0.340000000     0.000000000     2.062210962     0.000000000
     0.350000000     0.000000000     2.062609345     0.000000000
     0.360000000     0.000000000     2.063020027     0.000000000
     0.370000000     0.000000000     2.063443077     0.000000000
     0.380000000     0.000000000     2.063878563     0.000000000
     0.390000000     0.000000000     2.064326558     0.000000000
     0.400000000     0.000000000     2.064787137     0.000000000
     0.410000000     0.000000000     2.065260378     0.000000000
     0.420000000     0.000000000     2.065746361     0.000000000
     0.430000000     0.000000000     2.066245167     0.000000000
     0.440000000     0.000000000     2.066756883     0.000000000
     0.450000000     0.000000000     2.067281595     0.000000000
     0.460000000     0.000000000     2.067819396     0.000000000
     0.470000000     0.000000000     2.068370378     0.000000000
     0.480000000     0.000000000     2.068934637     0.000000000
     0.490000000     0.000000000     2.069512274     0.000000000
     0.500000000     0.000000000     2.070103390     0.000000000
     0.510000000     0.000000000     2.070708091     0.000000000
     0.520000000     0.000000000     2.071326486     0.000000000
     0.530000000     0.000000000     2.071958686     0.000000000
     0.540000000     0.000000000     2.072604807     0.000000000
     0.550000000     0.000000000     2.073264967     0.000000000
     0.560000000     0.000000000     2.073939289     0.000000000
     0.570000000     0.000000000     2.074627897     0.000000000
     0.580000000     0.000000000     2.075330922     0.000000000
     0.590000000     0.000000000     2.076048496     0.000000000
     0.600000000     0.000000000     2.076780755     0.000000000
     0.610000000     0.000000000     2.077527842     0.000000000
     0.620000000     0.000000000     2.078289900     0.000000000
     0.630000000     0.000000000     2.079067080     0.000000000
     0.640000000     0.000000000     2.079859533     0.000000000
     0.650000000     0.000000000     2.080667418     0.000000000
     0.660000000     0.000000000     2.081490896     0.000000000
     0.670000000     0.000000000     2.082330135     0.000000000
     0.680000000     0.000000000     2.083185307     0.000000000
     0.690000000     0.000000000     2.084056587     0.000000000
     0.700000000     0.000000000     2.084944157     0.000000000
     0.710000000     0.000000000     2.085848204     0.000000000
     0.720000000     0.000000000     2.086768920     0.000000000
     0.730000000     0.000000000     2.087706503     0.000000000
     0.740000000     0.000000000     2.088661155     0.000000000
     0.750000000     0.000000000     2.089633086     0.000000000
     0.760000000     0.000000000     2.090622512     0.000000000
     0.770000000     0.000000000     2.091629652     0.000000000
     0.780000000     0.000000000     2.092654735     0.000000000
     0.790000000     0.000000000     2.093697996     0.000000000
     0.800000000     0.000000000     2.094759676     0.000000000
     0.810000000     0.000000000     2.095840022     0.000000000
     0.820000000     0.000000000     2.096939290     0.000000000
     0.830000000     0.000000000     2.098057744     0.000000000
     0.840000000     0.000000000     2.099195654     0.000000000
     0.850000000     0.000000000     2.100353299     0.000000000
     0.860000000     0.000000000     2.101530966     0.000000000
     0.870000000     0.000000000     2.102728950     0.000000000
     0.880000000     0.000000000     2.103947557     0.000000000
     0.890000000     0.000000000     2.105187100     0.000000000
     0.900000000     0.000000000     2.106447902     0.000000000
     0.910000000     0.000000000     2.107730296     0.000000000
     0.920000000     0.000000000     2.109034626     0.000000000
     0.930000000     0.000000000     2.110361245     0.000000000
     0.940000000     0.000000000     2.111710519     0.000000000
     0.950000000     0.000000000     2.113082822     0.000000000
     0.960000000     0.000000000     2.114478544     0.000000000
     0.970000000     0.000000000     2.115898084     0.000000000
     0.980000000     0.000000000     2.117341854     0.000000000
     0.990000000     0.000000000     2.118810281     0.000000000
     1.000000000     0.000000000     2.120303804     0.000000000
     1.010000000     0.000000000     2.121822876     0.000000000
     1.020000000     0.000000000     2.123367965     0.000000000
     1.030000000     0.000000000     2.124939556     0.000000000
     1.040000000     0.000000000     2.126538146     0.000000000
     1.050000000     0.000000000     2.128164252     0.000000000
     1.060000000     0.000000000     2.129818407     0.000000000
     1.070000000     0.000000000     2.131501161     0.000000000
     1.080000000     0.000000000     2.133213083     0.000000000
     1.090000000     0.000000000     2.134954761     0.000000000
     1.100000000     0.000000000     2.136726805     0.000000000
     1.110000000     0.000000000     2.138529843     0.000000000
     1.120000000     0.000000001     2.140364526     0.000000000
     1.130000000     0.000000001     2.142231528     0.000000000
     1.140000000     0.000000001     2.144131546     0.000000000
     1.150000000     0.000000002     2.146065302     0.000000000
     1.160000000     0.000000003     2.148033543     0.000000000
     1.170000000     0.000000004     2.150037044     0.000000000
     1.180000000     0.000000006     2.152076605     0.000000000
     1.190000000     0.000000010     2.154153059     0.000000000
     1.200000000     0.000000014     2.156267267     0.000000000
     1.210000000     0.000000021     2.158420121     0.000000000
     1.220000000     0.000000032     2.160612548     0.000000000
     1.230000000     0.000000046     2.162845508     0.000000001
     1.240000000     0.000000068     2.165119997     0.000000001
     1.250000000     0.000000099     2.167437051     0.000000001
     1.260000000     0.000000144     2.169797742     0.000000001
     1.270000000     0.000000208     2.172203186     0.000000002
     1.280000000     0.000000300     2.174654539     0.000000003
     1.290000000     0.000000430     2.177153004     0.000000003
     1.300000000     0.000000613     2.179699831     0.000000005
     1.310000000     0.000000872     2.182296318     0.000000006
     1.320000000     0.000001233     2.184943815     0.000000008
     1.330000000     0.000001737     2.187643725     0.000000011
     1.340000000     0.000002437     2.190397507     0.000000014
     1.350000000     0.000003402     2.193206680     0.000000019
     1.360000000     0.000004730     2.196072823     0.000000025
     1.370000000     0.000006548     2.198997579     0.000000032
     1.380000000     0.000009025     2.201982659     0.000000042
     1.390000000     0.000012384     2.205029843     0.000000054
     1.400000000     0.000016919     2.208140984     0.000000070
     1.410000000     0.000023015     2.211318012     0.000000090
     1.420000000     0.000031169     2.214562937     0.000000115
     1.430000000     0.000042029     2.217877850     0.000000146
     1.440000000     0.000056425     2.221264931     0.000000184
     1.450000000     0.000075422     2.224726448     0.000000233
     1.460000000     0.000100375     2.228264766     0.000000292
     1.470000000     0.000133000     2.231882344     0.000000365
     1.480000000     0.000175461     2.235581743     0.000000455
     1.490000000     0.000230469     2.239365632     0.000000565
     1.500000000     0.000301403     2.243236784     0.000000698
     1.510000000     0.000392450     2.247198087     0.000000858
     1.520000000     0.000508774     2.251252543     0.000001052
     1.530000000     0.000656704     2.255403271     0.000001285
     1.540000000     0.000843955     2.259653514     0.000001562
     1.550000000     0.001079874     2.264006634     0.000001893
     1.560000000     0.001375730     2.268466119     0.000002284
     1.570000000     0.001745016     2.273035580     0.000002747
     1.580000000     0.002203802     2.277718753     0.000003291
     1.590000000     0.002771109     2.282519496     0.000003929
     1.600000000     0.003469311     2.287441782     0.000004675
     1.610000000     0.004324563     2.292489697     0.000005543
     1.620000000     0.005367245     2.297667432     0.000006550
     1.630000000     0.006632415     2.302979265     0.000007716
     1.640000000     0.008160260     2.308429550     0.000009061
     1.650000000     0.009996531     2.314022693     0.000010608
     1.660000000     0.012192943     2.319763127     0.000012384
     1.670000000     0.014807536     2.325655275     0.000014417
     1.680000000     0.017904949     2.331703503     0.000016740
     1.690000000     0.021556616     2.337912072     0.000019388
     1.700000000     0.025840827     2.344285061     0.000022402
     1.710000000     0.030842652     2.350826287     0.000025826
     1.720000000     0.036653695     2.357539195     0.000029711
     1.730000000     0.043371634     2.364426729     0.000034113
     1.740000000     0.051099552     2.371491171     0.000039096
     1.750000000     0.059945008     2.378733945     0.000044731
     1.760000000     0.070018847     2.386155374     0.000051099
     1.770000000     0.081433726     2.393754385     0.000058290
     1.780000000     0.094302354     2.401528152     0.000066404
     1.790000000     0.108735446     2.409471654     0.000075556
     1.800000000     0.124839398     2.417577144     0.000085871
     1.810000000     0.142713709     2.425833502     0.000097491
     1.820000000     0.162448179     2.434225449     0.000110572
     1.830000000     0.184119930     2.442732600     0.000125289
     1.840000000     0.207790297     2.451328322     0.000141830
     1.850000000     0.233501671     2.459978363     0.000160407
     1.860000000     0.261274359     2.468639215     0.000181244
     1.870000000     0.291103551     2.477256172     0.000204589
     1.880000000     0.322956495     2.485761040     0.000230705
     1.890000000     0.356769967     2.494069476     0.000259872
     1.900000000     0.392448151     2.502077920     0.000292388
     1.910000000     0.429861007     2.509660139     0.000328562
     1.920000000     0.468843249     2.516663433     0.000368715
     1.930000000     0.509193981     2.522904596     0.000413176
     1.940000000     0.550677103     2.528165883     0.000462276
     1.950000000     0.593022499     2.532191320     0.000516345
     1.960000000     0.635928077     2.534683928     0.000575705
     1.970000000     0.679062648     2.535304665     0.000640662
     1.980000000     0.722069645     2.533674160     0.000711502
     1.990000000     0.764571627     2.529378592     0.000788480
     2.000000000     0.806175523     2.521981243     0.000871814
     2.010000000     0.846478502     2.511041180     0.000961674
     2.020000000     0.885074361     2.496140089     0.001058173
     2.030000000     0.921560299     2.476917206     0.001161359
     2.040000000     0.955543908     2.453110602     0.001271205
     2.050000000     0.986650224     2.424600743     0.001387601
     2.060000000     1.014528645     2.391449904     0.001510346
     2.070000000     1.038859561     2.353929484     0.001639141
     2.080000000     1.059360491     2.312527514     0.001773582
     2.090000000     1.075791580     2.267931579     0.001913158
     2.100000000     1.087960307     2.220987509     0.002057248
     2.110000000     1.095725253     2.172640160     0.002205120
     2.120000000     1.098998857     2.123866997     0.002355932
     2.130000000     1.097749052     2.075616047     0.002508737
     2.140000000     1.091999766     2.028756871     0.002662493
     2.150000000     1.081830258     1.984047936     0.002816064
     2.160000000     1.067373326     1.942118886     0.002968239
     2.170000000     1.048812434     1.903463610     0.003117743
     2.180000000     1.026377853     1.868440146     0.003263254
     2.190000000     1.000341921     1.837275199     0.003403420
     2.200000000     0.971013565     1.810072708     0.003536881
     2.210000000     0.938732233     1.786826513     0.003662286
     2.220000000     0.903861402     1.767436679     0.003778322
     2.230000000     0.866781844     1.751728133     0.003883729
     2.240000000     0.827884805     1.739469786     0.003977328
     2.250000000     0.787565280     1.730392404     0.004058039
     2.260000000     0.746215534     1.724204159     0.004124903
     2.270000000     0.704219011     1.720603487     0.004177100
     2.280000000     0.661944759     1.719289425     0.004213967
     2.290000000     0.619742476     1.719969768     0.004235010
     2.300000000     0.577938242     1.722367367     0.004239915
     2.310000000     0.536831010     1.726224775     0.004228556
     2.320000000     0.496689878     1.731307342     0.004200997
     2.330000000     0.457752143     1.737404875     0.004157494
     2.340000000     0.420222133     1.744332002     0.004098490
     2.350000000     0.384270775     1.751927461     0.004024606
     2.360000000     0.350035845     1.760052584     0.003936633
     2.370000000     0.317622839     1.768589267     0.003835514
     2.380000000     0.287106381     1.777437681     0.003722333
     2.390000000     0.258532092     1.786513959     0.003598285
     2.400000000     0.231918821     1.795748012     0.003464667
     2.410000000     0.207261164     1.805081559     0.003322844
     2.420000000     0.184532160     1.814466403     0.003174234
     2.430000000     0.163686111     1.823862963     0.003020277
     2.440000000     0.144661418     1.833239019     0.002862417
     2.450000000     0.127383399     1.842568635     0.002702079
     2.460000000     0.111766992     1.851831244     0.002540642
     2.470000000     0.097719327     1.861010840     0.002379428
     2.480000000     0.085142111     1.870095282     0.002219678
     2.490000000     0.073933796     1.879075688     0.002062541
     2.500000000     0.063991517     1.887945891     0.001909062
     2.510000000     0.055212790     1.896701985     0.001760171
     2.520000000     0.047496955     1.905341919     0.001616678
     2.530000000     0.040746383     1.913865148     0.001479270
     2.540000000     0.034867451     1.922272343     0.001348507
     2.550000000     0.029771294     1.930565140     0.001224829
     2.560000000     0.025374361     1.938745922     0.001108556
     2.570000000     0.021598788     1.946817645     0.000999894
     2.580000000     0.018372611     1.954783686     0.000898947
     2.590000000     0.015629851     1.962647718     0.000805719
     2.600000000     0.013310473     1.970413611     0.000720130
     2.610000000     0.011360263     1.978085344     0.000642026
     2.620000000     0.009730622     1.985666948     0.000571187
     2.630000000     0.008378312     1.993162460     0.000507343
     2.640000000     0.007265163     2.000575902     0.000450179
     2.650000000     0.006357750     2.007911280     0.000399353
     2.660000000     0.005627063     2.015172607     0.000354503
     2.670000000     0.005048171     2.022363957     0.000315255
     2.680000000     0.004599892     2.029489533     0.000281234
     2.690000000     0.004264476     2.036553758     0.000252073
     2.700000000     0.004027298     2.043561374     0.000227414
     2.710000000     0.003876575     2.050517520     0.000206924
     2.720000000     0.003803100     2.057427780     0.000190291
     2.730000000     0.003799988     2.064298174     0.000177231
     2.740000000     0.003862456     2.071135077     0.000167493
     2.750000000     0.003987604     2.077945069     0.000160859
     2.760000000     0.004174220     2.084734733     0.000157147
     2.770000000     0.004422595     2.091510429     0.000156211
     2.780000000     0.004734346     2.098278098     0.000157944
     2.790000000     0.005112251     2.105043103     0.000162274
     2.800000000     0.005560082     2.111810150     0.000169164
     2.810000000     0.006082447     2.118583268     0.000178615
     2.820000000     0.006684627     2.125365851     0.000190659
     2.830000000     0.007372409     2.132160728     0.000205363
     2.840000000     0.008151930     2.138970245     0.000222821
     2.850000000     0.009029500     2.145796343     0.000243159
     2.860000000     0.010011430     2.152640608     0.000266526
     2.870000000     0.011103863     2.159504310     0.000293096
     2.880000000     0.012312588     2.166388400     0.000323063
     2.890000000     0.013642870     2.173293501     0.000356638
     2.900000000     0.015099268     2.180219853     0.000394050
     2.910000000     0.016685467     2.187167260     0.000435536
     2.920000000     0.018404113     2.194134996     0.000481344
     2.930000000     0.020256658     2.201121697     0.000531726
     2.940000000     0.022243225     2.208125224     0.000586935
     2.950000000     0.024362478     2.215142498     0.000647221
     2.960000000     0.026611531     2.222169302     0.000712830
     2.970000000     0.028985864     2.229200068     0.000783993
     2.980000000     0.031479279     2.236227642     0.000860931
     2.990000000     0.034083879     2.243243074     0.000943843
     3.000000000     0.036790078     2.250235435     0.001032907
     3.010000000     0.039586655     2.257191725     0.001128270
     3.020000000     0.042460825     2.264096908     0.001230052
     3.030000000     0.045398360     2.270934121     0.001338336
     3.040000000     0.048383733     2.277685116     0.001453163
     3.050000000     0.051400300     2.284330984     0.001574535
     3.060000000     0.054430505     2.290853187     0.001702405
     3.070000000     0.057456120     2.297234918     0.001836677
     3.080000000     0.060458500     2.303462735     0.001977203
     3.090000000     0.063418867     2.309528376     0.002123781
     3.100000000     0.066318603     2.315430558     0.002276153
     3.110000000     0.069139556     2.321176497     0.002434001
     3.120000000     0.071864359     2.326782860     0.002596951
     3.130000000     0.074476744     2.332275826     0.002764571
     3.140000000     0.076961866     2.337690083     0.002936369
     3.150000000     0.079306610     2.343066688     0.003111800
     3.160000000     0.081499905     2.348449969     0.003290262
     3.170000000     0.083533016     2.353883810     0.003471103
     3.180000000     0.085399830     2.359407835     0.003653623
     3.190000000     0.087097122     2.365054085     0.003837079
     3.200000000     0.088624802     2.370844713     0.004020688
     3.210000000     0.089986152     2.376791083     0.004203638
     3.220000000     0.091188029     2.382894422     0.004385090
     3.230000000     0.092241051     2.389147927     0.004564188
     3.240000000     0.093159763     2.395540031     0.004740065
     3.250000000     0.093962767     2.402058377     0.004911855
     3.260000000     0.094672830     2.408693942     0.005078700
     3.270000000     0.095316968     2.415444726     0.005239758
     3.280000000     0.095926484     2.422318431     0.005394216
     3.290000000     0.096536992     2.429333659     0.005541299
     3.300000000     0.097188387     2.436519366     0.005680278
     3.310000000     0.097924794     2.443912629     0.005810481
     3.320000000     0.098794464     2.451555132     0.005931301
     3.330000000     0.099849638     2.459489022     0.006042208
     3.340000000     0.101146362     2.467752905     0.006142751
     3.350000000     0.102744259     2.476378617     0.006232570
     3.360000000     0.104706244     2.485389150     0.006311399
     3.370000000     0.107098203     2.494797796     0.006379074
     3.380000000     0.109988604     2.504608328     0.006435533
     3.390000000     0.113448064     2.514815889     0.006480821
     3.400000000     0.117548861     2.525408243     0.006515089
     3.410000000     0.122364378     2.536367109     0.006538596
     3.420000000     0.127968506     2.547669359     0.006551709
     3.430000000     0.134434976     2.559287976     0.006554895
     3.440000000     0.141836647     2.571192709     0.006548723
     3.450000000     0.150244724     2.583350447     0.006533856
     3.460000000     0.159727937     2.595725315     0.006511048
     3.470000000     0.170351666     2.608278578     0.006481138
     3.480000000     0.182177019     2.620968412     0.006445041
     3.490000000     0.195259877     2.633749651     0.006403741
     3.500000000     0.209649906     2.646573640     0.006358289
     3.510000000     0.225389557     2.659388328     0.006309790
     3.520000000     0.242513054     2.672138738     0.006259396
     3.530000000     0.261045399     2.684767895     0.006208301
     3.540000000     0.281001395     2.697218177     0.006157733
     3.550000000     0.302384723     2.709432900     0.006108946
     3.560000000     0.325187090     2.721357782     0.006063212
     3.570000000     0.349387465     2.732941759     0.006021814
     3.580000000     0.374951438     2.744136613     0.005986040
     3.590000000     0.401830719     2.754895022     0.005957175
     3.600000000     0.429962817     2.765166961     0.005936491
     3.610000000     0.459270915     2.774894871     0.005925242
     3.620000000     0.489663963     2.784008495     0.005924655
     3.630000000     0.521037024     2.792420574     0.005935918
     3.640000000     0.553271886     2.800024624     0.005960177
     3.650000000     0.586237949     2.806695703     0.005998520
     3.660000000     0.619793407     2.812294546     0.006051969
     3.670000000     0.653786723     2.816674736     0.006121472
     3.680000000     0.688058389     2.819691987     0.006207889
     3.690000000     0.722442967     2.821214139     0.006311980
     3.700000000     0.756771385     2.821130315     0.006434397
     3.710000000     0.790873452     2.819357952     0.006575672
     3.720000000     0.824580574     2.815846959     0.006736205
     3.730000000     0.857728595     2.810580992     0.006916258
     3.740000000     0.890160733     2.803576464     0.007115942
     3.750000000     0.921730530     2.794880100     0.007335213
     3.760000000     0.952304759     2.784565785     0.007573864
     3.770000000     0.981766209     2.772731126     0.007831524
     3.780000000     1.010016270     2.759493925     0.008107652
     3.790000000     1.036977249     2.744988776     0.008401545
     3.800000000     1.062594335     2.729364146     0.008712332
     3.810000000     1.086837137     2.712780391     0.009038987
     3.820000000     1.109700743     2.695409082     0.009380338
     3.830000000     1.131206234     2.677433738     0.009735073
     3.840000000     1.151400609     2.659051655     0.010101759
     3.850000000     1.170356085     2.640476113     0.010478861
     3.860000000     1.188168769     2.621937872     0.010864755
     3.870000000     1.204956677     2.603684606     0.011257758
     3.880000000     1.220857146     2.585976958     0.011656146
     3.890000000     1.236023643     2.569080233     0.012058185
     3.900000000     1.250622057     2.553251681     0.012462155
     3.910000000     1.264826515     2.538724395     0.012866380
     3.920000000     1.278814832     2.525689986     0.013269254
     3.930000000     1.292763688     2.514282758     0.013669276
     3.940000000     1.306843646     2.504567901     0.014065071
     3.950000000     1.321214146     2.496535347     0.014455422
     3.960000000     1.336018595     2.490099646     0.014839294
     3.970000000     1.351379695     2.485105068     0.015215857
     3.980000000     1.367395135     2.481334391     0.015584510
     3.990000000     1.384133790     2.478519630     0.015944894
     4.000000000     1.401632518     2.476353168     0.016296910
     4.010000000     1.419893692     2.474498200     0.016640728
     4.020000000     1.438883528     2.472597900     0.016976796
     4.030000000     1.458531285     2.470283125     0.017305838
     4.040000000     1.478729392     2.467178756     0.017628854
     4.050000000     1.499334500     2.462908981     0.017947114
     4.060000000     1.520169470     2.457101966     0.018262143
     4.070000000     1.541026251     2.449394576     0.018575707
     4.080000000     1.561669600     2.439438127     0.018889791
     4.090000000     1.581841543     2.426906472     0.019206574
     4.100000000     1.601266488     2.411507796     0.019528400
     4.110000000     1.619656855     2.393001208     0.019857749
     4.120000000     1.636719079     2.371218144     0.020197196
     4.130000000     1.652159839     2.346087022     0.020549378
     4.140000000     1.665692357     2.317657641     0.020916955
     4.150000000     1.677042588     2.286120219     0.021302565
     4.160000000     1.685955167     2.251813284     0.021708789
     4.170000000     1.692198952     2.215215658     0.022138106
     4.180000000     1.695572019     2.176920460     0.022592857
     4.190000000     1.695906002     2.137593213     0.023075204
     4.200000000     1.693069673     2.097920344     0.023587095
     4.210000000     1.686971681     2.058557323     0.024130231
     4.220000000     1.677562406     2.020086075     0.024706037
     4.230000000     1.664834886     1.982988777     0.025315633
     4.240000000     1.648824840     1.947640730     0.025959815
     4.250000000     1.629609786     1.914320017     0.026639037
     4.260000000     1.607307321     1.883227985     0.027353397
     4.270000000     1.582072620     1.854513010     0.028102627
     4.280000000     1.554095250     1.828290815     0.028886094
     4.290000000     1.523595394     1.804657001     0.029702800
     4.300000000     1.490819605     1.783690627     0.030551383
     4.310000000     1.456036208     1.765450426     0.031430136
     4.320000000     1.419530470     1.749966976     0.032337015
     4.330000000     1.381599676     1.737234538     0.033269662
     4.340000000     1.342548207     1.727205523     0.034225423
     4.350000000     1.302682752     1.719789196     0.035201378
     4.360000000     1.262307751     1.714854813     0.036194367
     4.370000000     1.221721144     1.712238299     0.037201019
     4.380000000     1.181210518     1.711751087     0.038217788
     4.390000000     1.141049702     1.713189637     0.039240984
     4.400000000     1.101495849     1.716344449     0.040266805
     4.410000000     1.062787037     1.721007830     0.041291380
     4.420000000     1.025140396     1.726980114     0.042310795
     4.430000000     0.988750767     1.734074389     0.043321131
     4.440000000     0.953789852     1.742119951     0.044318501
     4.450000000     0.920405861     1.750964687     0.045299076
     4.460000000     0.888723584     1.760476515     0.046259119
     4.470000000     0.858844873     1.770543908     0.047195014
     4.480000000     0.830849464     1.781075469     0.048103290
     4.490000000     0.804796090     1.791998601     0.048980650
     4.500000000     0.780723840     1.803257365     0.049823984
     4.510000000     0.758653697     1.814809689     0.050630398
     4.520000000     0.738590213     1.826624112     0.051397221
     4.530000000     0.720523264     1.838676278     0.052122023
     4.540000000     0.704429849     1.850945332     0.052802624
     4.550000000     0.690275887     1.863410451     0.053437100
     4.560000000     0.678017978     1.876047716     0.054023787
     4.570000000     0.667605104     1.888827574     0.054561287
     4.580000000     0.658980236     1.901713097     0.055048462
     4.590000000     0.652081844     1.914659198     0.055484439
     4.600000000     0.646845277     1.927612832     0.055868595
     4.610000000     0.643204019     1.940514140     0.056200562
     4.620000000     0.641090804     1.953298395     0.056480212
     4.630000000     0.640438595     1.965898543     0.056707653
     4.640000000     0.641181414     1.978248124     0.056883216
     4.650000000     0.643255044     1.990284350     0.057007452
     4.660000000     0.646597577     2.001951113     0.057081113
     4.670000000     0.651149847     2.013201735     0.057105148
     4.680000000     0.656855718     2.024001315     0.057080693
     4.690000000     0.663662261     2.034328522     0.057009058
     4.700000000     0.671519808     2.044176739     0.056891720
     4.710000000     0.680381903     2.053554452     0.056730311
     4.720000000     0.690205153     2.062484755     0.056526611
     4.730000000     0.700948984     2.071003852     0.056282536
     4.740000000     0.712575321     2.079158454     0.056000132
     4.750000000     0.725048203     2.087002031     0.055681563
     4.760000000     0.738333329     2.094590041     0.055329103
     4.770000000     0.752397572     2.101974360     0.054945122
     4.780000000     0.767208447     2.109197308     0.054532081
     4.790000000     0.782733572     2.116285723     0.054092515
     4.800000000     0.798940105     2.123245665     0.053629024
     4.810000000     0.815794200     2.130058300     0.053144258
     4.820000000     0.833260461     2.136677609     0.052640906
     4.830000000     0.851301432     2.143030439     0.052121676
     4.840000000     0.869877109     2.149019267     0.051589283
     4.850000000     0.888944492     2.154527754     0.051046431
     4.860000000     0.908457180     2.159428780     0.050495798
     4.870000000     0.928365008     2.163594266     0.049940017
     4.880000000     0.948613735     2.166905784     0.049381661
     4.890000000     0.969144776     2.169264744     0.048823222
     4.900000000     0.989894985     2.170600878     0.048267103
     4.910000000     1.010796489     2.170877897     0.047715596
     4.920000000     1.031776566     2.170095469     0.047170870
     4.930000000     1.052757585     2.168287220     0.046634962
     4.940000000     1.073656997     2.165515079     0.046109764
     4.950000000     1.094387384     2.161860966     0.045597016
     4.960000000     1.114856589     2.157417275     0.045098298
     4.970000000     1.134967917     2.152277693     0.044615031
     4.980000000     1.154620428     2.146529593     0.044148475
     4.990000000     1.173709344     2.140248643     0.043699729
     5.000000000     1.192126563     2.133495622     0.043269737
     5.010000000     1.209761321     2.126314940     0.042859296
     5.020000000     1.226500987     2.118734186     0.042469063
     5.030000000     1.242232030     2.110764116     0.042099569
     5.040000000     1.256841143     2.102398794     0.041751233
     5.050000000     1.270216541     2.093615917     0.041424376
     5.060000000     1.282249420     2.084377606     0.041119239
     5.070000000     1.292835580     2.074632025     0.040835998
     5.080000000     1.301877179     2.064316079     0.040574788
     5.090000000     1.309284603     2.053359277     0.040335720
     5.100000000     1.314978416     2.041688746     0.040118898
     5.110000000     1.318891343     2.029235390     0.039924442
     5.120000000     1.320970248     2.015941370     0.039752504
     5.130000000     1.321178041     2.001769209     0.039603286
     5.140000000     1.319495465     1.986712732     0.039477055
     5.150000000     1.315922690     1.970809566     0.039374161
     5.160000000     1.310480675     1.954154015     0.039295042
     5.170000000     1.303212210     1.936908193     0.039240241
     5.180000000     1.294182614     1.919308582     0.039210406
     5.190000000     1.283480022     1.901665297     0.039206301
     5.200000000     1.271215228     1.884352290     0.039228800
     5.210000000     1.257521072     1.867788396     0.039278886
     5.220000000     1.242551340     1.852410988     0.039357647
     5.230000000     1.226479190     1.838645488     0.039466263
     5.240000000     1.209495111     1.826874742     0.039605996
     5.250000000     1.191804461     1.817412179     0.039778168
     5.260000000     1.173624604     1.810481882     0.039984146
     5.270000000     1.155181728     1.806207471     0.040225317
     5.280000000     1.136707391     1.804610265     0.040503064
     5.290000000     1.118434887     1.805615872     0.040818739
     5.300000000     1.100595496     1.809067338     0.041173634
     5.310000000     1.083414729     1.814742431     0.041568954
     5.320000000     1.067108636     1.822372560     0.042005788
     5.330000000     1.051880259     1.831661158     0.042485080
     5.340000000     1.037916336     1.842299900     0.043007605
     5.350000000     1.025384303     1.853981814     0.043573945
     5.360000000     1.014429664     1.866410968     0.044184468
     5.370000000     1.005173803     1.879308977     0.044839312
     5.380000000     0.997712246     1.892418941     0.045538375
     5.390000000     0.992113432     1.905507594     0.046281301
     5.400000000     0.988417995     1.918366438     0.047067486
     5.410000000     0.986638558     1.930812347     0.047896076
     5.420000000     0.986760036     1.942687886     0.048765976
     5.430000000     0.988740426     1.953861229     0.049675865
     5.440000000     0.992512051     1.964225430     0.050624213
     5.450000000     0.997983221     1.973696794     0.051609306
     5.460000000     1.005040261     1.982212262     0.052629268
     5.470000000     1.013549858     1.989725980     0.053682098
     5.480000000     1.023361672     1.996205421     0.054765694
     5.490000000     1.034311145     2.001627598     0.055877891
     5.500000000     1.046222459     2.005975833     0.057016492
     5.510000000     1.058911581     2.009237462     0.058179302
     5.520000000     1.072189334     2.011402647     0.059364159
     5.530000000     1.085864450     2.012464323     0.060568958
     5.540000000     1.099746541     2.012419167     0.061791681
     5.550000000     1.113648956     2.011269450     0.063030414
     5.560000000     1.127391465     2.009025574     0.064283364
     5.570000000     1.140802754     2.005709107     0.065548867
     5.580000000     1.153722670     2.001356033     0.066825394
     5.590000000     1.166004216     1.996019830     0.068111554
     5.600000000     1.177515258     1.989773925     0.069406079
     5.610000000     1.188139929     1.982712991     0.070707822
     5.620000000     1.197779721     1.974952693     0.072015733
     5.630000000     1.206354255     1.966627708     0.073328846
     5.640000000     1.213801742     1.957888176     0.074646251
     5.650000000     1.220079110     1.948895042     0.075967070
     5.660000000     1.225161849     1.939814932     0.077290434
     5.670000000     1.229043541     1.930815143     0.078615448
     5.680000000     1.231735148     1.922059186     0.079941176
     5.690000000     1.233264028     1.913702935     0.081266605
     5.700000000     1.233672759     1.905891227     0.082590635
     5.710000000     1.233017766     1.898754542     0.083912053
     5.720000000     1.231367804     1.892405471     0.085229526
     5.730000000     1.228802335     1.886934918     0.086541590
     5.740000000     1.225409824     1.882408340     0.087846651
     5.750000000     1.221286015     1.878862656     0.089142987
     5.760000000     1.216532198     1.876304542     0.090428763
     5.770000000     1.211253526     1.874710681     0.091702048
     5.780000000     1.205557398     1.874030154     0.092960835
     5.790000000     1.199551952     1.874188745     0.094203077
     5.800000000     1.193344668     1.875094601     0.095426722
     5.810000000     1.187041138     1.876644547     0.096629751
     5.820000000     1.180743969     1.878730415     0.097810225
     5.830000000     1.174551872     1.881244899     0.098966332
     5.840000000     1.168558906     1.884086653     0.100096439
     5.850000000     1.162853888     1.887164528     0.101199140
     5.860000000     1.157519956     1.890400957     0.102273311
     5.870000000     1.152634275     1.893734544     0.103318151
     5.880000000     1.148267864     1.897121874     0.104333236
     5.890000000     1.144485525     1.900538493     0.105318555
     5.900000000     1.141345861     1.903978936     0.106274547
     5.910000000     1.138901348     1.907455615     0.107202132
     5.920000000     1.137198451     1.910996419     0.108102728
     5.930000000     1.136277760     1.914640997     0.108978270
     5.940000000     1.136174124     1.918435876     0.109831207
     5.950000000     1.136916784     1.922428802     0.110664500
     5.960000000     1.138529476     1.926662860     0.111481603
     5.970000000     1.141030503     1.931170969     0.112286436
     5.980000000     1.144432785     1.935971314     0.113083349
     5.990000000     1.148743872     1.941064048     0.113877076
     6.000000000     1.153965929     1.946429388     0.114672675
     6.010000000     1.160095705     1.952027078     0.115475472
     6.020000000     1.167124493     1.957797031     0.116290982
     6.030000000     1.175038087     1.963661029     0.117124838
     6.040000000     1.183816761     1.969525350     0.117982710
     6.050000000     1.193435261     1.975284273     0.118870222
     6.060000000     1.203862851     1.980824429     0.119792870
     6.070000000     1.215063395     1.986029936     0.120755937
     6.080000000     1.226995497     1.990788134     0.121764420
     6.090000000     1.239612710     1.994995594     0.122822950
     6.100000000     1.252863801     1.998563858     0.123935731
     6.110000000     1.266693093     2.001424228     0.125106474
     6.120000000     1.281040865     2.003530916     0.126338351
     6.130000000     1.295843812     2.004862066     0.127633954
     6.140000000     1.311035564     2.005418522     0.128995264
     6.150000000     1.326547246     2.005220690     0.130423638
     6.160000000     1.342308071     2.004304184     0.131919798
     6.170000000     1.358245962     2.002715073     0.133483839
     6.180000000     1.374288181     2.000505403     0.135115246
     6.190000000     1.390361962     1.997729312     0.136812921
     6.200000000     1.406395130     1.994439713     0.138575215
     6.210000000     1.422316704     1.990685326     0.140399979
     6.220000000     1.438057463     1.986507922     0.142284608
     6.230000000     1.453550480     1.981939820     0.144226101
     6.240000000     1.468731606     1.977001985     0.146221117
     6.250000000     1.483539910     1.971703186     0.148266038
     6.260000000     1.497918058     1.966040667     0.150357027
     6.270000000     1.511812644     1.960002533     0.152490093
     6.280000000     1.525174462     1.953571761     0.154661142
     6.290000000     1.537958718     1.946731347     0.156866031
     6.300000000     1.550125199     1.939469891     0.159100621
     6.310000000     1.561638375     1.931786741     0.161360813
     6.320000000     1.572467468     1.923695898     0.163642589
     6.330000000     1.582586461     1.915228099     0.165942044
     6.340000000     1.591974081     1.906430812     0.168255403
     6.350000000     1.600613728     1.897366230     0.170579048
     6.360000000     1.608493389     1.888107611     0.172909528
     6.370000000     1.615605516     1.878734484     0.175243565
     6.380000000     1.621946882     1.869327296     0.177578064
     6.390000000     1.627518421     1.859962106     0.179910110
     6.400000000     1.632325061     1.850705865     0.182236971
     6.410000000     1.636375540     1.841612773     0.184556095
     6.420000000     1.639682232     1.832722074     0.186865107
     6.430000000     1.642260965     1.824057465     0.189161810
     6.440000000     1.644130850     1.815628110     0.191444181
     6.450000000     1.645314121     1.807431009     0.193710374
     6.460000000     1.645835981     1.799454356     0.195958721
     6.470000000     1.645724470     1.791681416     0.198187737
     6.480000000     1.645010340     1.784094435     0.200396124
     6.490000000     1.643726953     1.776678195     0.202582778
     6.500000000     1.641910183     1.769422891     0.204746797
     6.510000000     1.639598336     1.762326177     0.206887488
     6.520000000     1.636832076     1.755394322     0.209004377
     6.530000000     1.633654350     1.748642497     0.211097211
     6.540000000     1.630110314     1.742094256     0.213165966
     6.550000000     1.626247253     1.735780254     0.215210848
     6.560000000     1.622114474     1.729736272     0.217232292
     6.570000000     1.617763194     1.724000658     0.219230957
     6.580000000     1.613246381     1.718611381     0.221207716
     6.590000000     1.608618574     1.713603047     0.223163642
     6.600000000     1.603935654     1.709004300     0.225099992
     6.610000000     1.599254570     1.704836058     0.227018183
     6.620000000     1.594633014     1.701110873     0.228919761
     6.630000000     1.590129052     1.697833448     0.230806375
     6.640000000     1.585800688     1.695002019     0.232679737
     6.650000000     1.581705393     1.692610108     0.234541587
     6.660000000     1.577899570     1.690648125     0.236393651
     6.670000000     1.574437993     1.689104430     0.238237600
     6.680000000     1.571373195     1.687965745     0.240075006
     6.690000000     1.568754839     1.687217007     0.241907305
     6.700000000     1.566629070     1.686840925     0.243735751
     6.710000000     1.565037860     1.686817427     0.245561383
     6.720000000     1.564018365     1.687123136     0.247384987
     6.730000000     1.563602304     1.687730848     0.249207068
     6.740000000     1.563815371     1.688608956     0.251027820
     6.750000000     1.564676706     1.689720803     0.252847107
     6.760000000     1.566198425     1.691024021     0.254664448
     6.770000000     1.568385226     1.692470032     0.256479002
     6.780000000     1.571234094     1.694003899     0.258289568
     6.790000000     1.574734104     1.695564684     0.260094585
     6.800000000     1.578866328     1.697086387     0.261892135
     6.810000000     1.583603867     1.698499424     0.263679960
     6.820000000     1.588912003     1.699732492     0.265455478
     6.830000000     1.594748467     1.700714605     0.267215803
     6.840000000     1.601063839     1.701377060     0.268957773
     6.850000000     1.607802060     1.701655139     0.270677979
     6.860000000     1.614901058     1.701489466     0.272372803
     6.870000000     1.622293485     1.700827126     0.274038450
     6.880000000     1.629907537     1.699622771     0.275670988
     6.890000000     1.637667869     1.697839991     0.277266389
     6.900000000     1.645496566     1.695453115     0.278820574
     6.910000000     1.653314170     1.692449359     0.280329449
     6.920000000     1.661040750     1.688830936     0.281788952
     6.930000000     1.668596980     1.684616546     0.283195095
     6.940000000     1.675905223     1.679841607     0.284544001
     6.950000000     1.682890605     1.674556860     0.285831946
     6.960000000     1.689482049     1.668825344     0.287055396
     6.970000000     1.695613266     1.662718206     0.288211038
     6.980000000     1.701223685     1.656310064     0.289295812
     6.990000000     1.706259304     1.649674775     0.290306939
     7.000000000     1.710673454     1.642882213     0.291241940
     7.010000000     1.714427470     1.635996420     0.292098658
     7.020000000     1.717491246     1.629075087     0.292875269
     7.030000000     1.719843682     1.622170093     0.293570289
     7.040000000     1.721473004     1.615328663     0.294182582
     7.050000000     1.722376968     1.608594680     0.294711350
     7.060000000     1.722562926     1.602009808     0.295156138
     7.070000000     1.722047767     1.595614250     0.295516811
     7.080000000     1.720857732     1.589447126     0.295793548
     7.090000000     1.719028099     1.583546656     0.295986819
     7.100000000     1.716602744     1.577950334     0.296097365
     7.110000000     1.713633588     1.572695331     0.296126174
     7.120000000     1.710179932     1.567819224     0.296074457
     7.130000000     1.706307683     1.563361045     0.295943619
     7.140000000     1.702088504     1.559362460     0.295735238
     7.150000000     1.697598865     1.555868761     0.295451041
     7.160000000     1.692919046     1.552929228     0.295092875
     7.170000000     1.688132077     1.550596401     0.294662698
     7.180000000     1.683322654     1.548923892     0.294162552
     7.190000000     1.678576031     1.547962609     0.293594558
     7.200000000     1.673976927     1.547755599     0.292960904
     7.210000000     1.669608443     1.548332100     0.292263843
     7.220000000     1.665551037     1.549701710     0.291505691
     7.230000000     1.661881550     1.551849722     0.290688830
     7.240000000     1.658672325     1.554734579     0.289815722
     7.250000000     1.655990415     1.558288082     0.288888912
     7.260000000     1.653896915     1.562418504     0.287911050
     7.270000000     1.652446424     1.567016227     0.286884901
     7.280000000     1.651686642     1.571961109     0.285813364
     7.290000000     1.651658124     1.577130526     0.284699488
     7.300000000     1.652394182     1.582407013     0.283546489
     7.310000000     1.653920948     1.587684592     0.282357762
     7.320000000     1.656257582     1.592873232     0.281136895
     7.330000000     1.659416640     1.597901212     0.279887670
     7.340000000     1.663404565     1.602715565     0.278614073
     7.350000000     1.668222309     1.607280986     0.277320283
     7.360000000     1.673866063     1.611577677     0.276010669
     7.370000000     1.680328071     1.615598593     0.274689772
     7.380000000     1.687597510     1.619346410     0.273362283
     7.390000000     1.695661413     1.622830438     0.272033019
     7.400000000     1.704505607     1.626063617     0.270706884
     7.410000000     1.714115640     1.629059728     0.269388832
     7.420000000     1.724477676     1.631830966     0.268083821
     7.430000000     1.735579321     1.634386080     0.266796769
     7.440000000     1.747410367     1.636729270     0.265532494
     7.450000000     1.759963426     1.638860021     0.264295669
     7.460000000     1.773234429     1.640773887     0.263090759
     7.470000000     1.787222978     1.642464147     0.261921971
     7.480000000     1.801932537     1.643924047     0.260793202
     7.490000000     1.817370444     1.645149264     0.259707985
     7.500000000     1.833547741     1.646140165     0.258669447
     7.510000000     1.850478828     1.646903490     0.257680267
     7.520000000     1.868180927     1.647453164     0.256742643
     7.530000000     1.886673379     1.647810115     0.255858266
     7.540000000     1.905976776     1.648001099     0.255028301
     7.550000000     1.926111954     1.648056647     0.254253381
     7.560000000     1.947098863     1.648008286     0.253533605
     7.570000000     1.968955336     1.647885193     0.252868550
     7.580000000     1.991695806     1.647710404     0.252257290
     7.590000000     2.015329979     1.647496739     0.251698425
     7.600000000     2.039861519     1.647242625     0.251190122
     7.610000000     2.065286774     1.646928131     0.250730159
     7.620000000     2.091593584     1.646511573     0.250315980
     7.630000000     2.118760206     1.645927163     0.249944754
     7.640000000     2.146754402     1.645084113     0.249613444
     7.650000000     2.175532714     1.643867580     0.249318870
     7.660000000     2.205039962     1.642141679     0.249057786
     7.670000000     2.235209000     1.639754581     0.248826949
     7.680000000     2.265960734     1.636545469     0.248623189
     7.690000000     2.297204438     1.632352833     0.248443480
     7.700000000     2.328838359     1.627023270     0.248284998
     7.710000000     2.360750623     1.620419777     0.248145184
     7.720000000     2.392820431     1.612428474     0.248021793
     7.730000000     2.424919531     1.602962904     0.247912936
     7.740000000     2.456913937     1.591965556     0.247817113
     7.750000000     2.488665879     1.579406816     0.247733235
     7.760000000     2.520035929     1.565282108     0.247660638
     7.770000000     2.550885270     1.549608278     0.247599079
     7.780000000     2.581078053     1.532420173     0.247548729
     7.790000000     2.610483790     1.513768056     0.247510153
     7.800000000     2.638979727     1.493716038     0.247484274
     7.810000000     2.666453137     1.472341330     0.247472333
     7.820000000     2.692803467     1.449734001     0.247475841
     7.830000000     2.717944304     1.425996930     0.247496519
     7.840000000     2.741805073     1.401245802     0.247536238
     7.850000000     2.764332452     1.375609127     0.247596948
     7.860000000     2.785491435     1.349228261     0.247680614
     7.870000000     2.805266027     1.322257315     0.247789142
     7.880000000     2.823659526     1.294862680     0.247924311
     7.890000000     2.840694397     1.267221699     0.248087708
     7.900000000     2.856411714     1.239520034     0.248280668
     7.910000000     2.870870185     1.211947394     0.248504218
     7.920000000     2.884144776     1.184691678     0.248759028
     7.930000000     2.896324956     1.157932015     0.249045377
     7.940000000     2.907512615     1.131831546     0.249363122
     7.950000000     2.917819677     1.106530856     0.249711679
     7.960000000     2.927365502     1.082142795     0.250090016
     7.970000000     2.936274095     1.058748960     0.250496653
     7.980000000     2.944671235     1.036397685     0.250929680
     7.990000000     2.952681561     1.015103041     0.251386775
     8.000000000     2.960425706     0.994844285     0.251865236
     8.010000000     2.968017548     0.975565374     0.252362021
     8.020000000     2.975561644     0.957174480     0.252873795
     8.030000000     2.983150906     0.939543808     0.253396977
     8.040000000     2.990864586     0.922510317     0.253927796
     8.050000000     2.998766611     0.905878057     0.254462349
     8.060000000     3.006904303     0.889422759     0.254996656
     8.070000000     3.015307511     0.872899059     0.255526714
     8.080000000     3.023988171     0.856050344     0.256048555
     8.090000000     3.032940294     0.838620729     0.256558289
     8.100000000     3.042140367     0.820368249     0.257052157
     8.110000000     3.051548150     0.801078010     0.257526561
     8.120000000     3.061107831     0.780573910     0.257978103
     8.130000000     3.070749507     0.758727692     0.258403609
     8.140000000     3.080390925     0.735464380     0.258800148
     8.150000000     3.089939443     0.710763741     0.259165043
     8.160000000     3.099294147     0.684657937     0.259495879
     8.170000000     3.108348065     0.657226029     0.259790506
     8.180000000     3.116990410     0.628586270     0.260047026
     8.190000000     3.125108819     0.598887154     0.260263793
     8.200000000     3.132591506     0.568297955     0.260439398
     8.210000000     3.139329304     0.536999261     0.260572652
     8.220000000     3.145217543     0.505173758     0.260662577
     8.230000000     3.150157747     0.472997465     0.260708390
     8.240000000     3.154059108     0.440631661     0.260709490
     8.250000000     3.156839731     0.408215912     0.260665447
     8.260000000     3.158427641     0.375862680     0.260576000
     8.270000000     3.158761554     0.343653978     0.260441046
     8.280000000     3.157791404     0.311640456     0.260260649
     8.290000000     3.155478655     0.279843025     0.260035038
     8.300000000     3.151796397     0.248256968     0.259764623
     8.310000000     3.146729255     0.216858201     0.259450004
     8.320000000     3.140273124     0.185611152     0.259091990
     8.330000000     3.132434747     0.154477487     0.258691614
     8.340000000     3.123231171     0.123424736     0.258250159
     8.350000000     3.112689080     0.092433821     0.257769175
     8.360000000     3.100844039     0.061504594     0.257250499
     8.370000000     3.087739648     0.030658858     0.256696271
     8.380000000     3.073426640    -0.000059253     0.256108950
     8.390000000     3.057961916    -0.030585181     0.255491319
     8.400000000     3.041407532    -0.060837591     0.254846489
     8.410000000     3.023829649    -0.090723139     0.254177892
     8.420000000     3.005297460    -0.120141951     0.253489264
     8.430000000     2.985882080    -0.148993551     0.252784629
     8.440000000     2.965655434    -0.177183054     0.252068255
     8.450000000     2.944689130    -0.204627312     0.251344621
     8.460000000     2.923053342    -0.231260500     0.250618360
     8.470000000     2.900815705    -0.257038511     0.249894201
     8.480000000     2.878040246    -0.281941592     0.249176899
     8.490000000     2.854786355    -0.305974963     0.248471158
     8.500000000     2.831107822    -0.329167512     0.247781556
     8.510000000     2.807051960    -0.351568944     0.247112457
     8.520000000     2.782658829    -0.373245930     0.246467929
     8.530000000     2.757960577    -0.394277732     0.245851659
     8.540000000     2.732980936    -0.414751661     0.245266872
     8.550000000     2.707734865    -0.434758648     0.244716253
     8.560000000     2.682228381    -0.454389074     0.244201885
     8.570000000     2.656458570    -0.473729060     0.243725180
     8.580000000     2.630413810    -0.492857358     0.243286838
     8.590000000     2.604074186    -0.511842988     0.242886808
     8.600000000     2.577412121    -0.530743734     0.242524265
     8.610000000     2.550393194    -0.549605510     0.242197603
     8.620000000     2.522977163    -0.568462579     0.241904444
     8.630000000     2.495119145    -0.587338495     0.241641657
     8.640000000     2.466770955    -0.606247596     0.241405400
     8.650000000     2.437882564    -0.625196769     0.241191169
     8.660000000     2.408403654    -0.644187129     0.240993864
     8.670000000     2.378285219    -0.663215193     0.240807866
     8.680000000     2.347481191    -0.682273106     0.240627126
     8.690000000     2.315950036    -0.701347581     0.240445256
     8.700000000     2.283656292    -0.720417480     0.240255635
     8.710000000     2.250571987    -0.739450295     0.240051513
     8.720000000     2.216677927    -0.758398176     0.239826115
     8.730000000     2.181964787    -0.777194357     0.239572749
     8.740000000     2.146433992    -0.795750884     0.239284909
     8.750000000     2.110098355    -0.813958309     0.238956370
     8.760000000     2.072982447    -0.831687619     0.238581277
     8.770000000     2.035122692    -0.848794230     0.238154226
     8.780000000     1.996567173    -0.865123536     0.237670331
     8.790000000     1.957375151    -0.880517400     0.237125285
     8.800000000     1.917616315    -0.894820996     0.236515396
     8.810000000     1.877369766    -0.907889651     0.235837625
     8.820000000     1.836722771    -0.919595407     0.235089597
     8.830000000     1.795769318    -0.929833080     0.234269604
     8.840000000     1.754608501    -0.938525504     0.233376595
     8.850000000     1.713342781    -0.945627556     0.232410149
     8.860000000     1.672076187    -0.951128551     0.231370443
     8.870000000     1.630912465    -0.955052731     0.230258204
     8.880000000     1.589953277    -0.957457778     0.229074655
     8.890000000     1.549296446    -0.958431579     0.227821455
     8.900000000     1.509034332    -0.958087623     0.226500627
     8.910000000     1.469252364    -0.956559551     0.225114495
     8.920000000     1.430027761    -0.953995335     0.223665608
     8.930000000     1.391428489    -0.950551415     0.222156669
     8.940000000     1.353512458    -0.946386976     0.220590470
     8.950000000     1.316326991    -0.941658425     0.218969823
     8.960000000     1.279908561    -0.936514109     0.217297506
     8.970000000     1.244282808    -0.931089388     0.215576213
     8.980000000     1.209464804    -0.925502325     0.213808504
     8.990000000     1.175459585    -0.919850354     0.211996780
     9.000000000     1.142262885    -0.914208247     0.210143257
     9.010000000     1.109862083    -0.908627595     0.208249951
     9.020000000     1.078237293    -0.903137748     0.206318679
     9.030000000     1.047362589    -0.897747972     0.204351062
     9.040000000     1.017207304    -0.892450353     0.202348549
     9.050000000     0.987737375    -0.887222987     0.200312434
     9.060000000     0.958916686    -0.882032988     0.198243896
     9.070000000     0.930708379    -0.876839033     0.196144034
     9.080000000     0.903076086    -0.871593326     0.194013914
     9.090000000     0.875985061    -0.866243069     0.191854612
     9.100000000     0.849403185    -0.860731674     0.189667264
     9.110000000     0.823301817    -0.855000056     0.187453111
     9.120000000     0.797656476    -0.848988276     0.185213546
     9.130000000     0.772447352    -0.842637703     0.182950151
     9.140000000     0.747659642    -0.835893649     0.180664732
     9.150000000     0.723283698    -0.828708229     0.178359347
     9.160000000     0.699315021    -0.821043091     0.176036322
     9.170000000     0.675754090    -0.812871591     0.173698263
     9.180000000     0.652606053    -0.804180117     0.171348054
     9.190000000     0.629880304    -0.794968368     0.168988843
     9.200000000     0.607589953    -0.785248598     0.166624027
     9.210000000     0.585751228    -0.775043993     0.164257216
     9.220000000     0.564382821    -0.764386464     0.161892197
     9.230000000     0.543505208    -0.753314182     0.159532883
     9.240000000     0.523139961    -0.741869176     0.157183266
     9.250000000     0.503309073    -0.730095253     0.154847352
     9.260000000     0.484034319    -0.718036390     0.152529102
     9.270000000     0.465336661    -0.705735590     0.150232371
     9.280000000     0.447235709    -0.693234144     0.147960847
     9.290000000     0.429749260    -0.680571147     0.145717987
     9.300000000     0.412892905    -0.667783119     0.143506967
     9.310000000     0.396679715    -0.654903658     0.141330635
     9.320000000     0.381120010    -0.641963097     0.139191466
     9.330000000     0.366221196    -0.628988216     0.137091534
     9.340000000     0.351987686    -0.616002073     0.135032491
     9.350000000     0.338420877    -0.603024033     0.133015556
     9.360000000     0.325519194    -0.590069985     0.131041513
     9.370000000     0.313278175    -0.577152765     0.129110727
     9.380000000     0.301690612    -0.564282685     0.127223161
     9.390000000     0.290746711    -0.551468123     0.125378410
     9.400000000     0.280434290    -0.538716095     0.123575741
     9.410000000     0.270738984    -0.526032764     0.121814141
     9.420000000     0.261644468    -0.513423884     0.120092368
     9.430000000     0.253132680    -0.500895152     0.118409011
     9.440000000     0.245184043    -0.488452526     0.116762545
     9.450000000     0.237777686    -0.476102506     0.115151398
     9.460000000     0.230891651    -0.463852411     0.113574004
     9.470000000     0.224503096    -0.451710644     0.112028859
     9.480000000     0.218588484    -0.439686911     0.110514574
     9.490000000     0.213123761    -0.427792346     0.109029915
     9.500000000     0.208084526    -0.416039490     0.107573845
     9.510000000     0.203446186    -0.404442064     0.106145548
     9.520000000     0.199184104    -0.393014523     0.104744450
     9.530000000     0.195273740    -0.381771432     0.103370230
     9.540000000     0.191690782    -0.370726706     0.102022818
     9.550000000     0.188411270    -0.359892836     0.100702391
     9.560000000     0.185411714    -0.349280157     0.099409350
     9.570000000     0.182669207    -0.338896262     0.098144304
     9.580000000     0.180161531    -0.328745579     0.096908030
     9.590000000     0.177867249    -0.318829129     0.095701443
     9.600000000     0.175765801    -0.309144478     0.094525550
     9.610000000     0.173837583    -0.299685851     0.093381415
     9.620000000     0.172064018    -0.290444423     0.092270104
     9.630000000     0.170427613    -0.281408764     0.091192651
     9.640000000     0.168912008    -0.272565410     0.090150008
     9.650000000     0.167502011    -0.263899549     0.089143011
     9.660000000     0.166183614    -0.255395775     0.088172341
     9.670000000     0.164943999    -0.247038853     0.087238496
     9.680000000     0.163771528    -0.238814471     0.086341767
     9.690000000     0.162655718    -0.230709908     0.085482219
     9.700000000     0.161587197    -0.222714596     0.084659678
     9.710000000     0.160557659    -0.214820522     0.083873732
     9.720000000     0.159559794    -0.207022440     0.083123728
     9.730000000     0.158587214    -0.199317865     0.082408787
     9.740000000     0.157634371    -0.191706821     0.081727813
     9.750000000     0.156696471    -0.184191374     0.081079520
     9.760000000     0.155769373    -0.176774966     0.080462451
     9.770000000     0.154849505    -0.169461637     0.079875013
     9.780000000     0.153933764    -0.162255229     0.079315505
     9.790000000     0.153019427    -0.155158668     0.078782153
     9.800000000     0.152104068    -0.148173428     0.078273146
     9.810000000     0.151185479    -0.141299233     0.077786667
     9.820000000     0.150261601    -0.134534008     0.077320926
     9.830000000     0.149330468    -0.127874072     0.076874193
     9.840000000     0.148390154    -0.121314498     0.076444824
     9.850000000     0.147438743    -0.114849595     0.076031282
     9.860000000     0.146474304    -0.108473424     0.075632159
     9.870000000     0.145494879    -0.102180298     0.075246187
     9.880000000     0.144498487    -0.095965214     0.074872248
     9.890000000     0.143483134    -0.089824191     0.074509376
     9.900000000     0.142446843    -0.083754482     0.074156752
     9.910000000     0.141387682    -0.077754647     0.073813696
     9.920000000     0.140303811    -0.071824497     0.073479656
     9.930000000     0.139193532    -0.065964911     0.073154183
     9.940000000     0.138055346    -0.060177528     0.072836913
     9.950000000     0.136888014    -0.054464345     0.072527537
     9.960000000     0.135690623    -0.048827210     0.072225774
     9.970000000     0.134462651    -0.043267226     0.071931336
     9.980000000     0.133204032    -0.037784136     0.071643900
     9.990000000     0.131915224    -0.032375726     0.071363072
    10.000000000     0.130597270    -0.027037378     0.071088358
    10.010000000     0.129251856    -0.021761853     0.070819136
    10.020000000     0.127881365    -0.016539385     0.070554632
    10.030000000     0.126488927    -0.011358127     0.070293896
    10.040000000     0.125078455    -0.006204907     0.070035788
    10.050000000     0.123654686    -0.001066228     0.069778969
    10.060000000     0.122223202     0.004070651     0.069521897
    10.070000000     0.120790451     0.009216677     0.069262828
    10.080000000     0.119363758     0.014380193     0.068999830
    10.090000000     0.117951323     0.019566455     0.068730798
    10.100000000     0.116562219     0.024777551     0.068453476
    10.110000000     0.115206372     0.030012710     0.068165493
    10.120000000     0.113894539     0.035268924     0.067864391
    10.130000000     0.112638271     0.040541760     0.067547673
    10.140000000     0.111449870     0.045826224     0.067212844
    10.150000000     0.110342334     0.051117525     0.066857460
    10.160000000     0.109329290     0.056411664     0.066479176
    10.170000000     0.108424920     0.061705783     0.066075798
    10.180000000     0.107643866     0.066998266     0.065645333
    10.190000000     0.107001126     0.072288647     0.065186032
    10.200000000     0.106511941     0.077577336     0.064696439
    10.210000000     0.106191654     0.082865263     0.064175425
    10.220000000     0.106055561     0.088153445     0.063622226
    10.230000000     0.106118747     0.093442559     0.063036468
    10.240000000     0.106395896     0.098732534     0.062418188
    10.250000000     0.106901089     0.104022194     0.061767843
    10.260000000     0.107647588     0.109308969     0.061086319
    10.270000000     0.108647596     0.114588674     0.060374918
    10.280000000     0.109912012     0.119855357     0.059635353
    10.290000000     0.111450165     0.125101213     0.058869723
    10.300000000     0.113269547     0.130316559     0.058080480
    10.310000000     0.115375541     0.135489893     0.057270402
    10.320000000     0.117771139     0.140608036     0.056442540
    10.330000000     0.120456680     0.145656355     0.055600178
    10.340000000     0.123429591     0.150619062     0.054746777
    10.350000000     0.126684143     0.155479531     0.053885922
    10.360000000     0.130211247     0.160220576     0.053021263
    10.370000000     0.133998266     0.164824647     0.052156458
    10.380000000     0.138028877     0.169273887     0.051295116
    10.390000000     0.142282983     0.173550051     0.050440745
    10.400000000     0.146736669     0.177634303     0.049596692
    10.410000000     0.151362236     0.181506946     0.048766103
    10.420000000     0.156128284     0.185147152     0.047951872
    10.430000000     0.160999878     0.188532755     0.047156608
    10.440000000     0.165938785     0.191640168     0.046382601
    10.450000000     0.170903783     0.194444493     0.045631797
    10.460000000     0.175851049     0.196919861     0.044905779
    10.470000000     0.180734613     0.199040040     0.044205759
    10.480000000     0.185506887     0.200779333     0.043532570
    10.490000000     0.190119242     0.202113731     0.042886671
    10.500000000     0.194522654     0.203022313     0.042268159
    10.510000000     0.198668368     0.203488783     0.041676782
    10.520000000     0.202508614     0.203503080     0.041111960
    10.530000000     0.205997320     0.203062932     0.040572818
    10.540000000     0.209090828     0.202175225     0.040058209
    10.550000000     0.211748604     0.200857034     0.039566754
    10.560000000     0.213933900     0.199136189     0.039096878
    10.570000000     0.215614379     0.197051251     0.038646846
    10.580000000     0.216762672     0.194650867     0.038214809
    10.590000000     0.217356863     0.191992545     0.037798837
    10.600000000     0.217380877     0.189140968     0.037396960
    10.610000000     0.216824771     0.186166060     0.037007207
    10.620000000     0.215684924     0.183140967     0.036627637
    10.630000000     0.213964102     0.180140131     0.036256373
    10.640000000     0.211671414     0.177237478     0.035891627
    10.650000000     0.208822154     0.174504707     0.035531727
    10.660000000     0.205437528     0.172009562     0.035175131
    10.670000000     0.201544277     0.169814017     0.034820447
    10.680000000     0.197174200     0.167972379     0.034466437
    10.690000000     0.192363603     0.166529411     0.034112026
    10.700000000     0.187152658     0.165518719     0.033756298
    10.710000000     0.181584728     0.164961624     0.033398497
    10.720000000     0.175705635     0.164866731     0.033038012
    10.730000000     0.169562912     0.165230289     0.032674372
    10.740000000     0.163205051     0.166037294     0.032307227
    10.750000000     0.156680762     0.167263217     0.031936332
    10.760000000     0.150038254     0.168876142     0.031561527
    10.770000000     0.143324563     0.170839082     0.031182722
    10.780000000     0.136584935     0.173112273     0.030799871
    10.790000000     0.129862276     0.175655255     0.030412955
    10.800000000     0.123196667     0.178428615     0.030021963
    10.810000000     0.116624975     0.181395322     0.029626876
    10.820000000     0.110180536     0.184521629     0.029227650
    10.830000000     0.103892931     0.187777572     0.028824203
    10.840000000     0.097787845     0.191137123     0.028416406
    10.850000000     0.091887010     0.194578085     0.028004080
    10.860000000     0.086208221     0.198081803     0.027586984
    10.870000000     0.080765430     0.201632779     0.027164824
    10.880000000     0.075568895     0.205218249     0.026737251
    10.890000000     0.070625391     0.208827763     0.026303867
    10.900000000     0.065938458     0.212452807     0.025864237
    10.910000000     0.061508686     0.216086466     0.025417897
    10.920000000     0.057334031     0.219723154     0.024964370
    10.930000000     0.053410137     0.223358386     0.024503179
    10.940000000     0.049730670     0.226988583     0.024033864
    10.950000000     0.046287652     0.230610919     0.023555999
    10.960000000     0.043071776     0.234223170     0.023069208
    10.970000000     0.040072724     0.237823582     0.022573179
    10.980000000     0.037279445     0.241410762     0.022067686
    10.990000000     0.034680422     0.244983563     0.021552593
    11.000000000     0.032263908     0.248541004     0.021027875
    11.010000000     0.030018136     0.252082197     0.020493623
    11.020000000     0.027931490     0.255606298     0.019950052
    11.030000000     0.025992662     0.259112480     0.019397510
    11.040000000     0.024190765     0.262599920     0.018836474
    11.050000000     0.022515432     0.266067815     0.018267555
    11.060000000     0.020956878     0.269515395     0.017691494
    11.070000000     0.019505951     0.272941958     0.017109156
    11.080000000     0.018154152     0.276346890     0.016521523
    11.090000000     0.016893645     0.279729687     0.015929683
    11.100000000     0.015717249     0.283089955     0.015334820
    11.110000000     0.014618419     0.286427402     0.014738201
    11.120000000     0.013591216     0.289741813     0.014141159
    11.130000000     0.012630271     0.293033014     0.013545080
    11.140000000     0.011730746     0.296300839     0.012951386
    11.150000000     0.010888288     0.299545088     0.012361519
    11.160000000     0.010098984     0.302765511     0.011776925
    11.170000000     0.009359315     0.305961785     0.011199036
    11.180000000     0.008666113     0.309133527     0.010629257
    11.190000000     0.008016521     0.312280297     0.010068951
    11.200000000     0.007407946     0.315401625     0.009519424
    11.210000000     0.006838030     0.318497039     0.008981912
    11.220000000     0.006304616     0.321566093     0.008457574
    11.230000000     0.005805714     0.324608389     0.007947477
    11.240000000     0.005339481     0.327623600     0.007452593
    11.250000000     0.004904196     0.330611482     0.006973787
    11.260000000     0.004498240     0.333571877     0.006511816
    11.270000000     0.004120084     0.336504715     0.006067325
    11.280000000     0.003768272     0.339410005     0.005640841
    11.290000000     0.003441414     0.342287825     0.005232779
    11.300000000     0.003138174     0.345138309     0.004843437
    11.310000000     0.002857268     0.347961635     0.004473002
    11.320000000     0.002597457     0.350758015     0.004121548
    11.330000000     0.002357543     0.353527677     0.003789048
    11.340000000     0.002136370     0.356270862     0.003475372
    11.350000000     0.001932819     0.358987812     0.003180296
    11.360000000     0.001745810     0.361678770     0.002903511
    11.370000000     0.001574301     0.364343977     0.002644626
    11.380000000     0.001417287     0.366983674     0.002403178
    11.390000000     0.001273803     0.369598106     0.002178640
    11.400000000     0.001142923     0.372187526     0.001970428
    11.410000000     0.001023757     0.374752195     0.001777913
    11.420000000     0.000915461     0.377292390     0.001600425
    11.430000000     0.000817224     0.379808402     0.001437262
    11.440000000     0.000728281     0.382300536     0.001287702
    11.450000000     0.000647904     0.384769115     0.001151004
    11.460000000     0.000575406     0.387214477     0.001026421
    11.470000000     0.000510138     0.389636972     0.000913205
    11.480000000     0.000451491     0.392036962     0.000810610
    11.490000000     0.000398894     0.394414814     0.000717904
    11.500000000     0.000351814     0.396770899     0.000634368
    11.510000000     0.000309751     0.399105586     0.000559306
    11.520000000     0.000272244     0.401419241     0.000492043
    11.530000000     0.000238864     0.403712223     0.000431933
    11.540000000     0.000209212     0.405984885     0.000378359
    11.550000000     0.000182922     0.408237571     0.000330737
    11.560000000     0.000159658     0.410470616     0.000288516
    11.570000000     0.000139111     0.412684350     0.000251177
    11.580000000     0.000120997     0.414879093     0.000218240
    11.590000000     0.000105059     0.417055159     0.000189254
    11.600000000     0.000091062     0.419212856     0.000163808
    11.610000000     0.000078791     0.421352485     0.000141520
    11.620000000     0.000068055     0.423474341     0.000122042
    11.630000000     0.000058678     0.425578713     0.000105056
    11.640000000     0.000050504     0.427665883     0.000090276
    11.650000000     0.000043391     0.429736130     0.000077440
    11.660000000     0.000037213     0.431789722     0.000066315
    11.670000000     0.000031856     0.433826926     0.000056692
    11.680000000     0.000027221     0.435847999     0.000048383
    11.690000000     0.000023217     0.437853195     0.000041221
    11.700000000     0.000019765     0.439842760     0.000035060
    11.710000000     0.000016793     0.441816936     0.000029768
    11.720000000     0.000014241     0.443775956     0.000025231
    11.730000000     0.000012052     0.445720052     0.000021347
    11.740000000     0.000010179     0.447649447     0.000018029
    11.750000000     0.000008579     0.449564360     0.000015197
    11.760000000     0.000007215     0.451465004     0.000012786
    11.770000000     0.000006054     0.453351587     0.000010736
    11.780000000     0.000005069     0.455224314     0.000008997
    11.790000000     0.000004234     0.457083382     0.000007523
    11.800000000     0.000003529     0.458928985     0.000006277
    11.810000000     0.000002933     0.460761312     0.000005225
    11.820000000     0.000002432     0.462580549     0.000004340
    11.830000000     0.000002012     0.464386875     0.000003595
    11.840000000     0.000001660     0.466180467     0.000002971
    11.850000000     0.000001365     0.467961497     0.000002449
    11.860000000     0.000001120     0.469730133     0.000002013
    11.870000000     0.000000916     0.471486540     0.000001650
    11.880000000     0.000000747     0.473230879     0.000001349
    11.890000000     0.000000608     0.474963307     0.000001099
    11.900000000     0.000000493     0.476683978     0.000000893
    11.910000000     0.000000398     0.478393042     0.000000723
    11.920000000     0.000000321     0.480090647     0.000000584
    11.930000000     0.000000258     0.481776936     0.000000470
    11.940000000     0.000000206     0.483452052     0.000000377
    11.950000000     0.000000164     0.485116131     0.000000301
    11.960000000     0.000000131     0.486769309     0.000000240
    11.970000000     0.000000103     0.488411718     0.000000190
    11.980000000     0.000000082     0.490043489     0.000000151
    11.990000000     0.000000064     0.491664748     0.000000119
    12.000000000     0.000000050     0.493275620     0.000000093
    12.010000000     0.000000039     0.494876226     0.000000073
    12.020000000     0.000000031     0.496466688     0.000000057
    12.030000000     0.000000024     0.498047121     0.000000044
    12.040000000     0.000000018     0.499617642     0.000000034
    12.050000000     0.000000014     0.501178363     0.000000026
    12.060000000     0.000000011     0.502729394     0.000000020
    12.070000000     0.000000008     0.504270845     0.000000015
    12.080000000     0.000000006     0.505802823     0.000000012
    12.090000000     0.000000005     0.507325431     0.000000009
    12.100000000     0.000000004     0.508838773     0.000000007
    12.110000000     0.000000003     0.510342950     0.000000005
    12.120000000     0.000000002     0.511838060     0.000000004
    12.130000000     0.000000001     0.513324202     0.000000003
    12.140000000     0.000000001     0.514801470     0.000000002
    12.150000000     0.000000001     0.516269960     0.000000002
    12.160000000     0.000000001     0.517729762     0.000000001
    12.170000000     0.000000000     0.519180968     0.000000001
    12.180000000     0.000000000     0.520623668     0.000000001
    12.190000000     0.000000000     0.522057948     0.000000000
    12.200000000     0.000000000     0.523483895     0.000000000
    12.210000000     0.000000000     0.524901594     0.000000000
    12.220000000     0.000000000     0.526311128     0.000000000
    12.230000000     0.000000000     0.527712579     0.000000000
    12.240000000     0.000000000     0.529106028     0.000000000
    12.250000000     0.000000000     0.530491555     0.000000000
    12.260000000     0.000000000     0.531869237     0.000000000
    12.270000000     0.000000000     0.533239151     0.000000000
    12.280000000     0.000000000     0.534601374     0.000000000
    12.290000000     0.000000000     0.535955978     0.000000000
    12.300000000     0.000000000     0.537303039     0.000000000
    12.310000000     0.000000000     0.538642628     0.000000000
    12.320000000     0.000000000     0.539974815     0.000000000
    12.330000000     0.000000000     0.541299672     0.000000000
    12.340000000     0.000000000     0.542617267     0.000000000
    12.350000000     0.000000000     0.543927668     0.000000000
    12.360000000     0.000000000     0.545230942     0.000000000
    12.370000000     0.000000000     0.546527155     0.000000000
    12.380000000     0.000000000     0.547816372     0.000000000
    12.390000000     0.000000000     0.549098656     0.000000000
    12.400000000     0.000000000     0.550374072     0.000000000
    12.410000000     0.000000000     0.551642681     0.000000000
    12.420000000     0.000000000     0.552904544     0.000000000
    12.430000000     0.000000000     0.554159722     0.000000000
    12.440000000     0.000000000     0.555408275     0.000000000
    12.450000000     0.000000000     0.556650261     0.000000000
    12.460000000     0.000000000     0.557885738     0.000000000
    12.470000000     0.000000000     0.559114763     0.000000000
    12.480000000     0.000000000     0.560337394     0.000000000
    12.490000000     0.000000000     0.561553684     0.000000000
    12.500000000     0.000000000     0.562763690     0.000000000
    12.510000000     0.000000000     0.563967465     0.000000000
    12.520000000     0.000000000     0.565165063     0.000000000
    12.530000000     0.000000000     0.566356536     0.000000000
    12.540000000     0.000000000     0.567541936     0.000000000
    12.550000000     0.000000000     0.568721315     0.000000000
    12.560000000     0.000000000     0.569894723     0.000000000
    12.570000000     0.000000000     0.571062210     0.000000000
    12.580000000     0.000000000     0.572223825     0.000000000
    12.590000000     0.000000000     0.573379618     0.000000000
    12.600000000     0.000000000     0.574529636     0.000000000
    12.610000000     0.000000000     0.575673926     0.000000000
    12.620000000     0.000000000     0.576812537     0.000000000
    12.630000000     0.000000000     0.577945513     0.000000000
    12.640000000     0.000000000     0.579072900     0.000000000
    12.650000000     0.000000000     0.580194744     0.000000000
    12.660000000     0.000000000     0.581311089     0.000000000
    12.670000000     0.000000000     0.582421980     0.000000000
    12.680000000     0.000000000     0.583527459     0.000000000
    12.690000000     0.000000000     0.584627570     0.000000000
    12.700000000     0.000000000     0.585722355     0.000000000
    12.710000000     0.000000000     0.586811857     0.000000000
    12.720000000     0.000000000     0.587896115     0.000000000
    12.730000000     0.000000000     0.588975172     0.000000000
    12.740000000     0.000000000     0.590049068     0.000000000
    12.750000000     0.000000000     0.591117843     0.000000000
    12.760000000     0.000000000     0.592181537     0.000000000
    12.770000000     0.000000000     0.593240187     0.000000000
    12.780000000     0.000000000     0.594293834     0.000000000
    12.790000000     0.000000000     0.595342515     0.000000000
    12.800000000     0.000000000     0.596386268     0.000000000
    12.810000000     0.000000000     0.597425131     0.000000000
    12.820000000     0.000000000     0.598459139     0.000000000
    12.830000000     0.000000000     0.599488330     0.000000000
    12.840000000     0.000000000     0.600512739     0.000000000
    12.850000000     0.000000000     0.601532403     0.000000000
    12.860000000     0.000000000     0.602547356     0.000000000
    12.870000000     0.000000000     0.603557634     0.000000000
    12.880000000     0.000000000     0.604563270     0.000000000
    12.890000000     0.000000000     0.605564299     0.000000000
    12.900000000     0.000000000     0.606560755     0.000000000
    12.910000000     0.000000000     0.607552671     0.000000000
    12.920000000     0.000000000     0.608540079     0.000000000
    12.930000000     0.000000000     0.609523014     0.000000000
    12.940000000     0.000000000     0.610501506     0.000000000
    12.950000000     0.000000000     0.611475587     0.000000000
    12.960000000     0.000000000     0.612445291     0.000000000
    12.970000000     0.000000000     0.613410646     0.000000000
    12.980000000     0.000000000     0.614371686     0.000000000
    12.990000000     0.000000000     0.615328439     0.000000000
    13.000000000     0.000000000     0.616280937     0.000000000
