 # Column 1: omega
 # Column 2: eps2(omega)
 # Column 3: eps1(omega)
 # Column 4: JDOS(omega)
     0.000000000    -0.000000000     2.166269315     0.000000000
     0.010000000     0.000000000     2.166274890     0.000000000
     0.020000000     0.000000000     2.166291615     0.000000000
     0.030000000     0.000000000     2.166319493     0.000000000
     0.040000000     0.000000000     2.166358528     0.000000000
     0.050000000     0.000000000     2.166408725     0.000000000
     0.060000000     0.000000000     2.166470092     0.000000000
     0.070000000     0.000000000     2.166542638     0.000000000
     0.080000000     0.000000000     2.166626373     0.000000000
     0.090000000     0.000000000     2.166721310     0.000000000
     0.100000000     0.000000000     2.166827461     0.000000000
     0.110000000     0.000000000     2.166944844     0.000000000
     0.120000000     0.000000000     2.167073474     0.000000000
     0.130000000     0.000000000     2.167213371     0.000000000
     0.140000000     0.000000000     2.167364554     0.000000000
     0.150000000     0.000000000     2.167527047     0.000000000
     0.160000000     0.000000000     2.167700873     0.000000000
     0.170000000     0.000000000     2.167886057     0.000000000
     0.180000000     0.000000000     2.168082628     0.000000000
     0.190000000     0.000000000     2.168290613     0.000000000
     0.200000000     0.000000000     2.168510044     0.000000000
     0.210000000     0.000000000     2.168740953     0.000000000
     0.220000000     0.000000000     2.168983375     0.000000000
     0.230000000     0.000000000     2.169237346     0.000000000
     0.240000000     0.000000000     2.169502904     0.000000000
     0.250000000     0.000000000     2.169780089     0.000000000
     0.260000000     0.000000000     2.170068942     0.000000000
     0.270000000     0.000000000     2.170369507     0.000000000
     0.280000000     0.000000000     2.170681830     0.000000000
     0.290000000     0.000000000     2.171005959     0.000000000
     0.300000000     0.000000000     2.171341942     0.000000000
     0.310000000     0.000000000     2.171689832     0.000000000
     0.320000000     0.000000000     2.172049682     0.000000000
     0.330000000     0.000000000     2.172421547     0.000000000
     0.340000000     0.000000000     2.172805486     0.000000000
     0.350000000     0.000000000     2.173201559     0.000000000
     0.360000000     0.000000000     2.173609826     0.000000000
     0.370000000     0.000000000     2.174030354     0.000000000
     0.380000000     0.000000000     2.174463208     0.000000000
     0.390000000     0.000000000     2.174908457     0.000000000
     0.400000000     0.000000000     2.175366172     0.000000000
     0.410000000     0.000000000     2.175836427     0.000000000
     0.420000000     0.000000000     2.176319298     0.000000000
     0.430000000     0.000000000     2.176814864     0.000000000
     0.440000000     0.000000000     2.177323205     0.000000000
     0.450000000     0.000000000     2.177844404     0.000000000
     0.460000000     0.000000000     2.178378549     0.000000000
     0.470000000     0.000000000     2.178925728     0.000000000
     0.480000000     0.000000000     2.179486033     0.000000000
     0.490000000     0.000000000     2.180059558     0.000000000
     0.500000000     0.000000000     2.180646400     0.000000000
     0.510000000     0.000000000     2.181246659     0.000000000
     0.520000000     0.000000000     2.181860440     0.000000000
     0.530000000     0.000000000     2.182487847     0.000000000
     0.540000000     0.000000000     2.183128991     0.000000000
     0.550000000     0.000000000     2.183783985     0.000000000
     0.560000000     0.000000000     2.184452944     0.000000000
     0.570000000     0.000000000     2.185135987     0.000000000
     0.580000000     0.000000000     2.185833237     0.000000000
     0.590000000     0.000000000     2.186544821     0.000000000
     0.600000000     0.000000000     2.187270869     0.000000000
     0.610000000     0.000000000     2.188011515     0.000000000
     0.620000000     0.000000000     2.188766895     0.000000000
     0.630000000     0.000000000     2.189537152     0.000000000
     0.640000000     0.000000000     2.190322431     0.000000000
     0.650000000     0.000000000     2.191122882     0.000000000
     0.660000000     0.000000000     2.191938658     0.000000000
     0.670000000     0.000000000     2.192769919     0.000000000
     0.680000000     0.000000000     2.193616826     0.000000000
     0.690000000     0.000000000     2.194479549     0.000000000
     0.700000000     0.000000000     2.195358258     0.000000000
     0.710000000     0.000000000     2.196253131     0.000000000
     0.720000000     0.000000000     2.197164351     0.000000000
     0.730000000     0.000000000     2.198092105     0.000000000
     0.740000000     0.000000000     2.199036586     0.000000000
     0.750000000     0.000000000     2.199997992     0.000000000
     0.760000000     0.000000000     2.200976528     0.000000000
     0.770000000     0.000000000     2.201972404     0.000000000
     0.780000000     0.000000000     2.202985835     0.000000000
     0.790000000     0.000000000     2.204017045     0.000000000
     0.800000000     0.000000000     2.205066261     0.000000000
     0.810000000     0.000000000     2.206133720     0.000000000
     0.820000000     0.000000000     2.207219664     0.000000000
     0.830000000     0.000000000     2.208324343     0.000000000
     0.840000000     0.000000000     2.209448013     0.000000000
     0.850000000     0.000000000     2.210590938     0.000000000
     0.860000000     0.000000000     2.211753393     0.000000000
     0.870000000     0.000000000     2.212935655     0.000000000
     0.880000000     0.000000000     2.214138016     0.000000000
     0.890000000     0.000000000     2.215360772     0.000000000
     0.900000000     0.000000000     2.216604229     0.000000000
     0.910000000     0.000000000     2.217868705     0.000000000
     0.920000000     0.000000000     2.219154523     0.000000000
     0.930000000     0.000000000     2.220462021     0.000000000
     0.940000000     0.000000000     2.221791543     0.000000000
     0.950000000     0.000000000     2.223143446     0.000000000
     0.960000000     0.000000000     2.224518099     0.000000000
     0.970000000     0.000000000     2.225915880     0.000000000
     0.980000000     0.000000000     2.227337180     0.000000000
     0.990000000     0.000000000     2.228782404     0.000000000
     1.000000000     0.000000000     2.230251968     0.000000000
     1.010000000     0.000000000     2.231746301     0.000000000
     1.020000000     0.000000000     2.233265848     0.000000000
     1.030000000     0.000000000     2.234811067     0.000000000
     1.040000000     0.000000000     2.236382431     0.000000000
     1.050000000     0.000000000     2.237980429     0.000000000
     1.060000000     0.000000000     2.239605566     0.000000000
     1.070000000     0.000000000     2.241258364     0.000000000
     1.080000000     0.000000000     2.242939362     0.000000000
     1.090000000     0.000000001     2.244649119     0.000000000
     1.100000000     0.000000001     2.246388209     0.000000000
     1.110000000     0.000000001     2.248157231     0.000000000
     1.120000000     0.000000002     2.249956801     0.000000000
     1.130000000     0.000000002     2.251787557     0.000000000
     1.140000000     0.000000004     2.253650161     0.000000000
     1.150000000     0.000000005     2.255545295     0.000000000
     1.160000000     0.000000008     2.257473669     0.000000000
     1.170000000     0.000000011     2.259436016     0.000000000
     1.180000000     0.000000016     2.261433096     0.000000000
     1.190000000     0.000000023     2.263465696     0.000000000
     1.200000000     0.000000034     2.265534633     0.000000000
     1.210000000     0.000000048     2.267640752     0.000000000
     1.220000000     0.000000069     2.269784932     0.000000000
     1.230000000     0.000000098     2.271968082     0.000000001
     1.240000000     0.000000139     2.274191147     0.000000001
     1.250000000     0.000000196     2.276455107     0.000000001
     1.260000000     0.000000276     2.278760978     0.000000001
     1.270000000     0.000000387     2.281109818     0.000000002
     1.280000000     0.000000541     2.283502722     0.000000003
     1.290000000     0.000000753     2.285940829     0.000000003
     1.300000000     0.000001045     2.288425324     0.000000005
     1.310000000     0.000001446     2.290957437     0.000000006
     1.320000000     0.000001993     2.293538445     0.000000008
     1.330000000     0.000002737     2.296169680     0.000000011
     1.340000000     0.000003747     2.298852522     0.000000014
     1.350000000     0.000005110     2.301588410     0.000000019
     1.360000000     0.000006945     2.304378841     0.000000025
     1.370000000     0.000009406     2.307225369     0.000000032
     1.380000000     0.000012694     2.310129615     0.000000042
     1.390000000     0.000017070     2.313093266     0.000000054
     1.400000000     0.000022872     2.316118075     0.000000070
     1.410000000     0.000030538     2.319205870     0.000000090
     1.420000000     0.000040626     2.322358554     0.000000115
     1.430000000     0.000053851     2.325578106     0.000000146
     1.440000000     0.000071122     2.328866589     0.000000184
     1.450000000     0.000093589     2.332226150     0.000000233
     1.460000000     0.000122701     2.335659024     0.000000292
     1.470000000     0.000160275     2.339167540     0.000000365
     1.480000000     0.000208579     2.342754118     0.000000455
     1.490000000     0.000270428     2.346421281     0.000000565
     1.500000000     0.000349302     2.350171650     0.000000697
     1.510000000     0.000449480     2.354007952     0.000000858
     1.520000000     0.000576197     2.357933022     0.000001052
     1.530000000     0.000735823     2.361949803     0.000001284
     1.540000000     0.000936073     2.366061353     0.000001562
     1.550000000     0.001186238     2.370270839     0.000001892
     1.560000000     0.001497447     2.374581545     0.000002284
     1.570000000     0.001882955     2.378996869     0.000002747
     1.580000000     0.002358469     2.383520318     0.000003291
     1.590000000     0.002942485     2.388155510     0.000003929
     1.600000000     0.003656661     2.392906167     0.000004674
     1.610000000     0.004526209     2.397776108     0.000005542
     1.620000000     0.005580291     2.402769236     0.000006550
     1.630000000     0.006852437     2.407889530     0.000007715
     1.640000000     0.008380939     2.413141021     0.000009060
     1.650000000     0.010209248     2.418527771     0.000010607
     1.660000000     0.012386326     2.424053844     0.000012383
     1.670000000     0.014966951     2.429723267     0.000014416
     1.680000000     0.018011963     2.435539980     0.000016738
     1.690000000     0.021588413     2.441507779     0.000019386
     1.700000000     0.025769598     2.447630244     0.000022400
     1.710000000     0.030634968     2.453910640     0.000025823
     1.720000000     0.036269868     2.460351815     0.000029708
     1.730000000     0.042765092     2.466956052     0.000034110
     1.740000000     0.050216234     2.473724907     0.000039092
     1.750000000     0.058722812     2.480659000     0.000044727
     1.760000000     0.068387139     2.487757765     0.000051095
     1.770000000     0.079312949     2.495019146     0.000058285
     1.780000000     0.091603747     2.502439233     0.000066399
     1.790000000     0.105360909     2.510011813     0.000075549
     1.800000000     0.120681524     2.517727848     0.000085864
     1.810000000     0.137656011     2.525574834     0.000097483
     1.820000000     0.156365524     2.533536053     0.000110564
     1.830000000     0.176879212     2.541589676     0.000125279
     1.840000000     0.199251356     2.549707724     0.000141820
     1.850000000     0.223518469     2.557854838     0.000160395
     1.860000000     0.249696414     2.565986861     0.000181232
     1.870000000     0.277777635     2.574049201     0.000204576
     1.880000000     0.307728570     2.581974943     0.000230690
     1.890000000     0.339487358     2.589682696     0.000259856
     1.900000000     0.372961907     2.597074129     0.000292370
     1.910000000     0.408028442     2.604031176     0.000328543
     1.920000000     0.444530588     2.610412882     0.000368695
     1.930000000     0.482279095     2.616051932     0.000413154
     1.940000000     0.521052242     2.620750952     0.000462253
     1.950000000     0.560596988     2.624278879     0.000516320
     1.960000000     0.600630899     2.626367884     0.000575678
     1.970000000     0.640844844     2.626711645     0.000640633
     1.980000000     0.680906474     2.624966116     0.000711472
     1.990000000     0.720464421     2.620754175     0.000788448
     2.000000000     0.759153166     2.613675745     0.000871781
     2.010000000     0.796598499     2.603324858     0.000961639
     2.020000000     0.832423440     2.589314609     0.001058136
     2.030000000     0.866254517     2.571309966     0.001161320
     2.040000000     0.897728242     2.549066668     0.001271165
     2.050000000     0.926497626     2.522472334     0.001387559
     2.060000000     0.952238588     2.491583699     0.001510303
     2.070000000     0.974656071     2.456652433     0.001639096
     2.080000000     0.993489706     2.418132328     0.001773536
     2.090000000     1.008518891     2.376663344     0.001913111
     2.100000000     1.019567113     2.333032867     0.002057200
     2.110000000     1.026505423     2.288120136     0.002205071
     2.120000000     1.029254951     2.242833933     0.002355882
     2.130000000     1.027788400     2.198054489     0.002508688
     2.140000000     1.022130472     2.154587788     0.002662443
     2.150000000     1.012357227     2.113135497     0.002816014
     2.160000000     0.998594393     2.074279094     0.002968190
     2.170000000     0.981014675     2.038474202     0.003117695
     2.180000000     0.959834148     2.006051229     0.003263207
     2.190000000     0.935307847     1.977219994     0.003403375
     2.200000000     0.907724657     1.952077724     0.003536838
     2.210000000     0.877401673     1.930620456     0.003662246
     2.220000000     0.844678165     1.912757596     0.003778284
     2.230000000     0.809909315     1.898328587     0.003883695
     2.240000000     0.773459883     1.887120168     0.003977297
     2.250000000     0.735697956     1.878882719     0.004058011
     2.260000000     0.696988936     1.873344705     0.004124879
     2.270000000     0.657689887     1.870224813     0.004177081
     2.280000000     0.618144356     1.869241839     0.004213953
     2.290000000     0.578677775     1.870122555     0.004235001
     2.300000000     0.539593512     1.872607786     0.004239911
     2.310000000     0.501169609     1.876456853     0.004228557
     2.320000000     0.463656257     1.881450497     0.004201004
     2.330000000     0.427273996     1.887392398     0.004157506
     2.340000000     0.392212639     1.894109465     0.004098507
     2.350000000     0.358630877     1.901451121     0.004024628
     2.360000000     0.326656518     1.909287863     0.003936660
     2.370000000     0.296387304     1.917509358     0.003835547
     2.380000000     0.267892231     1.926022317     0.003722370
     2.390000000     0.241213288     1.934748363     0.003598327
     2.400000000     0.216367541     1.943622001     0.003464713
     2.410000000     0.193349479     1.952588795     0.003322893
     2.420000000     0.172133527     1.961603766     0.003174286
     2.430000000     0.152676673     1.970630012     0.003020332
     2.440000000     0.134921114     1.979637533     0.002862474
     2.450000000     0.118796871     1.988602216     0.002702137
     2.460000000     0.104224319     1.997504972     0.002540702
     2.470000000     0.091116574     2.006330972     0.002379488
     2.480000000     0.079381714     2.015068999     0.002219738
     2.490000000     0.068924805     2.023710869     0.002062602
     2.500000000     0.059649698     2.032250931     0.001909122
     2.510000000     0.051460610     2.040685633     0.001760230
     2.520000000     0.044263474     2.049013148     0.001616735
     2.530000000     0.037967053     2.057233052     0.001479325
     2.540000000     0.032483854     2.065346044     0.001348560
     2.550000000     0.027730818     2.073353720     0.001224880
     2.560000000     0.023629841     2.081258369     0.001108604
     2.570000000     0.020108117     2.089062809     0.000999940
     2.580000000     0.017098333     2.096770247     0.000898990
     2.590000000     0.014538738     2.104384164     0.000805759
     2.600000000     0.012373109     2.111908222     0.000720168
     2.610000000     0.010550621     2.119346183     0.000642061
     2.620000000     0.009025654     2.126701856     0.000571219
     2.630000000     0.007757551     2.133979052     0.000507371
     2.640000000     0.006710328     2.141181572     0.000450205
     2.650000000     0.005852375     2.148313198     0.000399377
     2.660000000     0.005156131     2.155377724     0.000354524
     2.670000000     0.004597767     2.162379000     0.000315274
     2.680000000     0.004156865     2.169321002     0.000281251
     2.690000000     0.003816113     2.176207915     0.000252087
     2.700000000     0.003561011     2.183044228     0.000227426
     2.710000000     0.003379598     2.189834808     0.000206934
     2.720000000     0.003262189     2.196584948     0.000190299
     2.730000000     0.003201140     2.203300358     0.000177237
     2.740000000     0.003190630     2.209987089     0.000167497
     2.750000000     0.003226456     2.216651397     0.000160862
     2.760000000     0.003305848     2.223299554     0.000157148
     2.770000000     0.003427301     2.229937640     0.000156212
     2.780000000     0.003590415     2.236571359     0.000157944
     2.790000000     0.003795748     2.243205895     0.000162272
     2.800000000     0.004044682     2.249845842     0.000169160
     2.810000000     0.004339289     2.256495194     0.000178610
     2.820000000     0.004682209     2.263157385     0.000190653
     2.830000000     0.005076534     2.269835365     0.000205355
     2.840000000     0.005525686     2.276531686     0.000222812
     2.850000000     0.006033312     2.283248582     0.000243148
     2.860000000     0.006603172     2.289988030     0.000266513
     2.870000000     0.007239034     2.296751795     0.000293081
     2.880000000     0.007944574     2.303541444     0.000323046
     2.890000000     0.008723276     2.310358349     0.000356619
     2.900000000     0.009578339     2.317203660     0.000394028
     2.910000000     0.010512594     2.324078268     0.000435511
     2.920000000     0.011528423     2.330982749     0.000481316
     2.930000000     0.012627689     2.337917295     0.000531695
     2.940000000     0.013811680     2.344881628     0.000586900
     2.950000000     0.015081055     2.351874896     0.000647183
     2.960000000     0.016435818     2.358895564     0.000712787
     2.970000000     0.017875293     2.365941294     0.000783946
     2.980000000     0.019398120     2.373008825     0.000860879
     2.990000000     0.021002271     2.380093875     0.000943786
     3.000000000     0.022685080     2.387191092     0.001032844
     3.010000000     0.024443289     2.394294061     0.001128202
     3.020000000     0.026273118     2.401395428     0.001229978
     3.030000000     0.028170348     2.408487148     0.001338255
     3.040000000     0.030130430     2.415560901     0.001453076
     3.050000000     0.032148603     2.422608697     0.001574442
     3.060000000     0.034220037     2.429623655     0.001702306
     3.070000000     0.036339991     2.436600941     0.001836572
     3.080000000     0.038503987     2.443538774     0.001977092
     3.090000000     0.040707996     2.450439358     0.002123665
     3.100000000     0.042948647     2.457309580     0.002276031
     3.110000000     0.045223438     2.464161239     0.002433874
     3.120000000     0.047530963     2.471010655     0.002596820
     3.130000000     0.049871152     2.477877571     0.002764436
     3.140000000     0.052245505     2.484783441     0.002936232
     3.150000000     0.054657345     2.491749325     0.003111660
     3.160000000     0.057112059     2.498793757     0.003290121
     3.170000000     0.059617345     2.505930954     0.003470961
     3.180000000     0.062183448     2.513169662     0.003653481
     3.190000000     0.064823386     2.520512786     0.003836937
     3.200000000     0.067553159     2.527957809     0.004020548
     3.210000000     0.070391934     2.535497888     0.004203500
     3.220000000     0.073362213     2.543123451     0.004384956
     3.230000000     0.076489949     2.550824122     0.004564058
     3.240000000     0.079804640     2.558590814     0.004739940
     3.250000000     0.083339362     2.566417823     0.004911736
     3.260000000     0.087130760     2.574304753     0.005078587
     3.270000000     0.091218966     2.582258031     0.005239652
     3.280000000     0.095647464     2.590291736     0.005394118
     3.290000000     0.100462880     2.598427464     0.005541209
     3.300000000     0.105714688     2.606693055     0.005680197
     3.310000000     0.111454851     2.615120212     0.005810409
     3.320000000     0.117737373     2.623741276     0.005931239
     3.330000000     0.124617770     2.632585657     0.006042155
     3.340000000     0.132152463     2.641676457     0.006142708
     3.350000000     0.140398086     2.651027779     0.006232537
     3.360000000     0.149410732     2.660642978     0.006311377
     3.370000000     0.159245113     2.670513888     0.006379062
     3.380000000     0.169953678     2.680620865     0.006435531
     3.390000000     0.181585658     2.690933400     0.006480829
     3.400000000     0.194186092     2.701411050     0.006515107
     3.410000000     0.207794802     2.712004529     0.006538624
     3.420000000     0.222445377     2.722656846     0.006551746
     3.430000000     0.238164136     2.733304494     0.006554941
     3.440000000     0.254969125     2.743878662     0.006548777
     3.450000000     0.272869148     2.754306467     0.006533918
     3.460000000     0.291862845     2.764512138     0.006511118
     3.470000000     0.311937860     2.774418015     0.006481215
     3.480000000     0.333070098     2.783945242     0.006445123
     3.490000000     0.355223107     2.793014086     0.006403829
     3.500000000     0.378347595     2.801543976     0.006358381
     3.510000000     0.402381120     2.809453600     0.006309884
     3.520000000     0.427247955     2.816661589     0.006259492
     3.530000000     0.452859160     2.823088325     0.006208398
     3.540000000     0.479112883     2.828659225     0.006157830
     3.550000000     0.505894885     2.833309298     0.006109041
     3.560000000     0.533079324     2.836988115     0.006063304
     3.570000000     0.560529794     2.839663694     0.006021902
     3.580000000     0.588100624     2.841323543     0.005986123
     3.590000000     0.615638434     2.841971407     0.005957251
     3.600000000     0.642983948     2.841619212     0.005936560
     3.610000000     0.669974033     2.840275141     0.005925303
     3.620000000     0.696443961     2.837930236     0.005924706
     3.630000000     0.722229856     2.834546917     0.005935959
     3.640000000     0.747171283     2.830052942     0.005960207
     3.650000000     0.771113960     2.824343525     0.005998538
     3.660000000     0.793912517     2.817292748     0.006051976
     3.670000000     0.815433270     2.808773506     0.006121468
     3.680000000     0.835556948     2.798683343     0.006207873
     3.690000000     0.854181299     2.786972097     0.006311952
     3.700000000     0.871223540     2.773666500     0.006434358
     3.710000000     0.886622566     2.758887027     0.006575623
     3.720000000     0.900340871     2.742853436     0.006736147
     3.730000000     0.912366125     2.725877468     0.006916191
     3.740000000     0.922712356     2.708343486     0.007115867
     3.750000000     0.931420692     2.690680028     0.007335131
     3.760000000     0.938559629     2.673326588     0.007573776
     3.770000000     0.944224802     2.656700413     0.007831431
     3.780000000     0.948538241     2.641167717     0.008107556
     3.790000000     0.951647100     2.627022694     0.008401445
     3.800000000     0.953721877     2.614476261     0.008712230
     3.810000000     0.954954131     2.603654831     0.009038885
     3.820000000     0.955553725     2.594607742     0.009380234
     3.830000000     0.955745633     2.587320705     0.009734969
     3.840000000     0.955766355     2.581732075     0.010101655
     3.850000000     0.955859993     2.577748853     0.010478756
     3.860000000     0.956274054     2.575260180     0.010864649
     3.870000000     0.957255039     2.574147112     0.011257650
     3.880000000     0.959043902     2.574288453     0.011656035
     3.890000000     0.961871447     2.575563161     0.012058070
     3.900000000     0.965953749     2.577850170     0.012462033
     3.910000000     0.971487680     2.581026608     0.012866249
     3.920000000     0.978646622     2.584965310     0.013269113
     3.930000000     0.987576449     2.589532416     0.013669121
     3.940000000     0.998391867     2.594585634     0.014064899
     3.950000000     1.011173178     2.599973568     0.014455231
     3.960000000     1.025963556     2.605536165     0.014839081
     3.970000000     1.042766894     2.611106032     0.015215620
     3.980000000     1.061546287     2.616510000     0.015584245
     3.990000000     1.082223207     2.621570102     0.015944599
     4.000000000     1.104677405     2.626103103     0.016296582
     4.010000000     1.128747584     2.629918001     0.016640366
     4.020000000     1.154232836     2.632811448     0.016976398
     4.030000000     1.180894875     2.634561733     0.017305403
     4.040000000     1.208461026     2.634922661     0.017628382
     4.050000000     1.236627944     2.633619106     0.017946606
     4.060000000     1.265066025     2.630346114     0.018261600
     4.070000000     1.293424424     2.624773171     0.018575130
     4.080000000     1.321336607     2.616554721     0.018889184
     4.090000000     1.348426333     2.605347343     0.019205940
     4.100000000     1.374313947     2.590833394     0.019527744
     4.110000000     1.398622866     2.572750202     0.019857076
     4.120000000     1.420986115     2.550923068     0.020196513
     4.130000000     1.441052781     2.525299154     0.020548692
     4.140000000     1.458494229     2.495977927     0.020916272
     4.150000000     1.473009961     2.463232541     0.021301894
     4.160000000     1.484332969     2.427516117     0.021708138
     4.170000000     1.492234468     2.389448079     0.022137484
     4.180000000     1.496527901     2.349778851     0.022592273
     4.190000000     1.497072128     2.309335905     0.023074665
     4.200000000     1.493773733     2.268959056     0.023586609
     4.210000000     1.486588399     2.229436233     0.024129806
     4.220000000     1.475521338     2.191451287     0.024705678
     4.230000000     1.460626774     2.155552363     0.025315347
     4.240000000     1.442006516     2.122143908     0.025959607
     4.250000000     1.419807668     2.091499414     0.026638910
     4.260000000     1.394219549     2.063787496     0.027353353
     4.270000000     1.365469923     2.039102051     0.028102667
     4.280000000     1.333820639     2.017488412     0.028886218
     4.290000000     1.299562808     1.998960580     0.029703004
     4.300000000     1.263011635     1.983508561     0.030551666
     4.310000000     1.224501043     1.971098056     0.031430492
     4.320000000     1.184378213     1.961666427     0.032337438
     4.330000000     1.142998173     1.955118836     0.033270145
     4.340000000     1.100718537     1.951327217     0.034225959
     4.350000000     1.057894513     1.950133092     0.035201958
     4.360000000     1.014874262     1.951353861     0.036194981
     4.370000000     0.971994687     1.954791284     0.037201659
     4.380000000     0.929577706     1.960240676     0.038218443
     4.390000000     0.887927051     1.967499413     0.039241645
     4.400000000     0.847325624     1.976373808     0.040267463
     4.410000000     0.808033400     1.986683834     0.041292026
     4.420000000     0.770285891     1.998265668     0.042311421
     4.430000000     0.734293129     2.010972323     0.043321730
     4.440000000     0.700239149     2.024672879     0.044319067
     4.450000000     0.668281925     2.039250807     0.045299603
     4.460000000     0.638553713     2.054601889     0.046259603
     4.470000000     0.611161744     2.070632042     0.047195452
     4.480000000     0.586189217     2.087255299     0.048103680
     4.490000000     0.563696532     2.104392031     0.048980991
     4.500000000     0.543722710     2.121967442     0.049824277
     4.510000000     0.526286956     2.139910274     0.050630643
     4.520000000     0.511390305     2.158151646     0.051397420
     4.530000000     0.499017320     2.176623940     0.052122179
     4.540000000     0.489137804     2.195259683     0.052802740
     4.550000000     0.481708492     2.213990417     0.053437178
     4.560000000     0.476674694     2.232745605     0.054023832
     4.570000000     0.473971881     2.251451658     0.054561303
     4.580000000     0.473527190     2.270031224     0.055048453
     4.590000000     0.475260830     2.288402900     0.055484408
     4.600000000     0.479087398     2.306481534     0.055868546
     4.610000000     0.484917088     2.324179229     0.056200498
     4.620000000     0.492656784     2.341407114     0.056480136
     4.630000000     0.502211059     2.358077813     0.056707567
     4.640000000     0.513483047     2.374108449     0.056883124
     4.650000000     0.526375221     2.389423910     0.057007354
     4.660000000     0.540790053     2.403960048     0.057081010
     4.670000000     0.556630574     2.417666463     0.057105042
     4.680000000     0.573800827     2.430508584     0.057080584
     4.690000000     0.592206226     2.442468831     0.057008946
     4.700000000     0.611753811     2.453546816     0.056891604
     4.710000000     0.632352419     2.463758590     0.056730191
     4.720000000     0.653912775     2.473135071     0.056526487
     4.730000000     0.676347503     2.481719747     0.056282407
     4.740000000     0.699571069     2.489565700     0.055999997
     4.750000000     0.723499685     2.496731961     0.055681422
     4.760000000     0.748051153     2.503279145     0.055328954
     4.770000000     0.773144694     2.509264332     0.054944966
     4.780000000     0.798700757     2.514735317     0.054531916
     4.790000000     0.824640829     2.519724516     0.054092341
     4.800000000     0.850887251     2.524243138     0.053628841
     4.810000000     0.877363066     2.528276477     0.053144068
     4.820000000     0.903991890     2.531781361     0.052640707
     4.830000000     0.930697829     2.534686668     0.052121469
     4.840000000     0.957405435     2.536897498     0.051589069
     4.850000000     0.984039713     2.538302956     0.051046211
     4.860000000     1.010526161     2.538786822     0.050495573
     4.870000000     1.036790860     2.538239776     0.049939787
     4.880000000     1.062760581     2.536571441     0.049381427
     4.890000000     1.088362916     2.533720432     0.048822987
     4.900000000     1.113526421     2.529660886     0.048266867
     4.910000000     1.138180744     2.524404530     0.047715360
     4.920000000     1.162256737     2.517998173     0.047170636
     4.930000000     1.185686548     2.510517428     0.046634731
     4.940000000     1.208403658     2.502058245     0.046109536
     4.950000000     1.230342892     2.492728276     0.045596792
     4.960000000     1.251440374     2.482639952     0.045098078
     4.970000000     1.271633449     2.471906505     0.044614817
     4.980000000     1.290860567     2.460641092     0.044148267
     4.990000000     1.309061155     2.448958078     0.043699527
     5.000000000     1.326175485     2.436974747     0.043269540
     5.010000000     1.342144568     2.424811549     0.042859104
     5.020000000     1.356910101     2.412589375     0.042468875
     5.030000000     1.370414477     2.400423288     0.042099385
     5.040000000     1.382600917     2.388413129     0.041751052
     5.050000000     1.393413713     2.376632334     0.041424197
     5.060000000     1.402798640     2.365116884     0.041119059
     5.070000000     1.410703521     2.353856390     0.040835817
     5.080000000     1.417078981     2.342789112     0.040574604
     5.090000000     1.421879380     2.331802139     0.040335530
     5.100000000     1.425063920     2.320737358     0.040118701
     5.110000000     1.426597906     2.309403234     0.039924235
     5.120000000     1.426454150     2.297591898     0.039752285
     5.130000000     1.424614454     2.285100618     0.039603052
     5.140000000     1.421071160     2.271756236     0.039476804
     5.150000000     1.415828689     2.257440554     0.039373889
     5.160000000     1.408905031     2.242114040     0.039294748
     5.170000000     1.400333110     2.225834677     0.039239920
     5.180000000     1.390161976     2.208768703     0.039210058
     5.190000000     1.378457763     2.191190567     0.039205922
     5.200000000     1.365304349     2.173470810     0.039228387
     5.210000000     1.350803682     2.156052414     0.039278438
     5.220000000     1.335075726     2.139418093     0.039357162
     5.230000000     1.318258008     2.124052512     0.039465740
     5.240000000     1.300504731     2.110404121     0.039605434
     5.250000000     1.281985479     2.098851268     0.039777566
     5.260000000     1.262883496     2.089676422     0.039983505
     5.270000000     1.243393590     2.083051010     0.040224637
     5.280000000     1.223719676     2.079031794     0.040502348
     5.290000000     1.204072023     2.077568068     0.040817989
     5.300000000     1.184664252     2.078517630     0.041172854
     5.310000000     1.165710160     2.081668648     0.041568147
     5.320000000     1.147420432     2.086764225     0.042004960
     5.330000000     1.129999323     2.093526611     0.042484236
     5.340000000     1.113641382     2.101678532     0.043006751
     5.350000000     1.098528286     2.110959773     0.043573089
     5.360000000     1.084825867     2.121137896     0.044183617
     5.370000000     1.072681381     2.132012858     0.044838476
     5.380000000     1.062221091     2.143416065     0.045537560
     5.390000000     1.053548200     2.155205126     0.046280517
     5.400000000     1.046741186     2.167256066     0.047066742
     5.410000000     1.041852557     2.179454834     0.047895380
     5.420000000     1.038908061     2.191689746     0.048765335
     5.430000000     1.037906349     2.203845995     0.049675288
     5.440000000     1.038819099     2.215802787     0.050623706
     5.450000000     1.041591594     2.227433077     0.051608875
     5.460000000     1.046143737     2.238605469     0.052628918
     5.470000000     1.052371479     2.249187518     0.053681832
     5.480000000     1.060148627     2.259049518     0.054765514
     5.490000000     1.069329008     2.268067930     0.055877798
     5.500000000     1.079748933     2.276127791     0.057016485
     5.510000000     1.091229926     2.283123872     0.058179379
     5.520000000     1.103581664     2.288960771     0.059364315
     5.530000000     1.116605074     2.293552545     0.060569188
     5.540000000     1.130095549     2.296822697     0.061791978
     5.550000000     1.143846194     2.298705321     0.063030770
     5.560000000     1.157651088     2.299147975     0.064283769
     5.570000000     1.171308470     2.298116408     0.065549309
     5.580000000     1.184623817     2.295600780     0.066825864
     5.590000000     1.197412751     2.291622561     0.068112038
     5.600000000     1.209503728     2.286240910     0.069406565
     5.610000000     1.220740463     2.279557249     0.070708295
     5.620000000     1.230984055     2.271716803     0.072016182
     5.630000000     1.240114765     2.262906372     0.073329257
     5.640000000     1.248033439     2.253348209     0.074646611
     5.650000000     1.254662534     2.243290612     0.075967369
     5.660000000     1.259946753     2.232996414     0.077290658
     5.670000000     1.263853273     2.222730802     0.078615589
     5.680000000     1.266371583     2.212749808     0.079941223
     5.690000000     1.267512935     2.203290414     0.081266551
     5.700000000     1.267309437     2.194562750     0.082590472
     5.710000000     1.265812820     2.186744448     0.083911776
     5.720000000     1.263092910     2.179977011     0.085229130
     5.730000000     1.259235854     2.174364012     0.086541073
     5.740000000     1.254342145     2.169971010     0.087846011
     5.750000000     1.248524495     2.166827089     0.089142224
     5.760000000     1.241905616     2.164927839     0.090427879
     5.770000000     1.234615945     2.164239495     0.091701045
     5.780000000     1.226791389     2.164703767     0.092959717
     5.790000000     1.218571109     2.166242913     0.094201851
     5.800000000     1.210095413     2.168764739     0.095425395
     5.810000000     1.201503771     2.172167366     0.096628330
     5.820000000     1.192933009     2.176343833     0.097808720
     5.830000000     1.184515685     2.181186613     0.098964754
     5.840000000     1.176378678     2.186592044     0.100094801
     5.850000000     1.168641996     2.192464522     0.101197455
     5.860000000     1.161417804     2.198720110     0.102271593
     5.870000000     1.154809673     2.205289200     0.103316416
     5.880000000     1.148912037     2.212117839     0.104331500
     5.890000000     1.143809847     2.219167517     0.105316835
     5.900000000     1.139578403     2.226413413     0.106272861
     5.910000000     1.136283331     2.233841323     0.107200497
     5.920000000     1.133980711     2.241443714     0.108101164
     5.930000000     1.132717291     2.249215495     0.108976794
     5.940000000     1.132530805     2.257150120     0.109829838
     5.950000000     1.133450337     2.265236580     0.110663254
     5.960000000     1.135496730     2.273457608     0.111480497
     5.970000000     1.138683024     2.281789200     0.112285484
     5.980000000     1.143014889     2.290201236     0.113082565
     5.990000000     1.148491054     2.298658827     0.113876471
     6.000000000     1.155103729     2.307123858     0.114672258
     6.010000000     1.162838992     2.315556266     0.115475247
     6.020000000     1.171677164     2.323914705     0.116290953
     6.030000000     1.181593146     2.332156463     0.117125004
     6.040000000     1.192556743     2.340236724     0.117983068
     6.050000000     1.204532957     2.348107467     0.118870763
     6.060000000     1.217482276     2.355716409     0.119793583
     6.070000000     1.231360938     2.363006448     0.120756807
     6.080000000     1.246121204     2.369916007     0.121765429
     6.090000000     1.261711618     2.376380501     0.122824077
     6.100000000     1.278077284     2.382334916     0.123936951
     6.110000000     1.295160144     2.387717232     0.125107760
     6.120000000     1.312899279     2.392472182     0.126339674
     6.130000000     1.331231216     2.396554809     0.127635284
     6.140000000     1.350090264     2.399933300     0.128996570
     6.150000000     1.369408861     2.402590745     0.130424888
     6.160000000     1.389117946     2.404525684     0.131920962
     6.170000000     1.409147341     2.405751384     0.133484888
     6.180000000     1.429426163     2.406293931     0.135116153
     6.190000000     1.449883232     2.406189225     0.136813660
     6.200000000     1.470447504     2.405479067     0.138575766
     6.210000000     1.491048503     2.404206597     0.140400324
     6.220000000     1.511616755     2.402411520     0.142284734
     6.230000000     1.532084227     2.400125624     0.144225999
     6.240000000     1.552384744     2.397369166     0.146220784
     6.250000000     1.572454408     2.394148670     0.148265475
     6.260000000     1.592231984     2.390456512     0.150356241
     6.270000000     1.611659271     2.386272498     0.152489095
     6.280000000     1.630681429     2.381567369     0.154659947
     6.290000000     1.649247273     2.376307910     0.156864661
     6.300000000     1.667309523     2.370463133     0.159099098
     6.310000000     1.684824992     2.364010787     0.161359165
     6.320000000     1.701754724     2.356943391     0.163640846
     6.330000000     1.718064066     2.349272942     0.165940237
     6.340000000     1.733722674     2.341033635     0.168253565
     6.350000000     1.748704444     2.332282184     0.170577212
     6.360000000     1.762987386     2.323095667     0.172907726
     6.370000000     1.776553418     2.313567187     0.175241829
     6.380000000     1.789388105     2.303799937     0.177576423
     6.390000000     1.801480338     2.293900420     0.179908592
     6.400000000     1.812821961     2.283971617     0.182235600
     6.410000000     1.823407373     2.274106790     0.184554891
     6.420000000     1.833233088     2.264384425     0.186864088
     6.430000000     1.842297304     2.254864596     0.189160988
     6.440000000     1.850599465     2.245586843     0.191443565
     6.450000000     1.858139855     2.236569502     0.193709969
     6.460000000     1.864919228     2.227810338     0.195958527
     6.470000000     1.870938492     2.219288301     0.198187752
     6.480000000     1.876198473     2.210966195     0.200396340
     6.490000000     1.880699751     2.202794114     0.202583184
     6.500000000     1.884442599     2.194713522     0.204747381
     6.510000000     1.887427020     2.186661916     0.206888235
     6.520000000     1.889652885     2.178577920     0.209005269
     6.530000000     1.891120179     2.170406616     0.211098229
     6.540000000     1.891829344     2.162104686     0.213167090
     6.550000000     1.891781714     2.153644866     0.215212059
     6.560000000     1.890980027     2.145019124     0.217233569
     6.570000000     1.889429002     2.136240146     0.219232280
     6.580000000     1.887135954     2.127340919     0.221209066
     6.590000000     1.884111447     2.118372594     0.223165001
     6.600000000     1.880369929     2.109401095     0.225101344
     6.610000000     1.875930365     2.100503162     0.227019513
     6.620000000     1.870816814     2.091762485     0.228921055
     6.630000000     1.865058947     2.083266419     0.230807622
     6.640000000     1.858692473     2.075103453     0.232680928
     6.650000000     1.851759474     2.067361362     0.234542714
     6.660000000     1.844308614     2.060125780     0.236394708
     6.670000000     1.836395222     2.053478887     0.238238582
     6.680000000     1.828081243     2.047497949     0.240075913
     6.690000000     1.819435053     2.042253557     0.241908134
     6.700000000     1.810531131     2.037807526     0.243736504
     6.710000000     1.801449605     2.034210591     0.245562062
     6.720000000     1.792275669     2.031500141     0.247385596
     6.730000000     1.783098894     2.029698345     0.249207610
     6.740000000     1.774012427     2.028811064     0.251028301
     6.750000000     1.765112120     2.028827826     0.252847533
     6.760000000     1.756495586     2.029723021     0.254664825
     6.770000000     1.748261200     2.031458246     0.256479338
     6.780000000     1.740507079     2.033985486     0.258289870
     6.790000000     1.733330042     2.037250662     0.260094861
     6.800000000     1.726824574     2.041197004     0.261892393
     6.810000000     1.721081809     2.045767756     0.263680208
     6.820000000     1.716188546     2.050907888     0.265455723
     6.830000000     1.712226310     2.056564741     0.267216053
     6.840000000     1.709270464     2.062687739     0.268958034
     6.850000000     1.707389398     2.069227442     0.270678258
     6.860000000     1.706643774     2.076134281     0.272373105
     6.870000000     1.707085862     2.083357233     0.274038780
     6.880000000     1.708758950     2.090842644     0.275671350
     6.890000000     1.711696846     2.098533318     0.277266787
     6.900000000     1.715923460     2.106367961     0.278821008
     6.910000000     1.721452491     2.114281104     0.280329921
     6.920000000     1.728287191     2.122203608     0.281789461
     6.930000000     1.736420234     2.130063842     0.283195639
     6.940000000     1.745833679     2.137789511     0.284544578
     6.950000000     1.756499030     2.145309921     0.285832553
     6.960000000     1.768377397     2.152558322     0.287056027
     6.970000000     1.781419761     2.159473830     0.288211688
     6.980000000     1.795567335     2.166002451     0.289296475
     6.990000000     1.810752042     2.172096893     0.290307607
     7.000000000     1.826897087     2.177715157     0.291242607
     7.010000000     1.843917639     2.182818188     0.292099316
     7.020000000     1.861721614     2.187367130     0.292875909
     7.030000000     1.880210556     2.191320803     0.293570905
     7.040000000     1.899280618     2.194633936     0.294183164
     7.050000000     1.918823620     2.197256511     0.294711893
     7.060000000     1.938728194     2.199134340     0.295156633
     7.070000000     1.958880994     2.200210886     0.295517253
     7.080000000     1.979167949     2.200430223     0.295793931
     7.090000000     1.999475571     2.199741001     0.295987139
     7.100000000     2.019692267     2.198101207     0.296097617
     7.110000000     2.039709660     2.195483419     0.296126355
     7.120000000     2.059423897     2.191880122     0.296074563
     7.130000000     2.078736907     2.187308526     0.295943650
     7.140000000     2.097557611     2.181814241     0.295735194
     7.150000000     2.115803051     2.175473121     0.295450920
     7.160000000     2.133399421     2.168390672     0.295092679
     7.170000000     2.150282983     2.160698574     0.294662427
     7.180000000     2.166400858     2.152548206     0.294162209
     7.190000000     2.181711672     2.144101537     0.293594145
     7.200000000     2.196186045     2.135520290     0.292960425
     7.210000000     2.209806924     2.126954769     0.292263301
     7.220000000     2.222569757     2.118533980     0.291505090
     7.230000000     2.234482482     2.110358590     0.290688175
     7.240000000     2.245565378     2.102497787     0.289815016
     7.250000000     2.255850733     2.094990397     0.288888162
     7.260000000     2.265382378     2.087849804     0.287910261
     7.270000000     2.274215071     2.081071572     0.286884078
     7.280000000     2.282413761     2.074642354     0.285812513
     7.290000000     2.290052731     2.068548650     0.284698615
     7.300000000     2.297214658     2.062784323     0.283545600
     7.310000000     2.303989585     2.057356140     0.282356864
     7.320000000     2.310473841     2.052286964     0.281135994
     7.330000000     2.316768922     2.047616402     0.279886773
     7.340000000     2.322980356     2.043398797     0.278613184
     7.350000000     2.329216564     2.039698558     0.277319409
     7.360000000     2.335587745     2.036583082     0.276009816
     7.370000000     2.342204801     2.034113944     0.274688945
     7.380000000     2.349178311     2.032337455     0.273361487
     7.390000000     2.356617577     2.031276018     0.272032257
     7.400000000     2.364629754     2.030921663     0.270706160
     7.410000000     2.373319059     2.031232813     0.269388147
     7.420000000     2.382786096     2.032134735     0.268083177
     7.430000000     2.393127266     2.033523576     0.266796165
     7.440000000     2.404434285     2.035273363     0.265531930
     7.450000000     2.416793808     2.037245135     0.264295142
     7.460000000     2.430287140     2.039297187     0.263090266
     7.470000000     2.444990030     2.041295370     0.261921507
     7.480000000     2.460972545     2.043122331     0.260792760
     7.490000000     2.478298997     2.044684608     0.259707559
     7.500000000     2.497027908     2.045916651     0.258669029
     7.510000000     2.517212007     2.046781211     0.257679848
     7.520000000     2.538898208     2.047266033     0.256742213
     7.530000000     2.562127590     2.047377429     0.255857815
     7.540000000     2.586935317     2.047131749     0.255027820
     7.550000000     2.613350511     2.046546116     0.254252859
     7.560000000     2.641396034     2.045629776     0.253533033
     7.570000000     2.671088184     2.044377193     0.252867919
     7.580000000     2.702436289     2.042763657     0.252256591
     7.590000000     2.735442179     2.040743734     0.251697653
     7.600000000     2.770099558     2.038252486     0.251189271
     7.610000000     2.806393260     2.035209057     0.250729225
     7.620000000     2.844298413     2.031521973     0.250314962
     7.630000000     2.883779523     2.027095389     0.249943652
     7.640000000     2.924789506     2.021835492     0.249612260
     7.650000000     2.967268686     2.015656358     0.249317610
     7.660000000     3.011143821     2.008484694     0.249056458
     7.670000000     3.056327164     2.000262982     0.248825563
     7.680000000     3.102715632     1.990950607     0.248621757
     7.690000000     3.150190115     1.980522539     0.248442016
     7.700000000     3.198614970     1.968965196     0.248283518
     7.710000000     3.247837766     1.956269285     0.248143707
     7.720000000     3.297689294     1.942419893     0.248020338
     7.730000000     3.347983910     1.927384735     0.247911524
     7.740000000     3.398520221     1.911102242     0.247815764
     7.750000000     3.449082155     1.893471700     0.247731971
     7.760000000     3.499440418     1.874347802     0.247659479
     7.770000000     3.549354346     1.853541479     0.247598045
     7.780000000     3.598574140     1.830827947     0.247547840
     7.790000000     3.646843465     1.805961633     0.247509425
     7.800000000     3.693902378     1.778696403     0.247483721
     7.810000000     3.739490534     1.748808625     0.247471968
     7.820000000     3.783350619     1.716120155     0.247475671
     7.830000000     3.825231932     1.680518506     0.247496549
     7.840000000     3.864894050     1.641972116     0.247536470
     7.850000000     3.902110483     1.600539460     0.247597379
     7.860000000     3.936672247     1.556371680     0.247681238
     7.870000000     3.968391251     1.509709044     0.247789948
     7.880000000     3.997103430     1.460871940     0.247925285
     7.890000000     4.022671542     1.410247322     0.248088833
     7.900000000     4.044987550     1.358271615     0.248281922
     7.910000000     4.063974538     1.305411214     0.248505578
     7.920000000     4.079588115     1.252141925     0.248760468
     7.930000000     4.091817260     1.198928827     0.249046870
     7.940000000     4.100684605     1.146208147     0.249364640
     7.950000000     4.106246145     1.094372492     0.249713192
     7.960000000     4.108590385     1.043760419     0.250091496
     7.970000000     4.107836959     0.994650670     0.250498072
     7.980000000     4.104134749     0.947260757     0.250931013
     7.990000000     4.097659570     0.901748979     0.251387996
     8.000000000     4.088611465     0.858218642     0.251866325
     8.010000000     4.077211699     0.816723211     0.252362960
     8.020000000     4.063699495     0.777271432     0.252874568
     8.030000000     4.048328617     0.739831957     0.253397572
     8.040000000     4.031363846     0.704337583     0.253928206
     8.050000000     4.013077434     0.670689612     0.254462570
     8.060000000     3.993745594     0.638762953     0.254996687
     8.070000000     3.973645078     0.608412449     0.255526558
     8.080000000     3.953049904     0.579480463     0.256048218
     8.090000000     3.932228253     0.551805346     0.256557782
     8.100000000     3.911439587     0.525230064     0.257051489
     8.110000000     3.890931989     0.499610158     0.257525747
     8.120000000     3.870939751     0.474820267     0.257977157
     8.130000000     3.851681216     0.450758706     0.258402548
     8.140000000     3.833356861     0.427349768     0.258798987
     8.150000000     3.816147637     0.404543649     0.259163799
     8.160000000     3.800213535     0.382313945     0.259494569
     8.170000000     3.785692392     0.360652785     0.259789144
     8.180000000     3.772698911     0.339563710     0.260045628
     8.190000000     3.761323901     0.319052705     0.260262371
     8.200000000     3.751633719     0.299118006     0.260437964
     8.210000000     3.743669925     0.279739697     0.260571216
     8.220000000     3.737449134     0.260870282     0.260661148
     8.230000000     3.732963087     0.242427426     0.260706974
     8.240000000     3.730178926     0.224289801     0.260708094
     8.250000000     3.729039696     0.206296595     0.260664076
     8.260000000     3.729465068     0.188250785     0.260574656
     8.270000000     3.731352293     0.169925875     0.260439733
     8.280000000     3.734577397     0.151075491     0.260259369
     8.290000000     3.738996596     0.131444921     0.260033794
     8.300000000     3.744447954     0.110783512     0.259763416
     8.310000000     3.750753253     0.088856675     0.259448838
     8.320000000     3.757720057     0.065456328     0.259090867
     8.330000000     3.765143971     0.040408845     0.258690539
     8.340000000     3.772811030     0.013580066     0.258249136
     8.350000000     3.780500220    -0.015122535     0.257768208
     8.360000000     3.787986059    -0.045749888     0.257249595
     8.370000000     3.795041210    -0.078312698     0.256695436
     8.380000000     3.801439085    -0.112783221     0.256108190
     8.390000000     3.806956373    -0.149096806     0.255490642
     8.400000000     3.811375461    -0.187152931     0.254845902
     8.410000000     3.814486697    -0.226815879     0.254177400
     8.420000000     3.816090460    -0.267915569     0.253488875
     8.430000000     3.815998999    -0.310249328     0.252784346
     8.440000000     3.814038013    -0.353585441     0.252068082
     8.450000000     3.810047959    -0.397669246     0.251344562
     8.460000000     3.803885076    -0.442232098     0.250618415
     8.470000000     3.795422124    -0.487002934     0.249894370
     8.480000000     3.784548852    -0.531721500     0.249177178
     8.490000000     3.771172198    -0.576151707     0.248471544
     8.500000000     3.755216269    -0.620093390     0.247782042
     8.510000000     3.736622105    -0.663390934     0.247113037
     8.520000000     3.715347284    -0.705937764     0.246468594
     8.530000000     3.691365393    -0.747676393     0.245852400
     8.540000000     3.664665407    -0.788594305     0.245267677
     8.550000000     3.635251012    -0.828716342     0.244717115
     8.560000000     3.603139909    -0.868094495     0.244202791
     8.570000000     3.568363127    -0.906796057     0.243726123
     8.580000000     3.530964370    -0.944891182     0.243287809
     8.590000000     3.490999409    -0.982440913     0.242887799
     8.600000000     3.448535542    -1.019486668     0.242525271
     8.610000000     3.403651116    -1.056042065     0.242198621
     8.620000000     3.356435099    -1.092087615     0.241905472
     8.630000000     3.306986712    -1.127568494     0.241642697
     8.640000000     3.255415080    -1.162395191     0.241406455
     8.650000000     3.201838895    -1.196446613     0.241192244
     8.660000000     3.146386061    -1.229575073     0.240994967
     8.670000000     3.089193295    -1.261612671     0.240809006
     8.680000000     3.030405660    -1.292378680     0.240628313
     8.690000000     2.970175998    -1.321687644     0.240446501
     8.700000000     2.908664254    -1.349357851     0.240256951
     8.710000000     2.846036664    -1.375219746     0.240052910
     8.720000000     2.782464801    -1.399123657     0.239827605
     8.730000000     2.718124471    -1.420946179     0.239574342
     8.740000000     2.653194469    -1.440594678     0.239286613
     8.750000000     2.587855198    -1.458009709     0.238958191
     8.760000000     2.522287168    -1.473165429     0.238583218
     8.770000000     2.456669406    -1.486068365     0.238156287
     8.780000000     2.391177795    -1.496754966     0.237672510
     8.790000000     2.325983385    -1.505288343     0.237127574
     8.800000000     2.261250705    -1.511754514     0.236517787
     8.810000000     2.197136124    -1.516258431     0.235840105
     8.820000000     2.133786293    -1.518920001     0.235092150
     8.830000000     2.071336704    -1.519870273     0.234272211
     8.840000000     2.009910415    -1.519247913     0.233379233
     8.850000000     1.949616963    -1.517195960     0.232412796
     8.860000000     1.890551491    -1.513858842     0.231373073
     8.870000000     1.832794122    -1.509379630     0.230260792
     8.880000000     1.776409584    -1.503897547     0.229077176
     8.890000000     1.721447107    -1.497545888     0.227823881
     8.900000000     1.667940585    -1.490450485     0.226502936
     8.910000000     1.615908996    -1.482728860     0.225116664
     8.920000000     1.565357083    -1.474490009     0.223667616
     8.930000000     1.516276256    -1.465834613     0.222158498
     8.940000000     1.468645716    -1.456855273     0.220592106
     8.950000000     1.422433747    -1.447636357     0.218971256
     8.960000000     1.377599160    -1.438253124     0.217298731
     8.970000000     1.334092850    -1.428770080     0.215577225
     8.980000000     1.291859426    -1.419238798     0.213809306
     8.990000000     1.250838871    -1.409695712     0.211997377
     9.000000000     1.210968205    -1.400160488     0.210143659
     9.010000000     1.172183106    -1.390635482     0.208250170
     9.020000000     1.134419451    -1.381106533     0.206318731
     9.030000000     1.097614759    -1.371544991     0.204350968
     9.040000000     1.061709491    -1.361910628     0.202348328
     9.050000000     1.026648199    -1.352154902     0.200312110
     9.060000000     0.992380488    -1.342224118     0.198243493
     9.070000000     0.958861801    -1.332062122     0.196143578
     9.080000000     0.926053998    -1.321612438     0.194013429
     9.090000000     0.893925732    -1.310819916     0.191854123
     9.100000000     0.862452635    -1.299632104     0.189666795
     9.110000000     0.831617309    -1.288000619     0.187452684
     9.120000000     0.801409131    -1.275882675     0.185213181
     9.130000000     0.771823910    -1.263242837     0.182949866
     9.140000000     0.742863387    -1.250054872     0.180664543
     9.150000000     0.714534618    -1.236303484     0.178359266
     9.160000000     0.686849256    -1.221985634     0.176036360
     9.170000000     0.659822765    -1.207111201     0.173698426
     9.180000000     0.633473574    -1.191702794     0.171348345
     9.190000000     0.607822220    -1.175794674     0.168989263
     9.200000000     0.582890481    -1.159430877     0.166624573
     9.210000000     0.558700537    -1.142662764     0.164257882
     9.220000000     0.535274169    -1.125546270     0.161892973
     9.230000000     0.512632021    -1.108139200     0.159533760
     9.240000000     0.490792933    -1.090498829     0.157184229
     9.250000000     0.469773365    -1.072680020     0.154848385
     9.260000000     0.449586907    -1.054733931     0.152530189
     9.270000000     0.430243895    -1.036707286     0.150233494
     9.280000000     0.411751122    -1.018642111     0.147961986
     9.290000000     0.394111657    -1.000575794     0.145719123
     9.300000000     0.377324745    -0.982541339     0.143508081
     9.310000000     0.361385816    -0.964567735     0.141331706
     9.320000000     0.346286558    -0.946680361     0.139192476
     9.330000000     0.332015071    -0.928901404     0.137092466
     9.340000000     0.318556088    -0.911250214     0.135033329
     9.350000000     0.305891229    -0.893743567     0.133016285
     9.360000000     0.293999315    -0.876395786     0.131042122
     9.370000000     0.282856694    -0.859218758     0.129111204
     9.380000000     0.272437592    -0.842221888     0.127223500
     9.390000000     0.262714468    -0.825412105     0.125378605
     9.400000000     0.253658365    -0.808794001     0.123575791
     9.410000000     0.245239260    -0.792370134     0.121814046
     9.420000000     0.237426387    -0.776141500     0.120092130
     9.430000000     0.230188543    -0.760108079     0.118408636
     9.440000000     0.223494374    -0.744269394     0.116762042
     9.450000000     0.217312626    -0.728624996     0.115150777
     9.460000000     0.211612370    -0.713174856     0.113573278
     9.470000000     0.206363201    -0.697919656     0.112028043
     9.480000000     0.201535406    -0.682860999     0.110513683
     9.490000000     0.197100107    -0.668001556     0.109028967
     9.500000000     0.193029377    -0.653345103     0.107572858
     9.510000000     0.189296337    -0.638896448     0.106144540
     9.520000000     0.185875232    -0.624661163     0.104743441
     9.530000000     0.182741493    -0.610645125     0.103369237
     9.540000000     0.179871777    -0.596853890     0.102021860
     9.550000000     0.177244005    -0.583291962     0.100701484
     9.560000000     0.174837387    -0.569962098     0.099408511
     9.570000000     0.172632430    -0.556864758     0.098143546
     9.580000000     0.170610960    -0.543997818     0.096907364
     9.590000000     0.168756113    -0.531356565     0.095700879
     9.600000000     0.167052346    -0.518933973     0.094525098
     9.610000000     0.165485425    -0.506721163     0.093381077
     9.620000000     0.164042420    -0.494707956     0.092269884
     9.630000000     0.162711690    -0.482883423     0.091192549
     9.640000000     0.161482869    -0.471236362     0.090150022
     9.650000000     0.160346842    -0.459755670     0.089143136
     9.660000000     0.159295720    -0.448430640     0.088172570
     9.670000000     0.158322807    -0.437251181     0.087238821
     9.680000000     0.157422565    -0.426208023     0.086342177
     9.690000000     0.156590572    -0.415292909     0.085482702
     9.700000000     0.155823470    -0.404498766     0.084660222
     9.710000000     0.155118919    -0.393819855     0.083874323
     9.720000000     0.154475534    -0.383251839     0.083124352
     9.730000000     0.153892823    -0.372791753     0.082409430
     9.740000000     0.153371128    -0.362437847     0.081728461
     9.750000000     0.152911548    -0.352189319     0.081080160
     9.760000000     0.152515874    -0.342045950     0.080463071
     9.770000000     0.152186518    -0.332007694     0.079875602
     9.780000000     0.151926443    -0.322074273     0.079316054
     9.790000000     0.151739092    -0.312244840     0.078782655
     9.800000000     0.151628322    -0.302517763     0.078273595
     9.810000000     0.151598344    -0.292890560     0.077787058
     9.820000000     0.151653667    -0.283359998     0.077321259
     9.830000000     0.151799040    -0.273922336     0.076874468
     9.840000000     0.152039416    -0.264573655     0.076445043
     9.850000000     0.152379910    -0.255310215     0.076031449
     9.860000000     0.152825773    -0.246128787     0.075632281
     9.870000000     0.153382371    -0.237026932     0.075246271
     9.880000000     0.154055176    -0.228003206     0.074872303
     9.890000000     0.154849767    -0.219057314     0.074509412
     9.900000000     0.155771829    -0.210190241     0.074156778
     9.910000000     0.156827175    -0.201404341     0.073813724
     9.920000000     0.158021764    -0.192703403     0.073479696
     9.930000000     0.159361725    -0.184092632     0.073154246
     9.940000000     0.160853390    -0.175578512     0.072837008
     9.950000000     0.162503326    -0.167168511     0.072527674
     9.960000000     0.164318358    -0.158870593     0.072225959
     9.970000000     0.166305600    -0.150692581     0.071931576
     9.980000000     0.168472472    -0.142641411     0.071644199
     9.990000000     0.170826710    -0.134722411     0.071363432
    10.000000000     0.173376358    -0.126938706     0.071088779
    10.010000000     0.176129749    -0.119290879     0.070819618
    10.020000000     0.179095463    -0.111776957     0.070555170
    10.030000000     0.182282270    -0.104392759     0.070294484
    10.040000000     0.185699035    -0.097132559     0.070036420
    10.050000000     0.189354612    -0.089990008     0.069779635
    10.060000000     0.193257704    -0.082959197     0.069522587
    10.070000000     0.197416697    -0.076035709     0.069263531
    10.080000000     0.201839466    -0.069217538     0.069000534
    10.090000000     0.206533166    -0.062505720     0.068731489
    10.100000000     0.211503986    -0.055904593     0.068454143
    10.110000000     0.216756905    -0.049421645     0.068166123
    10.120000000     0.222295418    -0.043066988     0.067864972
    10.130000000     0.228121268    -0.036852559     0.067548194
    10.140000000     0.234234173    -0.030791225     0.067213295
    10.150000000     0.240631560    -0.024895947     0.066857833
    10.160000000     0.247308318    -0.019179206     0.066479464
    10.170000000     0.254256573    -0.013652808     0.066075996
    10.180000000     0.261465491    -0.008328163     0.065645438
    10.190000000     0.268921126    -0.003217013     0.065186042
    10.200000000     0.276606309     0.001667490     0.064696355
    10.210000000     0.284500593     0.006309543     0.064175250
    10.220000000     0.292580244     0.010689516     0.063621964
    10.230000000     0.300818308     0.014783100     0.063036126
    10.240000000     0.309184720     0.018560921     0.062417773
    10.250000000     0.317646487     0.021988767     0.061767364
    10.260000000     0.326167919     0.025028414     0.061085785
    10.270000000     0.334710921     0.027639026     0.060374341
    10.280000000     0.343235326     0.029779038     0.059634744
    10.290000000     0.351699272     0.031408450     0.058869094
    10.300000000     0.360059604     0.032491440     0.058079844
    10.310000000     0.368272305     0.032999194     0.057269770
    10.320000000     0.376292928     0.032912810     0.056441924
    10.330000000     0.384077035     0.032226050     0.055599590
    10.340000000     0.391580618     0.030947630     0.054746229
    10.350000000     0.398760505     0.029102675     0.053885423
    10.360000000     0.405574732     0.026732971     0.053020822
    10.370000000     0.411982881     0.023895744     0.052156084
    10.380000000     0.417946378     0.020660898     0.051294818
    10.390000000     0.423428737     0.017106888     0.050440528
    10.400000000     0.428395771     0.013315629     0.049596562
    10.410000000     0.432815748     0.009367047     0.048766064
    10.420000000     0.436659507     0.005333894     0.047951927
    10.430000000     0.439900543     0.001277402     0.047156760
    10.440000000     0.442515055    -0.002755823     0.046382850
    10.450000000     0.444481972    -0.006735475     0.045632143
    10.460000000     0.445782973    -0.010647751     0.044906221
    10.470000000     0.446402486    -0.014494240     0.044206293
    10.480000000     0.446327706    -0.018289694     0.043533193
    10.490000000     0.445548611    -0.022058956     0.042887379
    10.500000000     0.444057998    -0.025833272     0.042268946
    10.510000000     0.441851532    -0.029646262     0.041677640
    10.520000000     0.438927828    -0.033529767     0.041112884
    10.530000000     0.435288541    -0.037509823     0.040573797
    10.540000000     0.430938483    -0.041603051     0.040059235
    10.550000000     0.425885746    -0.045813747     0.039567817
    10.560000000     0.420141845    -0.050131979     0.039097967
    10.570000000     0.413721838    -0.054532877     0.038647953
    10.580000000     0.406644460    -0.058977192     0.038215921
    10.590000000     0.398932211    -0.063412995     0.037799943
    10.600000000     0.390611430    -0.067778222     0.037398050
    10.610000000     0.381712314    -0.072003691     0.037008270
    10.620000000     0.372268888    -0.076016196     0.036628663
    10.630000000     0.362318920    -0.079741417     0.036257352
    10.640000000     0.351903754    -0.083106511     0.035892551
    10.650000000     0.341068089    -0.086042434     0.035532587
    10.660000000     0.329859676    -0.088486110     0.035175921
    10.670000000     0.318328946    -0.090382561     0.034821160
    10.680000000     0.306528573    -0.091687022     0.034467069
    10.690000000     0.294512972    -0.092366904     0.034112574
    10.700000000     0.282337756    -0.092403352     0.033756759
    10.710000000     0.270059144    -0.091792121     0.033398870
    10.720000000     0.257733344    -0.090543565     0.033038299
    10.730000000     0.245415931    -0.088681647     0.032674573
    10.740000000     0.233161220    -0.086242105     0.032307346
    10.750000000     0.221021657    -0.083269960     0.031936372
    10.760000000     0.209047246    -0.079816696     0.031561495
    10.770000000     0.197285015    -0.075937392     0.031182623
    10.780000000     0.185778543    -0.071688062     0.030799712
    10.790000000     0.174567557    -0.067123399     0.030412744
    10.800000000     0.163687593    -0.062295020     0.030021709
    10.810000000     0.153169749    -0.057250249     0.029626586
    10.820000000     0.143040519    -0.052031424     0.029227333
    10.830000000     0.133321701    -0.046675633     0.028823868
    10.840000000     0.124030407    -0.041214810     0.028416061
    10.850000000     0.115179132    -0.035676071     0.028003732
    10.860000000     0.106775908    -0.030082190     0.027586642
    10.870000000     0.098824520    -0.024452147     0.027164495
    10.880000000     0.091324773    -0.018801676     0.026736940
    10.890000000     0.084272819    -0.013143775     0.026303580
    10.900000000     0.077661502    -0.007489156     0.025863979
    10.910000000     0.071480747    -0.001846613     0.025417671
    10.920000000     0.065717949     0.003776671     0.024964179
    10.930000000     0.060358379     0.009374874     0.024503024
    10.940000000     0.055385579     0.014943325     0.024033746
    10.950000000     0.050781749     0.020478307     0.023555918
    10.960000000     0.046528114     0.025976879     0.023069162
    10.970000000     0.042605266     0.031436694     0.022573167
    10.980000000     0.038993477     0.036855831     0.022067704
    10.990000000     0.035672980     0.042232641     0.021552639
    11.000000000     0.032624215     0.047565625     0.021027943
    11.010000000     0.029828039     0.052853336     0.020493710
    11.020000000     0.027265899     0.058094333     0.019950152
    11.030000000     0.024919976     0.063287165     0.019397618
    11.040000000     0.022773290     0.068430391     0.018836585
    11.050000000     0.020809779     0.073522635     0.018267663
    11.060000000     0.019014349     0.078562639     0.017691595
    11.070000000     0.017372899     0.083549329     0.017109244
    11.080000000     0.015872326     0.088481859     0.016521594
    11.090000000     0.014500514     0.093359641     0.015929733
    11.100000000     0.013246302     0.098182347     0.015334846
    11.110000000     0.012099453     0.102949891     0.014738199
    11.120000000     0.011050598     0.107662394     0.014141127
    11.130000000     0.010091191     0.112320142     0.013545017
    11.140000000     0.009213447     0.116923538     0.012951291
    11.150000000     0.008410284     0.121473066     0.012361392
    11.160000000     0.007675271     0.125969247     0.011776767
    11.170000000     0.007002562     0.130412618     0.011198848
    11.180000000     0.006386847     0.134803710     0.010629042
    11.190000000     0.005823302     0.139143038     0.010068712
    11.200000000     0.005307535     0.143431098     0.009519163
    11.210000000     0.004835549     0.147668368     0.008981634
    11.220000000     0.004403696     0.151855323     0.008457283
    11.230000000     0.004008648     0.155992443     0.007947177
    11.240000000     0.003647357     0.160080241     0.007452289
    11.250000000     0.003317033     0.164119270     0.006973483
    11.260000000     0.003015116     0.168110150     0.006511517
    11.270000000     0.002739258     0.172053576     0.006067034
    11.280000000     0.002487296     0.175950327     0.005640563
    11.290000000     0.002257243     0.179801261     0.005232518
    11.300000000     0.002047271     0.183607310     0.004843196
    11.310000000     0.001855696     0.187369457     0.004472783
    11.320000000     0.001680969     0.191088711     0.004121354
    11.330000000     0.001521664     0.194766082     0.003788880
    11.340000000     0.001376471     0.198402553     0.003475232
    11.350000000     0.001244184     0.201999062     0.003180184
    11.360000000     0.001123700     0.205556489     0.002903427
    11.370000000     0.001014002     0.209075654     0.002644569
    11.380000000     0.000914164     0.212557314     0.002403147
    11.390000000     0.000823333     0.216002177     0.002178634
    11.400000000     0.000740732     0.219410906     0.001970445
    11.410000000     0.000665652     0.222784134     0.001777951
    11.420000000     0.000597442     0.226122467     0.001600481
    11.430000000     0.000535513     0.229426495     0.001437335
    11.440000000     0.000479322     0.232696798     0.001287788
    11.450000000     0.000428378     0.235933947     0.001151101
    11.460000000     0.000382231     0.239138506     0.001026526
    11.470000000     0.000340471     0.242311036     0.000913315
    11.480000000     0.000302723     0.245452093     0.000810724
    11.490000000     0.000268643     0.248562228     0.000718019
    11.500000000     0.000237918     0.251641989     0.000634483
    11.510000000     0.000210259     0.254691915     0.000559418
    11.520000000     0.000185402     0.257712539     0.000492150
    11.530000000     0.000163104     0.260704386     0.000432035
    11.540000000     0.000143139     0.263667973     0.000378455
    11.550000000     0.000125302     0.266603808     0.000330826
    11.560000000     0.000109401     0.269512388     0.000288597
    11.570000000     0.000095260     0.272394199     0.000251251
    11.580000000     0.000082715     0.275249719     0.000218305
    11.590000000     0.000071617     0.278079413     0.000189312
    11.600000000     0.000061825     0.280883737     0.000163857
    11.610000000     0.000053210     0.283663133     0.000141562
    11.620000000     0.000045654     0.286418035     0.000122076
    11.630000000     0.000039047     0.289148866     0.000105084
    11.640000000     0.000033288     0.291856037     0.000090298
    11.650000000     0.000028286     0.294539948     0.000077456
    11.660000000     0.000023954     0.297200993     0.000066327
    11.670000000     0.000020217     0.299839550     0.000056699
    11.680000000     0.000017004     0.302455992     0.000048386
    11.690000000     0.000014252     0.305050679     0.000041222
    11.700000000     0.000011903     0.307623966     0.000035058
    11.710000000     0.000009906     0.310176194     0.000029764
    11.720000000     0.000008213     0.312707700     0.000025226
    11.730000000     0.000006785     0.315218808     0.000021341
    11.740000000     0.000005585     0.317709838     0.000018021
    11.750000000     0.000004580     0.320181099     0.000015190
    11.760000000     0.000003742     0.322632894     0.000012778
    11.770000000     0.000003045     0.325065518     0.000010728
    11.780000000     0.000002469     0.327479258     0.000008989
    11.790000000     0.000001994     0.329874396     0.000007515
    11.800000000     0.000001605     0.332251205     0.000006270
    11.810000000     0.000001286     0.334609953     0.000005218
    11.820000000     0.000001027     0.336950900     0.000004333
    11.830000000     0.000000817     0.339274303     0.000003589
    11.840000000     0.000000647     0.341580410     0.000002966
    11.850000000     0.000000510     0.343869464     0.000002444
    11.860000000     0.000000401     0.346141703     0.000002009
    11.870000000     0.000000314     0.348397359     0.000001646
    11.880000000     0.000000245     0.350636660     0.000001345
    11.890000000     0.000000190     0.352859827     0.000001096
    11.900000000     0.000000147     0.355067077     0.000000890
    11.910000000     0.000000113     0.357258624     0.000000721
    11.920000000     0.000000087     0.359434674     0.000000582
    11.930000000     0.000000067     0.361595431     0.000000468
    11.940000000     0.000000051     0.363741094     0.000000376
    11.950000000     0.000000038     0.365871858     0.000000300
    11.960000000     0.000000029     0.367987913     0.000000239
    11.970000000     0.000000022     0.370089446     0.000000190
    11.980000000     0.000000016     0.372176639     0.000000150
    11.990000000     0.000000012     0.374249673     0.000000118
    12.000000000     0.000000009     0.376308722     0.000000093
    12.010000000     0.000000007     0.378353958     0.000000073
    12.020000000     0.000000005     0.380385550     0.000000056
    12.030000000     0.000000004     0.382403663     0.000000044
    12.040000000     0.000000003     0.384408459     0.000000034
    12.050000000     0.000000002     0.386400097     0.000000026
    12.060000000     0.000000001     0.388378733     0.000000020
    12.070000000     0.000000001     0.390344519     0.000000015
    12.080000000     0.000000001     0.392297605     0.000000012
    12.090000000     0.000000001     0.394238139     0.000000009
    12.100000000     0.000000000     0.396166264     0.000000007
    12.110000000     0.000000000     0.398082123     0.000000005
    12.120000000     0.000000000     0.399985854     0.000000004
    12.130000000     0.000000000     0.401877595     0.000000003
    12.140000000     0.000000000     0.403757479     0.000000002
    12.150000000     0.000000000     0.405625637     0.000000002
    12.160000000     0.000000000     0.407482200     0.000000001
    12.170000000     0.000000000     0.409327295     0.000000001
    12.180000000     0.000000000     0.411161045     0.000000001
    12.190000000     0.000000000     0.412983574     0.000000000
    12.200000000     0.000000000     0.414795003     0.000000000
    12.210000000     0.000000000     0.416595450     0.000000000
    12.220000000     0.000000000     0.418385031     0.000000000
    12.230000000     0.000000000     0.420163861     0.000000000
    12.240000000     0.000000000     0.421932053     0.000000000
    12.250000000     0.000000000     0.423689717     0.000000000
    12.260000000     0.000000000     0.425436963     0.000000000
    12.270000000     0.000000000     0.427173897     0.000000000
    12.280000000     0.000000000     0.428900625     0.000000000
    12.290000000     0.000000000     0.430617251     0.000000000
    12.300000000     0.000000000     0.432323876     0.000000000
    12.310000000     0.000000000     0.434020601     0.000000000
    12.320000000     0.000000000     0.435707526     0.000000000
    12.330000000     0.000000000     0.437384746     0.000000000
    12.340000000     0.000000000     0.439052359     0.000000000
    12.350000000     0.000000000     0.440710458     0.000000000
    12.360000000     0.000000000     0.442359136     0.000000000
    12.370000000     0.000000000     0.443998485     0.000000000
    12.380000000     0.000000000     0.445628594     0.000000000
    12.390000000     0.000000000     0.447249553     0.000000000
    12.400000000     0.000000000     0.448861449     0.000000000
    12.410000000     0.000000000     0.450464367     0.000000000
    12.420000000     0.000000000     0.452058392     0.000000000
    12.430000000     0.000000000     0.453643609     0.000000000
    12.440000000     0.000000000     0.455220099     0.000000000
    12.450000000     0.000000000     0.456787944     0.000000000
    12.460000000     0.000000000     0.458347223     0.000000000
    12.470000000     0.000000000     0.459898016     0.000000000
    12.480000000     0.000000000     0.461440399     0.000000000
    12.490000000     0.000000000     0.462974451     0.000000000
    12.500000000     0.000000000     0.464500245     0.000000000
    12.510000000     0.000000000     0.466017857     0.000000000
    12.520000000     0.000000000     0.467527360     0.000000000
    12.530000000     0.000000000     0.469028826     0.000000000
    12.540000000     0.000000000     0.470522327     0.000000000
    12.550000000     0.000000000     0.472007933     0.000000000
    12.560000000     0.000000000     0.473485715     0.000000000
    12.570000000     0.000000000     0.474955739     0.000000000
    12.580000000     0.000000000     0.476418075     0.000000000
    12.590000000     0.000000000     0.477872788     0.000000000
    12.600000000     0.000000000     0.479319945     0.000000000
    12.610000000     0.000000000     0.480759610     0.000000000
    12.620000000     0.000000000     0.482191848     0.000000000
    12.630000000     0.000000000     0.483616722     0.000000000
    12.640000000     0.000000000     0.485034295     0.000000000
    12.650000000     0.000000000     0.486444627     0.000000000
    12.660000000     0.000000000     0.487847780     0.000000000
    12.670000000     0.000000000     0.489243815     0.000000000
    12.680000000     0.000000000     0.490632789     0.000000000
    12.690000000     0.000000000     0.492014763     0.000000000
    12.700000000     0.000000000     0.493389794     0.000000000
    12.710000000     0.000000000     0.494757938     0.000000000
    12.720000000     0.000000000     0.496119253     0.000000000
    12.730000000     0.000000000     0.497473794     0.000000000
    12.740000000     0.000000000     0.498821615     0.000000000
    12.750000000     0.000000000     0.500162773     0.000000000
    12.760000000     0.000000000     0.501497319     0.000000000
    12.770000000     0.000000000     0.502825307     0.000000000
    12.780000000     0.000000000     0.504146791     0.000000000
    12.790000000     0.000000000     0.505461820     0.000000000
    12.800000000     0.000000000     0.506770447     0.000000000
    12.810000000     0.000000000     0.508072722     0.000000000
    12.820000000     0.000000000     0.509368694     0.000000000
    12.830000000     0.000000000     0.510658414     0.000000000
    12.840000000     0.000000000     0.511941931     0.000000000
    12.850000000     0.000000000     0.513219291     0.000000000
    12.860000000     0.000000000     0.514490544     0.000000000
    12.870000000     0.000000000     0.515755735     0.000000000
    12.880000000     0.000000000     0.517014913     0.000000000
    12.890000000     0.000000000     0.518268121     0.000000000
    12.900000000     0.000000000     0.519515407     0.000000000
    12.910000000     0.000000000     0.520756816     0.000000000
    12.920000000     0.000000000     0.521992390     0.000000000
    12.930000000     0.000000000     0.523222176     0.000000000
    12.940000000     0.000000000     0.524446215     0.000000000
    12.950000000     0.000000000     0.525664552     0.000000000
    12.960000000     0.000000000     0.526877228     0.000000000
    12.970000000     0.000000000     0.528084286     0.000000000
    12.980000000     0.000000000     0.529285767     0.000000000
    12.990000000     0.000000000     0.530481713     0.000000000
    13.000000000     0.000000000     0.531672164     0.000000000
