     0.000000000     0.000000000     4.412718594     0.000000000
     0.010000000     0.000000000     4.412739154     0.000000000
     0.020000000     0.000000000     4.412800838     0.000000000
     0.030000000     0.000000000     4.412903649     0.000000000
     0.040000000     0.000000000     4.413047600     0.000000000
     0.050000000     0.000000000     4.413232705     0.000000000
     0.060000000     0.000000000     4.413458981     0.000000000
     0.070000000     0.000000000     4.413726453     0.000000000
     0.080000000     0.000000000     4.414035145     0.000000000
     0.090000000     0.000000000     4.414385091     0.000000000
     0.100000000     0.000000000     4.414776323     0.000000000
     0.110000000     0.000000000     4.415208882     0.000000000
     0.120000000     0.000000000     4.415682811     0.000000000
     0.130000000     0.000000000     4.416198158     0.000000000
     0.140000000     0.000000000     4.416754975     0.000000000
     0.150000000     0.000000000     4.417353316     0.000000000
     0.160000000     0.000000000     4.417993243     0.000000000
     0.170000000     0.000000000     4.418674821     0.000000000
     0.180000000     0.000000000     4.419398117     0.000000000
     0.190000000     0.000000000     4.420163205     0.000000000
     0.200000000     0.000000000     4.420970163     0.000000000
     0.210000000     0.000000000     4.421819071     0.000000000
     0.220000000     0.000000000     4.422710016     0.000000000
     0.230000000     0.000000000     4.423643089     0.000000000
     0.240000000     0.000000000     4.424618384     0.000000000
     0.250000000     0.000000000     4.425636000     0.000000000
     0.260000000     0.000000000     4.426696042     0.000000000
     0.270000000     0.000000000     4.427798617     0.000000000
     0.280000000     0.000000000     4.428943839     0.000000000
     0.290000000     0.000000000     4.430131825     0.000000000
     0.300000000     0.000000000     4.431362696     0.000000000
     0.310000000     0.000000000     4.432636580     0.000000000
     0.320000000     0.000000000     4.433953608     0.000000000
     0.330000000     0.000000000     4.435313915     0.000000000
     0.340000000     0.000000000     4.436717644     0.000000000
     0.350000000     0.000000000     4.438164939     0.000000000
     0.360000000     0.000000000     4.439655951     0.000000000
     0.370000000     0.000000000     4.441190835     0.000000000
     0.380000000     0.000000000     4.442769752     0.000000000
     0.390000000     0.000000000     4.444392867     0.000000000
     0.400000000     0.000000000     4.446060351     0.000000000
     0.410000000     0.000000000     4.447772380     0.000000000
     0.420000000     0.000000000     4.449529134     0.000000000
     0.430000000     0.000000000     4.451330798     0.000000000
     0.440000000     0.000000000     4.453177566     0.000000000
     0.450000000     0.000000000     4.455069633     0.000000000
     0.460000000     0.000000000     4.457007201     0.000000000
     0.470000000     0.000000000     4.458990478     0.000000000
     0.480000000     0.000000000     4.461019677     0.000000000
     0.490000000     0.000000000     4.463095018     0.000000000
     0.500000000     0.000000000     4.465216724     0.000000000
     0.510000000     0.000000000     4.467385025     0.000000000
     0.520000000     0.000000000     4.469600159     0.000000000
     0.530000000     0.000000000     4.471862368     0.000000000
     0.540000000     0.000000000     4.474171898     0.000000000
     0.550000000     0.000000000     4.476529005     0.000000000
     0.560000000     0.000000000     4.478933949     0.000000000
     0.570000000     0.000000000     4.481386997     0.000000000
     0.580000000     0.000000000     4.483888422     0.000000000
     0.590000000     0.000000000     4.486438504     0.000000000
     0.600000000     0.000000000     4.489037528     0.000000000
     0.610000000     0.000000000     4.491685789     0.000000000
     0.620000000     0.000000000     4.494383584     0.000000000
     0.630000000     0.000000000     4.497131222     0.000000000
     0.640000000     0.000000000     4.499929016     0.000000000
     0.650000000     0.000000000     4.502777285     0.000000000
     0.660000000     0.000000000     4.505676359     0.000000000
     0.670000000     0.000000000     4.508626573     0.000000000
     0.680000000     0.000000000     4.511628269     0.000000000
     0.690000000     0.000000000     4.514681799     0.000000000
     0.700000000     0.000000000     4.517787519     0.000000000
     0.710000000     0.000000000     4.520945797     0.000000000
     0.720000000     0.000000000     4.524157006     0.000000000
     0.730000000     0.000000000     4.527421528     0.000000000
     0.740000000     0.000000000     4.530739755     0.000000000
     0.750000000     0.000000000     4.534112086     0.000000000
     0.760000000     0.000000000     4.537538927     0.000000000
     0.770000000     0.000000000     4.541020696     0.000000000
     0.780000000     0.000000000     4.544557819     0.000000000
     0.790000000     0.000000000     4.548150729     0.000000000
     0.800000000     0.000000000     4.551799871     0.000000000
     0.810000000     0.000000000     4.555505699     0.000000000
     0.820000000     0.000000000     4.559268675     0.000000000
     0.830000000     0.000000000     4.563089272     0.000000000
     0.840000000     0.000000000     4.566967974     0.000000000
     0.850000000     0.000000000     4.570905274     0.000000000
     0.860000000     0.000000000     4.574901676     0.000000000
     0.870000000     0.000000000     4.578957695     0.000000000
     0.880000000     0.000000000     4.583073856     0.000000000
     0.890000000     0.000000000     4.587250695     0.000000000
     0.900000000     0.000000000     4.591488762     0.000000000
     0.910000000     0.000000000     4.595788616     0.000000000
     0.920000000     0.000000000     4.600150828     0.000000000
     0.930000000     0.000000000     4.604575983     0.000000000
     0.940000000     0.000000000     4.609064677     0.000000000
     0.950000000     0.000000000     4.613617519     0.000000000
     0.960000000     0.000000000     4.618235131     0.000000000
     0.970000000     0.000000000     4.622918148     0.000000000
     0.980000000     0.000000000     4.627667220     0.000000000
     0.990000000     0.000000000     4.632483010     0.000000000
     1.000000000     0.000000000     4.637366194     0.000000000
     1.010000000     0.000000000     4.642317464     0.000000000
     1.020000000     0.000000000     4.647337528     0.000000000
     1.030000000     0.000000000     4.652427107     0.000000000
     1.040000000     0.000000000     4.657586938     0.000000000
     1.050000000     0.000000000     4.662817776     0.000000000
     1.060000000     0.000000000     4.668120391     0.000000000
     1.070000000     0.000000000     4.673495569     0.000000000
     1.080000000     0.000000000     4.678944115     0.000000000
     1.090000000     0.000000000     4.684466850     0.000000000
     1.100000000     0.000000000     4.690064615     0.000000000
     1.110000000     0.000000000     4.695738268     0.000000000
     1.120000000     0.000000000     4.701488687     0.000000000
     1.130000000     0.000000000     4.707316769     0.000000000
     1.140000000     0.000000000     4.713223431     0.000000000
     1.150000000     0.000000000     4.719209612     0.000000000
     1.160000000     0.000000000     4.725276270     0.000000000
     1.170000000     0.000000000     4.731424386     0.000000000
     1.180000000     0.000000000     4.737654963     0.000000000
     1.190000000     0.000000000     4.743969028     0.000000000
     1.200000000     0.000000001     4.750367630     0.000000000
     1.210000000     0.000000001     4.756851842     0.000000000
     1.220000000     0.000000001     4.763422763     0.000000000
     1.230000000     0.000000002     4.770081518     0.000000000
     1.240000000     0.000000003     4.776829256     0.000000000
     1.250000000     0.000000004     4.783667155     0.000000000
     1.260000000     0.000000006     4.790596420     0.000000000
     1.270000000     0.000000008     4.797618285     0.000000000
     1.280000000     0.000000012     4.804734014     0.000000000
     1.290000000     0.000000017     4.811944900     0.000000000
     1.300000000     0.000000025     4.819252267     0.000000000
     1.310000000     0.000000036     4.826657472     0.000000000
     1.320000000     0.000000051     4.834161905     0.000000001
     1.330000000     0.000000073     4.841766991     0.000000001
     1.340000000     0.000000103     4.849474188     0.000000001
     1.350000000     0.000000145     4.857284991     0.000000002
     1.360000000     0.000000203     4.865200933     0.000000002
     1.370000000     0.000000283     4.873223586     0.000000003
     1.380000000     0.000000394     4.881354559     0.000000004
     1.390000000     0.000000546     4.889595504     0.000000006
     1.400000000     0.000000752     4.897948114     0.000000008
     1.410000000     0.000001032     4.906414128     0.000000011
     1.420000000     0.000001409     4.914995327     0.000000015
     1.430000000     0.000001916     4.923693539     0.000000020
     1.440000000     0.000002595     4.932510641     0.000000027
     1.450000000     0.000003498     4.941448559     0.000000036
     1.460000000     0.000004694     4.950509269     0.000000048
     1.470000000     0.000006271     4.959694800     0.000000064
     1.480000000     0.000008342     4.969007237     0.000000085
     1.490000000     0.000011047     4.978448718     0.000000113
     1.500000000     0.000014564     4.988021442     0.000000148
     1.510000000     0.000019116     4.997727666     0.000000194
     1.520000000     0.000024981     5.007569710     0.000000253
     1.530000000     0.000032499     5.017549956     0.000000329
     1.540000000     0.000042093     5.027670853     0.000000425
     1.550000000     0.000054279     5.037934920     0.000000546
     1.560000000     0.000069683     5.048344741     0.000000700
     1.570000000     0.000089062     5.058902977     0.000000893
     1.580000000     0.000113328     5.069612361     0.000001134
     1.590000000     0.000143569     5.080475704     0.000001434
     1.600000000     0.000181076     5.091495894     0.000001806
     1.610000000     0.000227372     5.102675902     0.000002265
     1.620000000     0.000284245     5.114018781     0.000002828
     1.630000000     0.000353775     5.125527670     0.000003516
     1.640000000     0.000438372     5.137205795     0.000004354
     1.650000000     0.000540802     5.149056470     0.000005370
     1.660000000     0.000664228     5.161083102     0.000006595
     1.670000000     0.000812229     5.173289188     0.000008066
     1.680000000     0.000988837     5.185678318     0.000009825
     1.690000000     0.001198552     5.198254177     0.000011920
     1.700000000     0.001446362     5.211020541     0.000014404
     1.710000000     0.001737747     5.223981279     0.000017338
     1.720000000     0.002078681     5.237140352     0.000020789
     1.730000000     0.002475615     5.250501808     0.000024832
     1.740000000     0.002935451     5.264069776     0.000029550
     1.750000000     0.003465502     5.277848464     0.000035035
     1.760000000     0.004073429     5.291842148     0.000041389
     1.770000000     0.004767169     5.306055160     0.000048724
     1.780000000     0.005554838     5.320491875     0.000057163
     1.790000000     0.006444620     5.335156691     0.000066842
     1.800000000     0.007444633     5.350054008     0.000077910
     1.810000000     0.008562788     5.365188193     0.000090531
     1.820000000     0.009806622     5.380563549     0.000104887
     1.830000000     0.011183127     5.396184263     0.000121180
     1.840000000     0.012698568     5.412054352     0.000139633
     1.850000000     0.014358298     5.428177594     0.000160497
     1.860000000     0.016166577     5.444557438     0.000184053
     1.870000000     0.018126397     5.461196907     0.000210616
     1.880000000     0.020239320     5.478098468     0.000240546
     1.890000000     0.022505345     5.495263884     0.000274251
     1.900000000     0.024922792     5.512694039     0.000312196
     1.910000000     0.027488232     5.530388734     0.000354916
     1.920000000     0.030196453     5.548346443     0.000403021
     1.930000000     0.033040473     5.566564056     0.000457216
     1.940000000     0.036011608     5.585036577     0.000518307
     1.950000000     0.039099592     5.603756826     0.000587223
     1.960000000     0.042292752     5.622715130     0.000665027
     1.970000000     0.045578235     5.641899066     0.000752937
     1.980000000     0.048942297     5.661293277     0.000852340
     1.990000000     0.052370625     5.680879454     0.000964817
     2.000000000     0.055848710     5.700636567     0.001092152
     2.010000000     0.059362240     5.720541458     0.001236361
     2.020000000     0.062897516     5.740569951     0.001399701
     2.030000000     0.066441874     5.760698587     0.001584690
     2.040000000     0.069984094     5.780907089     0.001794117
     2.050000000     0.073514789     5.801181551     0.002031060
     2.060000000     0.077026747     5.821518201     0.002298881
     2.070000000     0.080515230     5.841927346     0.002601237
     2.080000000     0.083978192     5.862436904     0.002942074
     2.090000000     0.087416432     5.883094715     0.003325611
     2.100000000     0.090833646     5.903968814     0.003756330
     2.110000000     0.094236390     5.925145075     0.004238941
     2.120000000     0.097633952     5.946722109     0.004778352
     2.130000000     0.101038114     5.968803963     0.005379617
     2.140000000     0.104462834     5.991491739     0.006047887
     2.150000000     0.107923848     6.014875562     0.006788333
     2.160000000     0.111438197     6.039028226     0.007606078
     2.170000000     0.115023710     6.064001369     0.008506096
     2.180000000     0.118698462     6.089824365     0.009493125
     2.190000000     0.122480216     6.116505572     0.010571548
     2.200000000     0.126385901     6.144035181     0.011745280
     2.210000000     0.130431133     6.172388850     0.013017645
     2.220000000     0.134629811     6.201531437     0.014391245
     2.230000000     0.138993831     6.231420341     0.015867831
     2.240000000     0.143532922     6.262008237     0.017448171
     2.250000000     0.148254657     6.293245170     0.019131922
     2.260000000     0.153164640     6.325080107     0.020917511
     2.270000000     0.158266902     6.357462142     0.022802024
     2.280000000     0.163564522     6.390341573     0.024781107
     2.290000000     0.169060491     6.423671092     0.026848892
     2.300000000     0.174758822     6.457407313     0.028997932
     2.310000000     0.180665917     6.491512791     0.031219172
     2.320000000     0.186792208     6.525958623     0.033501941
     2.330000000     0.193154050     6.560727581     0.035833978
     2.340000000     0.199775883     6.595817542     0.038201488
     2.350000000     0.206692648     6.631244837     0.040589229
     2.360000000     0.213952460     6.667046988     0.042980642
     2.370000000     0.221619507     6.703284257     0.045358008
     2.380000000     0.229777187     6.740039536     0.047702640
     2.390000000     0.238531443     6.777416331     0.049995105
     2.400000000     0.248014274     6.815534929     0.052215478
     2.410000000     0.258387407     6.854527164     0.054343614
     2.420000000     0.269846070     6.894530432     0.056359445
     2.430000000     0.282622831     6.935681664     0.058243282
     2.440000000     0.296991429     6.978111909     0.059976137
     2.450000000     0.313270540     7.021941918     0.061540030
     2.460000000     0.331827354     7.067278878     0.062918301
     2.470000000     0.353080894     7.114214194     0.064095903
     2.480000000     0.377504905     7.162822061     0.065059670
     2.490000000     0.405630195     7.213158552     0.065798566
     2.500000000     0.438046247     7.265260998     0.066303894
     2.510000000     0.475401913     7.319147553     0.066569463
     2.520000000     0.518404999     7.374816933     0.066591715
     2.530000000     0.567820525     7.432248394     0.066369806
     2.540000000     0.624467441     7.491402017     0.065905628
     2.550000000     0.689213603     7.552219379     0.065203791
     2.560000000     0.762968801     7.614624690     0.064271547
     2.570000000     0.846675657     7.678526491     0.063118667
     2.580000000     0.941298280     7.743820009     0.061757273
     2.590000000     1.047808556     7.810390256     0.060201631
     2.600000000     1.167170065     7.878115855     0.058467899
     2.610000000     1.300319651     7.946873342     0.056573854
     2.620000000     1.448146771     8.016541296     0.054538590
     2.630000000     1.611470839     8.087003135     0.052382203
     2.640000000     1.791016871     8.158146846     0.050125465
     2.650000000     1.987389847     8.229859574     0.047789498
     2.660000000     2.201048303     8.302015023     0.045395455
     2.670000000     2.432277758     8.374452328     0.042964211
     2.680000000     2.681164669     8.446946267     0.040516081
     2.690000000     2.947571688     8.519170238     0.038070555
     2.700000000     3.231115020     8.590654647     0.035646070
     2.710000000     3.531144741     8.660743890     0.033259809
     2.720000000     3.846728923     8.728554729     0.030927545
     2.730000000     4.176642368     8.792937801     0.028663515
     2.740000000     4.519360710     8.852442974     0.026480341
     2.750000000     4.873060556     8.905288717     0.024388983
     2.760000000     5.235626176     8.949336109     0.022398732
     2.770000000     5.604663132     8.982069607     0.020517243
     2.780000000     5.977519032     9.000589093     0.018750591
     2.790000000     6.351311400     9.001620687     0.017103368
     2.800000000     6.722962426     8.981557018     0.015578794
     2.810000000     7.089240153     8.936540261     0.014178861
     2.820000000     7.446805425     8.862602445     0.012904485
     2.830000000     7.792263700     8.755875691     0.011755680
     2.840000000     8.122220662     8.612878510     0.010731733
     2.850000000     8.433340392     8.430871384     0.009831386
     2.860000000     8.722404717     8.208255430     0.009053028
     2.870000000     8.986372292     7.944964288     0.008394869
     2.880000000     9.222435908     7.642777843     0.007855122
     2.890000000     9.428076551     7.305476760     0.007432168
     2.900000000     9.601112759     6.938769137     0.007124714
     2.910000000     9.739743973     6.549959664     0.006931931
     2.920000000     9.842586703     6.147391186     0.006853586
     2.930000000     9.908702526     5.739749911     0.006890145
     2.940000000     9.937617165     5.335364741     0.007042860
     2.950000000     9.929330147     4.941630961     0.007313840
     2.960000000     9.884314813     4.564648217     0.007706091
     2.970000000     9.803508697     4.209099305     0.008223536
     2.980000000     9.688294595     3.878334550     0.008871011
     2.990000000     9.540472885     3.574586834     0.009654232
     3.000000000     9.362225876     3.299232251     0.010579735
     3.010000000     9.156075190     3.053026342     0.011654796
     3.020000000     8.924833331     2.836274641     0.012887313
     3.030000000     8.671550721     2.648926913     0.014285667
     3.040000000     8.399459551     2.490608422     0.015858557
     3.050000000     8.111915857     2.360614400     0.017614803
     3.060000000     7.812341189     2.257895544     0.019563135
     3.070000000     7.504165193     2.181055680     0.021711947
     3.080000000     7.190770365     2.128372446     0.024069046
     3.090000000     6.875440075     2.097842182     0.026641370
     3.100000000     6.561310832     2.087243798     0.029434713
     3.110000000     6.251329606     2.094213702     0.032453427
     3.120000000     5.948216804     2.116323816     0.035700134
     3.130000000     5.654435374     2.151156184     0.039175446
     3.140000000     5.372166273     2.196369578     0.042877691
     3.150000000     5.103290400     2.249755309     0.046802672
     3.160000000     4.849376925     2.309280961     0.050943447
     3.170000000     4.611677790     2.373121813     0.055290153
     3.180000000     4.391128067     2.439680268     0.059829876
     3.190000000     4.188351717     2.507593683     0.064546571
     3.200000000     4.003672255     2.575730866     0.069421053
     3.210000000     3.837127743     2.643177345     0.074431045
     3.220000000     3.688489512     2.709209749     0.079551301
     3.230000000     3.557283994     2.773260508     0.084753812
     3.240000000     3.442817053     2.834875423     0.090008075
     3.250000000     3.344200200     2.893668248     0.095281450
     3.260000000     3.260378132     2.949277464     0.100539582
     3.270000000     3.190157046     3.001330463     0.105746890
     3.280000000     3.132233226     3.049419248     0.110867120
     3.290000000     3.085221445     3.093089852     0.115863945
     3.300000000     3.047682776     3.131845793     0.120701602
     3.310000000     3.018151420     3.165164492     0.125345550
     3.320000000     2.995160248     3.192525046     0.129763141
     3.330000000     2.977264750     3.213445586     0.133924275
     3.340000000     2.963065145     3.227528328     0.137802036
     3.350000000     2.951226449     3.234509914     0.141373276
     3.360000000     2.940496298     3.234313509     0.144619142
     3.370000000     2.929720415     3.227097789     0.147525524
     3.380000000     2.917855580     3.213296706     0.150083414
     3.390000000     2.903980044     3.193643262     0.152289151
     3.400000000     2.887301343     3.169170824     0.154144561
     3.410000000     2.867161512     3.141187126     0.155656969
     3.420000000     2.843039720     3.111219084     0.156839089
     3.430000000     2.814552417     3.080930992     0.157708784
     3.440000000     2.781451091     3.052023695     0.158288711
     3.450000000     2.743617786     3.026126731     0.158605841
     3.460000000     2.701058569     3.004697373     0.158690888
     3.470000000     2.653895167     2.988939235     0.158577640
     3.480000000     2.602355016     2.979748778     0.158302217
     3.490000000     2.546760009     2.977692511     0.157902282
     3.500000000     2.487514210     2.983012605     0.157416213
     3.510000000     2.425090874     2.995655477     0.156882270
     3.520000000     2.360019043     3.015316635     0.156337775
     3.530000000     2.292870049     3.041495242     0.155818321
     3.540000000     2.224244201     3.073552667     0.155357046
     3.550000000     2.154757930     3.110770258     0.154983977
     3.560000000     2.085031639     3.152402446     0.154725475
     3.570000000     2.015678472     3.197722206     0.154603779
     3.580000000     1.947294171     3.246056761     0.154636684
     3.590000000     1.880448162     3.296812488     0.154837331
     3.600000000     1.815675963     3.349488994     0.155214146
     3.610000000     1.753472962     3.403683383     0.155770897
     3.620000000     1.694289578     3.459086497     0.156506890
     3.630000000     1.638527776     3.515473326     0.157417281
     3.640000000     1.586538878     3.572689790     0.158493495
     3.650000000     1.538622573     3.630637824     0.159723753
     3.660000000     1.495027019     3.689260243     0.161093662
     3.670000000     1.455949903     3.748526480     0.162586873
     3.680000000     1.421540314     3.808419897     0.164185782
     3.690000000     1.391901286     3.868927069     0.165872238
     3.700000000     1.367092865     3.930029119     0.167628256
     3.710000000     1.347135553     3.991694919     0.169436699
     3.720000000     1.332014006     4.053875740     0.171281915
     3.730000000     1.321680858     4.116500975     0.173150311
     3.740000000     1.316060582     4.179474735     0.175030844
     3.750000000     1.315053287     4.242673496     0.176915417
     3.760000000     1.318538404     4.305945412     0.178799163
     3.770000000     1.326378190     4.369112168     0.180680626
     3.780000000     1.338421032     4.431974281     0.182561813
     3.790000000     1.354504527     4.494320371     0.184448133
     3.800000000     1.374458333     4.555940181     0.186348216
     3.810000000     1.398106800     4.616640121     0.188273625
     3.820000000     1.425271389     4.676259071     0.190238468
     3.830000000     1.455772902     4.734681430     0.192258919
     3.840000000     1.489433554     4.791844326     0.194352671
     3.850000000     1.526078895     4.847736738     0.196538331
     3.860000000     1.565539629     4.902390027     0.198834776
     3.870000000     1.607653337     4.955861617     0.201260498
     3.880000000     1.652266131     5.008215643     0.203832938
     3.890000000     1.699234266     5.059505408     0.206567858
     3.900000000     1.748425712     5.109762044     0.209478736
     3.910000000     1.799721710     5.158991809     0.212576232
     3.920000000     1.853018306     5.207181773     0.215867714
     3.930000000     1.908227883     5.254311100     0.219356874
     3.940000000     1.965280690     5.300363823     0.223043443
     3.950000000     2.024126355     5.345339088     0.226922996
     3.960000000     2.084735402     5.389256318     0.230986877
     3.970000000     2.147100748     5.432154768     0.235222217
     3.980000000     2.211239182     5.474088826     0.239612071
     3.990000000     2.277192829     5.515121458     0.244135644
     4.000000000     2.345030564     5.555318310     0.248768615
     4.010000000     2.414849389     5.594744202     0.253483540
     4.020000000     2.486775730     5.633462658     0.258250335
     4.030000000     2.560966656     5.671537947     0.263036799
     4.040000000     2.637610967     5.709038274     0.267809201
     4.050000000     2.716930123     5.746038288     0.272532877
     4.060000000     2.799178974     5.782619158     0.277172848
     4.070000000     2.884646220     5.818864949     0.281694439
     4.080000000     2.973654533     5.854854980     0.286063871
     4.090000000     3.066560269     5.890653059     0.290248836
     4.100000000     3.163752674     5.926295513     0.294219020
     4.110000000     3.265652474     5.961780487     0.297946585
     4.120000000     3.372709740     5.997060670     0.301406583
     4.130000000     3.485400921     6.032040516     0.304577311
     4.140000000     3.604224906     6.066577675     0.307440592
     4.150000000     3.729698008     6.100487370     0.309981987
     4.160000000     3.862347767     6.133548465     0.312190929
     4.170000000     4.002705462     6.165510797     0.314060792
     4.180000000     4.151297277     6.196104562     0.315588879
     4.190000000     4.308634068     6.225053134     0.316776357
     4.200000000     4.475199743     6.252090168     0.317628121
     4.210000000     4.651438290     6.276980036     0.318152604
     4.220000000     4.837739560     6.299538200     0.318361539
     4.230000000     5.034423962     6.319645980     0.318269680
     4.240000000     5.241726292     6.337253224     0.317894482
     4.250000000     5.459779004     6.352363443     0.317255757
     4.260000000     5.688595247     6.364999140     0.316375308
     4.270000000     5.928052134     6.375149795     0.315276551
     4.280000000     6.177874676     6.382710039     0.313984123
     4.290000000     6.437620940     6.387419246     0.312523499
     4.300000000     6.706668969     6.388814541     0.310920608
     4.310000000     6.984206040     6.386206688     0.309201464
     4.320000000     7.269220842     6.378682908     0.307391813
     4.330000000     7.560499108     6.365134219     0.305516800
     4.340000000     7.856623219     6.344299072     0.303600663
     4.350000000     8.155976187     6.314811451     0.301666459
     4.360000000     8.456750379     6.275241049     0.299735815
     4.370000000     8.756961185     6.224115776     0.297828720
     4.380000000     9.054465727     6.159922434     0.295963348
     4.390000000     9.346986539     6.081088723     0.294155920
     4.400000000     9.632140003     5.985957271     0.292420601
     4.410000000     9.907469146     5.872768049     0.290769436
     4.420000000    10.170480253     5.739667779     0.289212318
     4.430000000    10.418682581     5.584762849     0.287756992
     4.440000000    10.649630338     5.406226161     0.286409095
     4.450000000    10.860965946     5.202459323     0.285172219
     4.460000000    11.050463543     4.972301345     0.284048012
     4.470000000    11.216071605     4.715265042     0.283036298
     4.480000000    11.355953535     4.431774210     0.282135226
     4.490000000    11.468525116     4.123369067     0.281341439
     4.500000000    11.552487748     3.792845227     0.280650264
     4.510000000    11.606856502     3.444293275     0.280055920
     4.520000000    11.630982143     3.083013350     0.279551741
     4.530000000    11.624566466     2.715293311     0.279130410
     4.540000000    11.587670437     2.348059861     0.278784213
     4.550000000    11.520714872     1.988436053     0.278505289
     4.560000000    11.424473605     1.643259388     0.278285897
     4.570000000    11.300059304     1.318624973     0.278118677
     4.580000000    11.148902327     1.019513834     0.277996919
     4.590000000    10.972723206     0.749548531     0.277914814
     4.600000000    10.773499538     0.510892912     0.277867706
     4.610000000    10.553428201     0.304287898     0.277852323
     4.620000000    10.314883938     0.129197017     0.277866984
     4.630000000    10.060375451    -0.015973523     0.277911782
     4.640000000     9.792500144    -0.133615891     0.277988728
     4.650000000     9.513898704    -0.226653276     0.278101854
     4.660000000     9.227210630    -0.298286885     0.278257268
     4.670000000     8.935031773    -0.351772432     0.278463156
     4.680000000     8.639874819    -0.390234917     0.278729722
     4.690000000     8.344133536    -0.416525919     0.279069068
     4.700000000     8.050051440    -0.433124403     0.279495003
     4.710000000     7.759695368    -0.442079719     0.280022797
     4.720000000     7.474934290    -0.444993631     0.280668858
     4.730000000     7.197423514    -0.443036889     0.281450361
     4.740000000     6.928594264    -0.436994970     0.282384817
     4.750000000     6.669648494    -0.427336947     0.283489598
     4.760000000     6.421558629    -0.414300603     0.284781430
     4.770000000     6.185071859    -0.397985578     0.286275865
     4.780000000     5.960718476    -0.378444792     0.287986746
     4.790000000     5.748823724    -0.355763684     0.289925682
     4.800000000     5.549522569    -0.330117987     0.292101553
     4.810000000     5.362776776    -0.301804280     0.294520055
     4.820000000     5.188393694    -0.271242726     0.297183306
     4.830000000     5.026046170    -0.238956643     0.300089533
     4.840000000     4.875293041    -0.205537150     0.303232844
     4.850000000     4.735599706    -0.171602157     0.306603107
     4.860000000     4.606358331    -0.137757483     0.310185935
     4.870000000     4.486907304    -0.104564792     0.313962795
     4.880000000     4.376549621    -0.072517652     0.317911230
     4.890000000     4.274569941    -0.042024393     0.322005206
     4.900000000     4.180250100    -0.013395240     0.326215566
     4.910000000     4.092882967     0.013168494     0.330510591
     4.920000000     4.011784513     0.037583991     0.334856649
     4.930000000     3.936304080     0.059894427     0.339218924
     4.940000000     3.865832819     0.080272116     0.343562192
     4.950000000     3.799810338     0.099014573     0.347851639
     4.960000000     3.737729613     0.116531284     0.352053682
     4.970000000     3.679140245     0.133320438     0.356136782
     4.980000000     3.623650166     0.149936748     0.360072220
     4.990000000     3.570925903     0.166953341     0.363834803
     5.000000000     3.520691557     0.184921878     0.367403495
     5.010000000     3.472726609     0.204335404     0.370761942
     5.020000000     3.426862726     0.225597760     0.373898869
     5.030000000     3.382979718     0.249002108     0.376808352
     5.040000000     3.341000797     0.274719510     0.379489937
     5.050000000     3.300887308     0.302797120     0.381948609
     5.060000000     3.262633095     0.333164637     0.384194612
     5.070000000     3.226258639     0.365647326     0.386243118
     5.080000000     3.191805132     0.399984087     0.388113753
     5.090000000     3.159328631     0.435849364     0.389830001
     5.100000000     3.128894393     0.472877968     0.391418487
     5.110000000     3.100571548     0.510691694     0.392908180
     5.120000000     3.074428165     0.548926096     0.394329510
     5.130000000     3.050526826     0.587254945     0.395713460
     5.140000000     3.028920759     0.625409244     0.397090625
     5.150000000     3.009650572     0.663187706     0.398490290
     5.160000000     2.992741618     0.700456588     0.399939540
     5.170000000     2.978202002     0.737138757     0.401462441
     5.180000000     2.966021204     0.773194193     0.403079298
     5.190000000     2.956169311     0.808596096     0.404806038
     5.200000000     2.948596801     0.843307575     0.406653704
     5.210000000     2.943234836     0.877263463     0.408628113
     5.220000000     2.939995996     0.910360268     0.410729652
     5.230000000     2.938775397     0.942455458     0.412953244
     5.240000000     2.939452109     0.973375715     0.415288475
     5.250000000     2.941890820     1.002932802     0.417719873
     5.260000000     2.945943674     1.030945180     0.420227349
     5.270000000     2.951452217     1.057263080     0.422786755
     5.280000000     2.958249408     1.081794150     0.425370582
     5.290000000     2.966161654     1.104526090     0.427948736
     5.300000000     2.975010819     1.125542140     0.430489399
     5.310000000     2.984616206     1.145025426     0.432959935
     5.320000000     2.994796485     1.163249290     0.435327803
     5.330000000     3.005371580     1.180552802     0.437561478
     5.340000000     3.016164498     1.197303347     0.439631320
     5.350000000     3.027003140     1.213850826     0.441510380
     5.360000000     3.037722093     1.230480056     0.443175124
     5.370000000     3.048164426     1.247368797     0.444606036
     5.380000000     3.058183514     1.264558438     0.445788101
     5.390000000     3.067644902     1.281942637     0.446711141
     5.400000000     3.076428214     1.299276716     0.447370000
     5.410000000     3.084429123     1.316207587     0.447764581
     5.420000000     3.091561366     1.332321037     0.447899723
     5.430000000     3.097758785     1.347200654     0.447784934
     5.440000000     3.102977382     1.360490647     0.447433994
     5.450000000     3.107197329     1.371953753     0.446864433
     5.460000000     3.110424898     1.381515403     0.446096914
     5.470000000     3.112694245     1.389286808     0.445154532
     5.480000000     3.114068987     1.395562622     0.444062069
     5.490000000     3.114643483     1.400793150     0.442845212
     5.500000000     3.114543765     1.405535754     0.441529776
     5.510000000     3.113928016     1.410394060     0.440140945
     5.520000000     3.112986538     1.415955503     0.438702566
     5.530000000     3.111941125     1.422737237     0.437236509
     5.540000000     3.111043787     1.431147697     0.435762106
     5.550000000     3.110574769     1.441467201     0.434295707
     5.560000000     3.110839829     1.453847097     0.432850334
     5.570000000     3.112166751     1.468324090     0.431435460
     5.580000000     3.114901099     1.484844763     0.430056908
     5.590000000     3.119401218     1.503294997     0.428716867
     5.600000000     3.126032541     1.523529381     0.427414022
     5.610000000     3.135161236     1.545396557     0.426143787
     5.620000000     3.147147318     1.568757493     0.424898625
     5.630000000     3.162337291     1.593494928     0.423668449
     5.640000000     3.181056484     1.619513776     0.422441073
     5.650000000     3.203601196     1.646733831     0.421202712
     5.660000000     3.230230840     1.675077445     0.419938498
     5.670000000     3.261160233     1.704455409     0.418632999
     5.680000000     3.296552240     1.734753828     0.417270733
     5.690000000     3.336510937     1.765823477     0.415836645
     5.700000000     3.381075488     1.797471415     0.414316542
     5.710000000     3.430214918     1.829453297     0.412697483
     5.720000000     3.483823936     1.861464439     0.410968102
     5.730000000     3.541719977     1.893128436     0.409118855
     5.740000000     3.603641570     1.923983796     0.407142215
     5.750000000     3.669248146     1.953470997     0.405032772
     5.760000000     3.738121358     1.980923869     0.402787285
     5.770000000     3.809767931     2.005569829     0.400404649
     5.780000000     3.883624058     2.026542920     0.397885814
     5.790000000     3.959061298     2.042912132     0.395233643
     5.800000000     4.035393890     2.053725253     0.392452732
     5.810000000     4.111887378     2.058065969     0.389549184
     5.820000000     4.187768391     2.055119476     0.386530371
     5.830000000     4.262235402     2.044239821     0.383404661
     5.840000000     4.334470263     2.025011037     0.380181158
     5.850000000     4.403650283     1.997294185     0.376869427
     5.860000000     4.468960612     1.961253853     0.373479235
     5.870000000     4.529606690     1.917360332     0.370020310
     5.880000000     4.584826506     1.866367031     0.366502120
     5.890000000     4.633902432     1.809265976     0.362933679
     5.900000000     4.676172401     1.747226739     0.359323387
     5.910000000     4.711040230     1.681525548     0.355678898
     5.920000000     4.737984894     1.613471646     0.352007024
     5.930000000     4.756568596     1.544337574     0.348313677
     5.940000000     4.766443521     1.475299153     0.344603835
     5.950000000     4.767357157     1.407389662     0.340881547
     5.960000000     4.759156144     1.341471027     0.337149957
     5.970000000     4.741788607     1.278222886     0.333411358
     5.980000000     4.715304983     1.218148445     0.329667258
     5.990000000     4.679857365     1.161594507     0.325918464
     6.000000000     4.635697417     1.108782205     0.322165176
     6.010000000     4.583172935     1.059844734     0.318407078
     6.020000000     4.522723150     1.014868499     0.314643435
     6.030000000     4.454872879     0.973934259     0.310873178
     6.040000000     4.380225642     0.937154814     0.307094984
     6.050000000     4.299455877     0.904705656     0.303307342
     6.060000000     4.213300388     0.876844989     0.299508601
     6.070000000     4.122549174     0.853919960     0.295697004
     6.080000000     4.028035777     0.836357151     0.291870703
     6.090000000     3.930627309     0.824637362     0.288027761
     6.100000000     3.831214311     0.819257327     0.284166130
     6.110000000     3.730700591     0.820683491     0.280283631
     6.120000000     3.629993222     0.829304710     0.276377909
     6.130000000     3.529992843     0.845390948     0.272446397
     6.140000000     3.431584435     0.869063751     0.268486269
     6.150000000     3.335628728     0.900281727     0.264494405
     6.160000000     3.242954399     0.938841462     0.260467365
     6.170000000     3.154351206     0.984391779     0.256401373
     6.180000000     3.070564195     1.036457695     0.252292323
     6.190000000     2.992289103     1.094469791     0.248135810
     6.200000000     2.920169042     1.157794881     0.243927184
     6.210000000     2.854792546     1.225764509     0.239661625
     6.220000000     2.796693008     1.297698670     0.235334259
     6.230000000     2.746349506     1.372923064     0.230940283
     6.240000000     2.704188957     1.450779052     0.226475127
     6.250000000     2.670589533     1.530626388     0.221934630
     6.260000000     2.645885162     1.611839648     0.217315228
     6.270000000     2.630370956     1.693800174     0.212614158
     6.280000000     2.624309302     1.775886059     0.207829653
     6.290000000     2.627936371     1.857463305     0.202961143
     6.300000000     2.641468712     1.937881568     0.198009431
     6.310000000     2.665109623     2.016477901     0.192976857
     6.320000000     2.699054941     2.092591524     0.187867424
     6.330000000     2.743497943     2.165591777     0.182686895
     6.340000000     2.798633008     2.234919858     0.177442845
     6.350000000     2.864657801     2.300142579     0.172144669
     6.360000000     2.941773715     2.361013212     0.166803541
     6.370000000     3.030184430     2.417530953     0.161432322
     6.380000000     3.130092510     2.469987440     0.156045415
     6.390000000     3.241694020     2.518987473     0.150658583
     6.400000000     3.365171297     2.565432664     0.145288707
     6.410000000     3.500684047     2.610462017     0.139953522
     6.420000000     3.648359077     2.655351494     0.134671309
     6.430000000     3.808279044     2.701383517     0.129460568
     6.440000000     3.980470662     2.749704140     0.124339676
     6.450000000     4.164892889     2.801187900     0.119326539
     6.460000000     4.361425633     2.856327466     0.114438246
     6.470000000     4.569859521     2.915158333     0.109690737
     6.480000000     4.789887260     2.977220646     0.105098496
     6.490000000     5.021097080     3.041553330     0.100674273
     6.500000000     5.262968630     3.106711780     0.096428840
     6.510000000     5.514871658     3.170799769     0.092370801
     6.520000000     5.776067611     3.231508419     0.088506444
     6.530000000     6.045714208     3.286159017     0.084839648
     6.540000000     6.322872844     3.331751192     0.081371847
     6.550000000     6.606518570     3.365022568     0.078102045
     6.560000000     6.895552216     3.382529830     0.075026888
     6.570000000     7.188814128     3.380763485     0.072140789
     6.580000000     7.485098861     3.356308517     0.069436092
     6.590000000     7.783170128     3.306059692     0.066903286
     6.600000000     8.081775252     3.227492200     0.064531250
     6.610000000     8.379658382     3.118975054     0.062307527
     6.620000000     8.675571816     2.980096759     0.060218620
     6.630000000     8.968284826     2.811953466     0.058250298
     6.640000000     9.256589562     2.617334899     0.056387909
     6.650000000     9.539303754     2.400740917     0.054616691
     6.660000000     9.815270149     2.168178445     0.052922068
     6.670000000    10.083352807     1.926726316     0.051289936
     6.680000000    10.342430627     1.683906845     0.049706917
     6.690000000    10.591388638     1.446952086     0.048160589
     6.700000000    10.829107814     1.222081487     0.046639689
     6.710000000    11.054454289     1.013904480     0.045134265
     6.720000000    11.266268961     0.825027784     0.043635805
     6.730000000    11.463358537     0.655896535     0.042137316
     6.740000000    11.644489033     0.504849605     0.040633368
     6.750000000    11.808382712     0.368337499     0.039120104
     6.760000000    11.953719279     0.241241623     0.037595202
     6.770000000    12.079141994     0.117243383     0.036057818
     6.780000000    12.183269123    -0.010787914     0.034508485
     6.790000000    12.264710882    -0.150396774     0.032948997
     6.800000000    12.322091742    -0.309123593     0.031382269
     6.810000000    12.354077672    -0.494049750     0.029812176
     6.820000000    12.359407600    -0.711292308     0.028243384
     6.830000000    12.336928129    -0.965451960     0.026681177
     6.840000000    12.285630282    -1.259046481     0.025131280
     6.850000000    12.204686937    -1.591996925     0.023599681
     6.860000000    12.093489440    -1.961264718     0.022092465
     6.870000000    11.951681885    -2.360750042     0.020615659
     6.880000000    11.779191569    -2.781541248     0.019175087
     6.890000000    11.576254213    -3.212546074     0.017776241
     6.900000000    11.343432741    -3.641448931     0.016424176
     6.910000000    11.081628603    -4.055851817     0.015123417
     6.920000000    10.792084928    -4.444403252     0.013877889
     6.930000000    10.476381088    -4.797722726     0.012690868
     6.940000000    10.136418590    -5.108986285     0.011564950
     6.950000000     9.774398541    -5.374127859     0.010502037
     6.960000000     9.392791259    -5.591696889     0.009503343
     6.970000000     8.994298893    -5.762469881     0.008569410
     6.980000000     8.581812159    -5.888932419     0.007700149
     6.990000000     8.158362537    -5.974735641     0.006894872
     7.000000000     7.727071364    -6.024201331     0.006152356
     7.010000000     7.291097405    -6.041916509     0.005470894
     7.020000000     6.853584444    -6.032430662     0.004848365
     7.030000000     6.417610415    -6.000050058     0.004282295
     7.040000000     5.986139516    -5.948713693     0.003769928
     7.050000000     5.561978523    -5.881932067     0.003308289
     7.060000000     5.147738408    -5.802770741     0.002894248
     7.070000000     4.745802062    -5.713863448     0.002524580
     7.080000000     4.358298721    -5.617442905     0.002196017
     7.090000000     3.987085427    -5.515380763     0.001905300
     7.100000000     3.633735574    -5.409230842     0.001649220
     7.110000000     3.299534397    -5.300271931     0.001424657
     7.120000000     2.985481000    -5.189547939     0.001228607
     7.130000000     2.692296346    -5.077904280     0.001058210
     7.140000000     2.420436500    -4.966020050     0.000910768
     7.150000000     2.170110255    -4.854435997     0.000783758
     7.160000000     1.941300250    -4.743578518     0.000674839
     7.170000000     1.733786607    -4.633780079     0.000581858
     7.180000000     1.547172157    -4.525296472     0.000502849
     7.190000000     1.380908323    -4.418321343     0.000436028
     7.200000000     1.234320839    -4.312998404     0.000379790
     7.210000000     1.106634538    -4.209431721     0.000332700
     7.220000000     0.996996567    -4.107694392     0.000293480
     7.230000000     0.904497523    -4.007835956     0.000261004
     7.240000000     0.828190111    -3.909888766     0.000234281
     7.250000000     0.767105073    -3.813873582     0.000212443
     7.260000000     0.720264266    -3.719804577     0.000194739
     7.270000000     0.686690882    -3.627693954     0.000180516
     7.280000000     0.665416917    -3.537556317     0.000169210
     7.290000000     0.655488090    -3.449412968     0.000160339
     7.300000000     0.655966508    -3.363296255     0.000153487
     7.310000000     0.665931405    -3.279254097     0.000148299
     7.320000000     0.684478358    -3.197354805     0.000144471
     7.330000000     0.710717408    -3.117692306     0.000141744
     7.340000000     0.743770483    -3.040391844     0.000139896
     7.350000000     0.782768576    -2.965616214     0.000138737
     7.360000000     0.826849046    -2.893572511     0.000138103
     7.370000000     0.875153410    -2.824519280     0.000137855
     7.380000000     0.926825929    -2.758773785     0.000137872
     7.390000000     0.981013241    -2.696718838     0.000138049
     7.400000000     1.036865209    -2.638808282     0.000138296
     7.410000000     1.093537106    -2.585569701     0.000138535
     7.420000000     1.150193170    -2.537602361     0.000138700
     7.430000000     1.206011487    -2.495567798     0.000138732
     7.440000000     1.260190106    -2.460169949     0.000138583
     7.450000000     1.311954214    -2.432121627     0.000138211
     7.460000000     1.360564148    -2.412094643     0.000137584
     7.470000000     1.405323977    -2.400652515     0.000136674
     7.480000000     1.445590349    -2.398167727     0.000135460
     7.490000000     1.480781286    -2.404730065     0.000133931
     7.500000000     1.510384589    -2.420058031     0.000132076
     7.510000000     1.533965537    -2.443430431     0.000129894
     7.520000000     1.551173561    -2.473657506     0.000127388
     7.530000000     1.561747633    -2.509108206     0.000124566
     7.540000000     1.565520127    -2.547801053     0.000121440
     7.550000000     1.562418976    -2.587551950     0.000118028
     7.560000000     1.552468004    -2.626157329     0.000114349
     7.570000000     1.535785361    -2.661580947     0.000110429
     7.580000000     1.512580084    -2.692111570     0.000106293
     7.590000000     1.483146836    -2.716467196     0.000101971
     7.600000000     1.447858963    -2.733835865     0.000097493
     7.610000000     1.407160042    -2.743857808     0.000092892
     7.620000000     1.361554165    -2.746564107     0.000088200
     7.630000000     1.311595209    -2.742291115     0.000083451
     7.640000000     1.257875407    -2.731588510     0.000078676
     7.650000000     1.201013509    -2.715134112     0.000073908
     7.660000000     1.141642866    -2.693663066     0.000069176
     7.670000000     1.080399731    -2.667914161     0.000064510
     7.680000000     1.017912069    -2.638592714     0.000059935
     7.690000000     0.954789130    -2.606347579     0.000055478
     7.700000000     0.891612026    -2.571759189     0.000051158
     7.710000000     0.828925474    -2.535335545     0.000046996
     7.720000000     0.767230852    -2.497513529     0.000043007
     7.730000000     0.706980664    -2.458663471     0.000039206
     7.740000000     0.648574446    -2.419095453     0.000035602
     7.750000000     0.592356114    -2.379066322     0.000032203
     7.760000000     0.538612707    -2.338786713     0.000029014
     7.770000000     0.487574439    -2.298427703     0.000026038
     7.780000000     0.439415960    -2.258126868     0.000023274
     7.790000000     0.394258654    -2.217993646     0.000020721
     7.800000000     0.352173852    -2.178114014     0.000018373
     7.810000000     0.313186767    -2.138554486     0.000016226
     7.820000000     0.277280982    -2.099365518     0.000014272
     7.830000000     0.244403325    -2.060584366     0.000012501
     7.840000000     0.214468964    -2.022237475     0.000010906
     7.850000000     0.187366560    -1.984342470     0.000009475
     7.860000000     0.162963361    -1.946909805     0.000008198
     7.870000000     0.141110100    -1.909944125     0.000007064
     7.880000000     0.121645612    -1.873445385     0.000006061
     7.890000000     0.104401084    -1.837409771     0.000005179
     7.900000000     0.089203890    -1.801830459     0.000004407
     7.910000000     0.075880963    -1.766698226     0.000003734
     7.920000000     0.064261697    -1.732001961     0.000003150
     7.930000000     0.054180376    -1.697729068     0.000002647
     7.940000000     0.045478125    -1.663865806     0.000002214
     7.950000000     0.038004433    -1.630397554     0.000001845
     7.960000000     0.031618258    -1.597309027     0.000001530
     7.970000000     0.026188764    -1.564584455     0.000001264
     7.980000000     0.021595731    -1.532207715     0.000001040
     7.990000000     0.017729683    -1.500162445     0.000000851
     8.000000000     0.014491778    -1.468432128     0.000000694
     8.010000000     0.011793508    -1.437000155     0.000000564
     8.020000000     0.009556251    -1.405849877     0.000000456
     8.030000000     0.007710716    -1.374964639     0.000000367
     8.040000000     0.006196304    -1.344327805     0.000000295
     8.050000000     0.004960438    -1.313922775     0.000000236
     8.060000000     0.003957871    -1.283732990     0.000000188
     8.070000000     0.003150004    -1.253741938     0.000000149
     8.080000000     0.002504231    -1.223933147     0.000000119
     8.090000000     0.001993324    -1.194290182     0.000000095
     8.100000000     0.001594877    -1.164796630     0.000000076
     8.110000000     0.001290815    -1.135436090     0.000000062
     8.120000000     0.001066970    -1.106192155     0.000000052
     8.130000000     0.000912749    -1.077048399     0.000000045
     8.140000000     0.000820876    -1.047988353     0.000000041
     8.150000000     0.000787229    -1.018995486     0.000000040
     8.160000000     0.000810772    -0.990053190     0.000000042
     8.170000000     0.000893582    -0.961144753     0.000000047
     8.180000000     0.001040987    -0.932253340     0.000000055
     8.190000000     0.001261804    -0.903361971     0.000000067
     8.200000000     0.001568695    -0.874453506     0.000000083
     8.210000000     0.001978646    -0.845510616     0.000000104
     8.220000000     0.002513563    -0.816515774     0.000000132
     8.230000000     0.003201005    -0.787451231     0.000000167
     8.240000000     0.004075050    -0.758299005     0.000000212
     8.250000000     0.005177292    -0.729040871     0.000000268
     8.260000000     0.006557983    -0.699658347     0.000000337
     8.270000000     0.008277307    -0.670132697     0.000000422
     8.280000000     0.010406779    -0.640444929     0.000000527
     8.290000000     0.013030763    -0.610575805     0.000000656
     8.300000000     0.016248089    -0.580505857     0.000000813
     8.310000000     0.020173736    -0.550215421     0.000001002
     8.320000000     0.024940562    -0.519684669     0.000001231
     8.330000000     0.030701026    -0.488893673     0.000001505
     8.340000000     0.037628853    -0.457822480     0.000001832
     8.350000000     0.045920578    -0.426451206     0.000002221
     8.360000000     0.055796906    -0.394760173     0.000002681
     8.370000000     0.067503781    -0.362730067     0.000003221
     8.380000000     0.081313100    -0.330342142     0.000003854
     8.390000000     0.097522951    -0.297578484     0.000004592
     8.400000000     0.116457277    -0.264422324     0.000005447
     8.410000000     0.138464854    -0.230858443     0.000006432
     8.420000000     0.163917489    -0.196873654     0.000007564
     8.430000000     0.193207314    -0.162457410     0.000008856
     8.440000000     0.226743098    -0.127602542     0.000010323
     8.450000000     0.264945505    -0.092306166     0.000011982
     8.460000000     0.308241219    -0.056570792     0.000013847
     8.470000000     0.357055943    -0.020405676     0.000015934
     8.480000000     0.411806240     0.016171534     0.000018256
     8.490000000     0.472890280     0.053132786     0.000020826
     8.500000000     0.540677576     0.090437197     0.000023656
     8.510000000     0.615497837     0.128028099     0.000026755
     8.520000000     0.697629111     0.165829474     0.000030129
     8.530000000     0.787285465     0.203741666     0.000033784
     8.540000000     0.884604465     0.241636224     0.000037720
     8.550000000     0.989634784     0.279349758     0.000041934
     8.560000000     1.102324292     0.316676640     0.000046421
     8.570000000     1.222509022     0.353360430     0.000051169
     8.580000000     1.349903428     0.389083880     0.000056163
     8.590000000     1.484092326     0.423457477     0.000061383
     8.600000000     1.624524954     0.456006519     0.000066806
     8.610000000     1.770511515     0.486156927     0.000072402
     8.620000000     1.921222553     0.513220210     0.000078138
     8.630000000     2.075691448     0.536378360     0.000083977
     8.640000000     2.232820239     0.554669957     0.000089878
     8.650000000     2.391388911     0.566979405     0.000095797
     8.660000000     2.550068167     0.572032000     0.000101688
     8.670000000     2.707435600     0.568398413     0.000107503
     8.680000000     2.861995089     0.554512926     0.000113192
     8.690000000     3.012199089     0.528710315     0.000118706
     8.700000000     3.156473413     0.489286119     0.000123998
     8.710000000     3.293243978     0.434583948     0.000129019
     8.720000000     3.420964898     0.363111096     0.000133728
     8.730000000     3.538147247     0.273679906     0.000138083
     8.740000000     3.643387747     0.165567331     0.000142049
     8.750000000     3.735396619     0.038679461     0.000145595
     8.760000000     3.813023828    -0.106297863     0.000148697
     8.770000000     3.875282969    -0.267785817     0.000151337
     8.780000000     3.921372114    -0.443262725     0.000153501
     8.790000000     3.950690997    -0.629301972     0.000155186
     8.800000000     3.962854024    -0.821714348     0.000156393
     8.810000000     3.957698712    -1.015795883     0.000157130
     8.820000000     3.935289304    -1.206660268     0.000157412
     8.830000000     3.895915442    -1.389612330     0.000157259
     8.840000000     3.840085939    -1.560504549     0.000156695
     8.850000000     3.768517833    -1.716019257     0.000155752
     8.860000000     3.682121065    -1.853836232     0.000154460
     8.870000000     3.581979220    -1.972672517     0.000152857
     8.880000000     3.469326912    -2.072208596     0.000150977
     8.890000000     3.345524478    -2.152933773     0.000148859
     8.900000000     3.212030689    -2.215950211     0.000146539
     8.910000000     3.070374259    -2.262771166     0.000144052
     8.920000000     2.922124913    -2.295138901     0.000141432
     8.930000000     2.768864783    -2.314876345     0.000138708
     8.940000000     2.612160843    -2.323776857     0.000135907
     8.950000000     2.453539042    -2.323529852     0.000133051
     8.960000000     2.294460702    -2.315676520     0.000130161
     8.970000000     2.136301659    -2.301588652     0.000127249
     8.980000000     1.980334508    -2.282463931     0.000124326
     8.990000000     1.827714207    -2.259332015     0.000121398
     9.000000000     1.679467164    -2.233067050     0.000118468
     9.010000000     1.536483852    -2.204403438     0.000115535
     9.020000000     1.399514838    -2.173952691     0.000112595
     9.030000000     1.269170077    -2.142220006     0.000109643
     9.040000000     1.145921204    -2.109619758     0.000106673
     9.050000000     1.030106495    -2.076489490     0.000103675
     9.060000000     0.921938136    -2.043102269     0.000100644
     9.070000000     0.821511392    -2.009677394     0.000097571
     9.080000000     0.728815257    -1.976389583     0.000094450
     9.090000000     0.643744167    -1.943376751     0.000091277
     9.100000000     0.566110371    -1.910746562     0.000088049
     9.110000000     0.495656582    -1.878581906     0.000084767
     9.120000000     0.432068558    -1.846945447     0.000081432
     9.130000000     0.374987319    -1.815883389     0.000078050
     9.140000000     0.324020742    -1.785428579     0.000074628
     9.150000000     0.278754326    -1.755603063     0.000071177
     9.160000000     0.238760979    -1.726420179     0.000067710
     9.170000000     0.203609714    -1.697886279     0.000064242
     9.180000000     0.172873203    -1.670002139     0.000060790
     9.190000000     0.146134154    -1.642764115     0.000057373
     9.200000000     0.122990546    -1.616165088     0.000054010
     9.210000000     0.103059752    -1.590195242     0.000050723
     9.220000000     0.085981634    -1.564842697     0.000047531
     9.230000000     0.071420685    -1.540094024     0.000044458
     9.240000000     0.059067337    -1.515934669     0.000041523
     9.250000000     0.048638520    -1.492349294     0.000038747
     9.260000000     0.039877603    -1.469322052     0.000036149
     9.270000000     0.032553824    -1.446836814     0.000033748
     9.280000000     0.026461293    -1.424877343     0.000031562
     9.290000000     0.021417695    -1.403427441     0.000029604
     9.300000000     0.017262763    -1.382471057     0.000027891
     9.310000000     0.013856601    -1.361992376     0.000026432
     9.320000000     0.011077931    -1.341975891     0.000025239
     9.330000000     0.008822315    -1.322406447     0.000024321
     9.340000000     0.007000404    -1.303269285     0.000023683
     9.350000000     0.005536241    -1.284550066     0.000023330
     9.360000000     0.004365658    -1.266234889     0.000023265
     9.370000000     0.003434779    -1.248310304     0.000023489
     9.380000000     0.002698634    -1.230763315     0.000023999
     9.390000000     0.002119911    -1.213581383     0.000024794
     9.400000000     0.001667830    -1.196752423     0.000025867
     9.410000000     0.001317138    -1.180264796     0.000027211
     9.420000000     0.001047232    -1.164107306     0.000028816
     9.430000000     0.000841389    -1.148269186     0.000030673
     9.440000000     0.000686108    -1.132740092     0.000032766
     9.450000000     0.000570536    -1.117510090     0.000035081
     9.460000000     0.000485995    -1.102569647     0.000037601
     9.470000000     0.000425567    -1.087909615     0.000040307
     9.480000000     0.000383764    -1.073521224     0.000043179
     9.490000000     0.000356243    -1.059396069     0.000046195
     9.500000000     0.000339574    -1.045526095     0.000049331
     9.510000000     0.000331056    -1.031903590     0.000052563
     9.520000000     0.000328559    -1.018521167     0.000055868
     9.530000000     0.000330408    -1.005371752     0.000059219
     9.540000000     0.000335281    -0.992448570     0.000062592
     9.550000000     0.000342131    -0.979745120     0.000065960
     9.560000000     0.000350130    -0.967255158     0.000069300
     9.570000000     0.000358621    -0.954972668     0.000072589
     9.580000000     0.000367078    -0.942891835     0.000075803
     9.590000000     0.000375084    -0.931007006     0.000078922
     9.600000000     0.000382306    -0.919312667     0.000081926
     9.610000000     0.000388485    -0.907803404     0.000084800
     9.620000000     0.000393417    -0.896473887     0.000087527
     9.630000000     0.000396951    -0.885318863     0.000090095
     9.640000000     0.000398977    -0.874333161     0.000092493
     9.650000000     0.000399426    -0.863511718     0.000094712
     9.660000000     0.000398264    -0.852849612     0.000096748
     9.670000000     0.000395486    -0.842342105     0.000098594
     9.680000000     0.000391118    -0.831984681     0.000100248
     9.690000000     0.000385209    -0.821773066     0.000101709
     9.700000000     0.000377833    -0.811703243     0.000102976
     9.710000000     0.000369083    -0.801771448     0.000104051
     9.720000000     0.000359070    -0.791974149     0.000104933
     9.730000000     0.000347916    -0.782308024     0.000105626
     9.740000000     0.000335758    -0.772769935     0.000106129
     9.750000000     0.000322738    -0.763356893     0.000106445
     9.760000000     0.000309004    -0.754066044     0.000106574
     9.770000000     0.000294706    -0.744894641     0.000106517
     9.780000000     0.000279994    -0.735840032     0.000106272
     9.790000000     0.000265012    -0.726899648     0.000105841
     9.800000000     0.000249900    -0.718070993     0.000105220
     9.810000000     0.000234791    -0.709351640     0.000104410
     9.820000000     0.000219807    -0.700739222     0.000103408
     9.830000000     0.000205058    -0.692231433     0.000102212
     9.840000000     0.000190645    -0.683826022     0.000100823
     9.850000000     0.000176654    -0.675520791     0.000099238
     9.860000000     0.000163158    -0.667313594     0.000097460
     9.870000000     0.000150219    -0.659202335     0.000095489
     9.880000000     0.000137884    -0.651184973     0.000093330
     9.890000000     0.000126188    -0.643259518     0.000090987
     9.900000000     0.000115155    -0.635424036     0.000088466
     9.910000000     0.000104799    -0.627676646     0.000085778
     9.920000000     0.000095123    -0.620015529     0.000082933
     9.930000000     0.000086122    -0.612438918     0.000079943
     9.940000000     0.000077784    -0.604945105     0.000076825
     9.950000000     0.000070090    -0.597532434     0.000073594
     9.960000000     0.000063018    -0.590199303     0.000070268
     9.970000000     0.000056538    -0.582944157     0.000066868
     9.980000000     0.000050621    -0.575765487     0.000063413
     9.990000000     0.000045234    -0.568661830     0.000059925
    10.000000000     0.000040344    -0.561631761     0.000056426
    10.010000000     0.000035917    -0.554673897     0.000052936
    10.020000000     0.000031917    -0.547786892     0.000049477
    10.030000000     0.000028313    -0.540969434     0.000046069
    10.040000000     0.000025072    -0.534220247     0.000042731
    10.050000000     0.000022163    -0.527538089     0.000039480
    10.060000000     0.000019557    -0.520921749     0.000036332
    10.070000000     0.000017226    -0.514370048     0.000033302
    10.080000000     0.000015145    -0.507881837     0.000030402
    10.090000000     0.000013291    -0.501455996     0.000027641
    10.100000000     0.000011641    -0.495091434     0.000025028
    10.110000000     0.000010175    -0.488787087     0.000022569
    10.120000000     0.000008875    -0.482541918     0.000020266
    10.130000000     0.000007724    -0.476354916     0.000018123
    10.140000000     0.000006706    -0.470225095     0.000016137
    10.150000000     0.000005809    -0.464151493     0.000014309
    10.160000000     0.000005019    -0.458133172     0.000012633
    10.170000000     0.000004325    -0.452169217     0.000011107
    10.180000000     0.000003717    -0.446258734     0.000009723
    10.190000000     0.000003186    -0.440400853     0.000008475
    10.200000000     0.000002722    -0.434594722     0.000007355
    10.210000000     0.000002319    -0.428839510     0.000006355
    10.220000000     0.000001970    -0.423134407     0.000005468
    10.230000000     0.000001667    -0.417478620     0.000004684
    10.240000000     0.000001407    -0.411871377     0.000003995
    10.250000000     0.000001184    -0.406311919     0.000003393
    10.260000000     0.000000992    -0.400799510     0.000002868
    10.270000000     0.000000829    -0.395333427     0.000002414
    10.280000000     0.000000691    -0.389912965     0.000002024
    10.290000000     0.000000575    -0.384537433     0.000001689
    10.300000000     0.000000477    -0.379206156     0.000001403
    10.310000000     0.000000396    -0.373918476     0.000001160
    10.320000000     0.000000330    -0.368673746     0.000000956
    10.330000000     0.000000277    -0.363471336     0.000000784
    10.340000000     0.000000235    -0.358310626     0.000000640
    10.350000000     0.000000204    -0.353191012     0.000000520
    10.360000000     0.000000183    -0.348111902     0.000000422
    10.370000000     0.000000173    -0.343072717     0.000000340
    10.380000000     0.000000173    -0.338072888     0.000000274
    10.390000000     0.000000185    -0.333111859     0.000000220
    10.400000000     0.000000210    -0.328189086     0.000000177
    10.410000000     0.000000250    -0.323304036     0.000000142
    10.420000000     0.000000310    -0.318456184     0.000000115
    10.430000000     0.000000392    -0.313645019     0.000000094
    10.440000000     0.000000503    -0.308870037     0.000000079
    10.450000000     0.000000651    -0.304130747     0.000000069
    10.460000000     0.000000843    -0.299426664     0.000000063
    10.470000000     0.000001092    -0.294757315     0.000000061
    10.480000000     0.000001412    -0.290122235     0.000000063
    10.490000000     0.000001820    -0.285520968     0.000000069
    10.500000000     0.000002338    -0.280953065     0.000000079
    10.510000000     0.000002992    -0.276418088     0.000000094
    10.520000000     0.000003813    -0.271915604     0.000000115
    10.530000000     0.000004838    -0.267445190     0.000000142
    10.540000000     0.000006112    -0.263006431     0.000000176
    10.550000000     0.000007689    -0.258598918     0.000000219
    10.560000000     0.000009629    -0.254222248     0.000000273
    10.570000000     0.000012005    -0.249876029     0.000000339
    10.580000000     0.000014902    -0.245559873     0.000000420
    10.590000000     0.000018415    -0.241273399     0.000000518
    10.600000000     0.000022657    -0.237016234     0.000000637
    10.610000000     0.000027751    -0.232788010     0.000000780
    10.620000000     0.000033841    -0.228588367     0.000000951
    10.630000000     0.000041084    -0.224416950     0.000001154
    10.640000000     0.000049656    -0.220273411     0.000001395
    10.650000000     0.000059750    -0.216157409     0.000001679
    10.660000000     0.000071578    -0.212068608     0.000002011
    10.670000000     0.000085366    -0.208006681     0.000002398
    10.680000000     0.000101360    -0.203971305     0.000002848
    10.690000000     0.000119816    -0.199962165     0.000003366
    10.700000000     0.000141004    -0.195978954     0.000003961
    10.710000000     0.000165204    -0.192021371     0.000004641
    10.720000000     0.000192699    -0.188089126     0.000005414
    10.730000000     0.000223772    -0.184181935     0.000006287
    10.740000000     0.000258704    -0.180299525     0.000007268
    10.750000000     0.000297763    -0.176441634     0.000008365
    10.760000000     0.000341199    -0.172608013     0.000009586
    10.770000000     0.000389238    -0.168798425     0.000010935
    10.780000000     0.000442071    -0.165012651     0.000012420
    10.790000000     0.000499849    -0.161250489     0.000014043
    10.800000000     0.000562671    -0.157511759     0.000015808
    10.810000000     0.000630581    -0.153796307     0.000017716
    10.820000000     0.000703553    -0.150104008     0.000019766
    10.830000000     0.000781489    -0.146434773     0.000021955
    10.840000000     0.000864208    -0.142788553     0.000024279
    10.850000000     0.000951445    -0.139165347     0.000026730
    10.860000000     0.001042842    -0.135565214     0.000029298
    10.870000000     0.001137951    -0.131988277     0.000031970
    10.880000000     0.001236228    -0.128434739     0.000034731
    10.890000000     0.001337036    -0.124904889     0.000037563
    10.900000000     0.001439651    -0.121399118     0.000040446
    10.910000000     0.001543269    -0.117917928     0.000043357
    10.920000000     0.001647007    -0.114461942     0.000046271
    10.930000000     0.001749924    -0.111031904     0.000049163
    10.940000000     0.001851027    -0.107628677     0.000052003
    10.950000000     0.001949289    -0.104253231     0.000054764
    10.960000000     0.002043663    -0.100906601     0.000057415
    10.970000000     0.002133106    -0.097589841     0.000059928
    10.980000000     0.002216589    -0.094303937     0.000062273
    10.990000000     0.002293125    -0.091049701     0.000064424
    11.000000000     0.002361784    -0.087827631     0.000066353
    11.010000000     0.002421711    -0.084637769     0.000068036
    11.020000000     0.002472147    -0.081479544     0.000069453
    11.030000000     0.002512442    -0.078351669     0.000070585
    11.040000000     0.002542071    -0.075252087     0.000071418
    11.050000000     0.002560643    -0.072178010     0.000071939
    11.060000000     0.002567913    -0.069126070     0.000072144
    11.070000000     0.002563783    -0.066092559     0.000072028
    11.080000000     0.002548309    -0.063073728     0.000071593
    11.090000000     0.002521696    -0.060066092     0.000070845
    11.100000000     0.002484295    -0.057066698     0.000069794
    11.110000000     0.002436595    -0.054073294     0.000068454
    11.120000000     0.002379213    -0.051084402     0.000066842
    11.130000000     0.002312880    -0.048099290     0.000064979
    11.140000000     0.002238426    -0.045117874     0.000062887
    11.150000000     0.002156762    -0.042140578     0.000060593
    11.160000000     0.002068862    -0.039168180     0.000058123
    11.170000000     0.001975743    -0.036201677     0.000055507
    11.180000000     0.001878449    -0.033242162     0.000052774
    11.190000000     0.001778025    -0.030290737     0.000049952
    11.200000000     0.001675508    -0.027348453     0.000047072
    11.210000000     0.001571899    -0.024416270     0.000044161
    11.220000000     0.001468158    -0.021495035     0.000041247
    11.230000000     0.001365182    -0.018585479     0.000038354
    11.240000000     0.001263799    -0.015688216     0.000035506
    11.250000000     0.001164758    -0.012803750     0.000032723
    11.260000000     0.001068717    -0.009932489     0.000030025
    11.270000000     0.000976247    -0.007074752     0.000027427
    11.280000000     0.000887824    -0.004230784     0.000024943
    11.290000000     0.000803829    -0.001400766     0.000022583
    11.300000000     0.000724553     0.001415178     0.000020356
    11.310000000     0.000650199     0.004216967     0.000018267
    11.320000000     0.000580888     0.007004559     0.000016320
    11.330000000     0.000516664     0.009777941     0.000014515
    11.340000000     0.000457503     0.012537130     0.000012853
    11.350000000     0.000403319     0.015282158     0.000011331
    11.360000000     0.000353977     0.018013080     0.000009945
    11.370000000     0.000309293     0.020729959     0.000008690
    11.380000000     0.000269051     0.023432873     0.000007560
    11.390000000     0.000233007     0.026121906     0.000006548
    11.400000000     0.000200897     0.028797150     0.000005646
    11.410000000     0.000172444     0.031458702     0.000004847
    11.420000000     0.000147364     0.034106662     0.000004144
    11.430000000     0.000125374     0.036741135     0.000003527
    11.440000000     0.000106191     0.039362225     0.000002990
    11.450000000     0.000089545     0.041970040     0.000002524
    11.460000000     0.000075174     0.044564689     0.000002123
    11.470000000     0.000062829     0.047146279     0.000001780
    11.480000000     0.000052278     0.049714918     0.000001488
    11.490000000     0.000043307     0.052270715     0.000001242
    11.500000000     0.000035716     0.054813778     0.000001036
    11.510000000     0.000029324     0.057344212     0.000000866
    11.520000000     0.000023970     0.059862125     0.000000728
    11.530000000     0.000019507     0.062367622     0.000000618
    11.540000000     0.000015804     0.064860805     0.000000533
    11.550000000     0.000012747     0.067341779     0.000000472
    11.560000000     0.000010236     0.069810645     0.000000432
    11.570000000     0.000008183     0.072267503     0.000000412
    11.580000000     0.000006513     0.074712453     0.000000411
    11.590000000     0.000005161     0.077145592     0.000000431
    11.600000000     0.000004071     0.079567019     0.000000470
    11.610000000     0.000003197     0.081976827     0.000000531
    11.620000000     0.000002500     0.084375113     0.000000615
    11.630000000     0.000001946     0.086761967     0.000000724
    11.640000000     0.000001508     0.089137484     0.000000862
    11.650000000     0.000001164     0.091501752     0.000001031
    11.660000000     0.000000894     0.093854862     0.000001235
    11.670000000     0.000000684     0.096196903     0.000001481
    11.680000000     0.000000521     0.098527960     0.000001771
    11.690000000     0.000000395     0.100848120     0.000002113
    11.700000000     0.000000298     0.103157469     0.000002512
    11.710000000     0.000000224     0.105456090     0.000002976
    11.720000000     0.000000168     0.107744065     0.000003511
    11.730000000     0.000000125     0.110021476     0.000004126
    11.740000000     0.000000093     0.112288405     0.000004827
    11.750000000     0.000000069     0.114544930     0.000005623
    11.760000000     0.000000051     0.116791131     0.000006522
    11.770000000     0.000000038     0.119027085     0.000007531
    11.780000000     0.000000028     0.121252869     0.000008658
    11.790000000     0.000000021     0.123468558     0.000009909
    11.800000000     0.000000016     0.125674228     0.000011292
    11.810000000     0.000000012     0.127869953     0.000012810
    11.820000000     0.000000010     0.130055805     0.000014468
    11.830000000     0.000000008     0.132231857     0.000016269
    11.840000000     0.000000007     0.134398180     0.000018212
    11.850000000     0.000000006     0.136554846     0.000020297
    11.860000000     0.000000006     0.138701923     0.000022521
    11.870000000     0.000000006     0.140839480     0.000024877
    11.880000000     0.000000006     0.142967587     0.000027358
    11.890000000     0.000000006     0.145086310     0.000029953
    11.900000000     0.000000006     0.147195716     0.000032648
    11.910000000     0.000000006     0.149295870     0.000035429
    11.920000000     0.000000007     0.151386839     0.000038276
    11.930000000     0.000000007     0.153468686     0.000041168
    11.940000000     0.000000008     0.155541475     0.000044082
    11.950000000     0.000000008     0.157605270     0.000046993
    11.960000000     0.000000009     0.159660133     0.000049875
    11.970000000     0.000000009     0.161706125     0.000052698
    11.980000000     0.000000010     0.163743307     0.000055434
    11.990000000     0.000000010     0.165771741     0.000058054
    12.000000000     0.000000011     0.167791485     0.000060528
    12.010000000     0.000000011     0.169802599     0.000062827
    12.020000000     0.000000011     0.171805141     0.000064925
    12.030000000     0.000000012     0.173799170     0.000066795
    12.040000000     0.000000012     0.175784743     0.000068414
    12.050000000     0.000000012     0.177761916     0.000069762
    12.060000000     0.000000012     0.179730746     0.000070821
    12.070000000     0.000000013     0.181691288     0.000071577
    12.080000000     0.000000013     0.183643598     0.000072020
    12.090000000     0.000000013     0.185587730     0.000072145
    12.100000000     0.000000013     0.187523737     0.000071949
    12.110000000     0.000000013     0.189451674     0.000071436
    12.120000000     0.000000012     0.191371594     0.000070612
    12.130000000     0.000000012     0.193283548     0.000069488
    12.140000000     0.000000012     0.195187589     0.000068078
    12.150000000     0.000000012     0.197083767     0.000066402
    12.160000000     0.000000011     0.198972135     0.000064479
    12.170000000     0.000000011     0.200852742     0.000062335
    12.180000000     0.000000011     0.202725638     0.000059994
    12.190000000     0.000000010     0.204590873     0.000057486
    12.200000000     0.000000010     0.206448496     0.000054838
    12.210000000     0.000000009     0.208298554     0.000052080
    12.220000000     0.000000009     0.210141097     0.000049241
    12.230000000     0.000000008     0.211976171     0.000046351
    12.240000000     0.000000008     0.213803825     0.000043436
    12.250000000     0.000000007     0.215624104     0.000040525
    12.260000000     0.000000007     0.217437055     0.000037641
    12.270000000     0.000000006     0.219242723     0.000034807
    12.280000000     0.000000006     0.221041155     0.000032044
    12.290000000     0.000000005     0.222832395     0.000029369
    12.300000000     0.000000005     0.224616488     0.000026799
    12.310000000     0.000000004     0.226393478     0.000024344
    12.320000000     0.000000004     0.228163409     0.000022017
    12.330000000     0.000000003     0.229926324     0.000019824
    12.340000000     0.000000003     0.231682267     0.000017770
    12.350000000     0.000000003     0.233431279     0.000015858
    12.360000000     0.000000002     0.235173404     0.000014089
    12.370000000     0.000000002     0.236908683     0.000012462
    12.380000000     0.000000002     0.238637157     0.000010974
    12.390000000     0.000000002     0.240358869     0.000009621
    12.400000000     0.000000001     0.242073857     0.000008397
    12.410000000     0.000000001     0.243782164     0.000007296
    12.420000000     0.000000001     0.245483830     0.000006312
    12.430000000     0.000000001     0.247178893     0.000005436
    12.440000000     0.000000001     0.248867393     0.000004661
    12.450000000     0.000000001     0.250549370     0.000003979
    12.460000000     0.000000001     0.252224862     0.000003381
    12.470000000     0.000000001     0.253893907     0.000002861
    12.480000000     0.000000000     0.255556544     0.000002410
    12.490000000     0.000000000     0.257212810     0.000002021
    12.500000000     0.000000000     0.258862743     0.000001687
    12.510000000     0.000000000     0.260506380     0.000001402
    12.520000000     0.000000000     0.262143757     0.000001160
    12.530000000     0.000000000     0.263774912     0.000000956
    12.540000000     0.000000000     0.265399880     0.000000784
    12.550000000     0.000000000     0.267018697     0.000000640
    12.560000000     0.000000000     0.268631399     0.000000520
    12.570000000     0.000000000     0.270238021     0.000000421
    12.580000000     0.000000000     0.271838598     0.000000339
    12.590000000     0.000000000     0.273433165     0.000000272
    12.600000000     0.000000000     0.275021756     0.000000217
    12.610000000     0.000000000     0.276604406     0.000000173
    12.620000000     0.000000000     0.278181148     0.000000137
    12.630000000     0.000000000     0.279752016     0.000000108
    12.640000000     0.000000000     0.281317043     0.000000085
    12.650000000     0.000000000     0.282876262     0.000000066
    12.660000000     0.000000000     0.284429706     0.000000051
    12.670000000     0.000000000     0.285977408     0.000000040
    12.680000000     0.000000000     0.287519400     0.000000031
    12.690000000     0.000000000     0.289055713     0.000000023
    12.700000000     0.000000000     0.290586380     0.000000018
    12.710000000     0.000000000     0.292111433     0.000000014
    12.720000000     0.000000000     0.293630901     0.000000010
    12.730000000     0.000000000     0.295144817     0.000000008
    12.740000000     0.000000000     0.296653211     0.000000006
    12.750000000     0.000000000     0.298156114     0.000000004
    12.760000000     0.000000000     0.299653555     0.000000003
    12.770000000     0.000000000     0.301145566     0.000000002
    12.780000000     0.000000000     0.302632175     0.000000002
    12.790000000     0.000000000     0.304113413     0.000000001
    12.800000000     0.000000000     0.305589308     0.000000001
    12.810000000     0.000000000     0.307059890     0.000000001
    12.820000000     0.000000000     0.308525188     0.000000001
    12.830000000     0.000000000     0.309985231     0.000000000
    12.840000000     0.000000000     0.311440046     0.000000000
    12.850000000     0.000000000     0.312889662     0.000000000
    12.860000000     0.000000000     0.314334108     0.000000000
    12.870000000     0.000000000     0.315773410     0.000000000
    12.880000000     0.000000000     0.317207597     0.000000000
    12.890000000     0.000000000     0.318636696     0.000000000
    12.900000000     0.000000000     0.320060734     0.000000000
    12.910000000     0.000000000     0.321479739     0.000000000
    12.920000000     0.000000000     0.322893736     0.000000000
    12.930000000     0.000000000     0.324302753     0.000000000
    12.940000000     0.000000000     0.325706815     0.000000000
    12.950000000     0.000000000     0.327105950     0.000000000
    12.960000000     0.000000000     0.328500183     0.000000000
    12.970000000     0.000000000     0.329889540     0.000000000
    12.980000000     0.000000000     0.331274046     0.000000000
    12.990000000     0.000000000     0.332653727     0.000000000
    13.000000000     0.000000000     0.334028608     0.000000000
    13.010000000     0.000000000     0.335398715     0.000000000
    13.020000000     0.000000000     0.336764071     0.000000000
    13.030000000     0.000000000     0.338124702     0.000000000
    13.040000000     0.000000000     0.339480633     0.000000000
    13.050000000     0.000000000     0.340831887     0.000000000
    13.060000000     0.000000000     0.342178489     0.000000000
    13.070000000     0.000000000     0.343520463     0.000000000
    13.080000000     0.000000000     0.344857832     0.000000000
    13.090000000     0.000000000     0.346190621     0.000000000
    13.100000000     0.000000000     0.347518852     0.000000000
    13.110000000     0.000000000     0.348842549     0.000000000
    13.120000000     0.000000000     0.350161735     0.000000000
    13.130000000     0.000000000     0.351476433     0.000000000
    13.140000000     0.000000000     0.352786666     0.000000000
    13.150000000     0.000000000     0.354092457     0.000000000
    13.160000000     0.000000000     0.355393827     0.000000000
    13.170000000     0.000000000     0.356690800     0.000000000
    13.180000000     0.000000000     0.357983397     0.000000000
    13.190000000     0.000000000     0.359271641     0.000000000
    13.200000000     0.000000000     0.360555553     0.000000000
    13.210000000     0.000000000     0.361835155     0.000000000
    13.220000000     0.000000000     0.363110469     0.000000000
    13.230000000     0.000000000     0.364381516     0.000000000
    13.240000000     0.000000000     0.365648317     0.000000000
    13.250000000     0.000000000     0.366910894     0.000000000
    13.260000000     0.000000000     0.368169267     0.000000000
    13.270000000     0.000000000     0.369423457     0.000000000
    13.280000000     0.000000000     0.370673485     0.000000000
    13.290000000     0.000000000     0.371919371     0.000000000
    13.300000000     0.000000000     0.373161136     0.000000000
    13.310000000     0.000000000     0.374398801     0.000000000
    13.320000000     0.000000000     0.375632384     0.000000000
    13.330000000     0.000000000     0.376861906     0.000000000
    13.340000000     0.000000000     0.378087388     0.000000000
    13.350000000     0.000000000     0.379308848     0.000000000
    13.360000000     0.000000000     0.380526306     0.000000000
    13.370000000     0.000000000     0.381739782     0.000000000
    13.380000000     0.000000000     0.382949295     0.000000000
    13.390000000     0.000000000     0.384154865     0.000000000
    13.400000000     0.000000000     0.385356509     0.000000000
    13.410000000     0.000000000     0.386554248     0.000000000
    13.420000000     0.000000000     0.387748100     0.000000000
    13.430000000     0.000000000     0.388938083     0.000000000
    13.440000000     0.000000000     0.390124217     0.000000000
    13.450000000     0.000000000     0.391306520     0.000000000
    13.460000000     0.000000000     0.392485009     0.000000000
    13.470000000     0.000000000     0.393659703     0.000000000
    13.480000000     0.000000000     0.394830621     0.000000000
    13.490000000     0.000000000     0.395997780     0.000000000
    13.500000000     0.000000000     0.397161198     0.000000000
    13.510000000     0.000000000     0.398320893     0.000000000
    13.520000000     0.000000000     0.399476882     0.000000000
    13.530000000     0.000000000     0.400629183     0.000000000
    13.540000000     0.000000000     0.401777813     0.000000000
    13.550000000     0.000000000     0.402922789     0.000000000
    13.560000000     0.000000000     0.404064129     0.000000000
    13.570000000     0.000000000     0.405201850     0.000000000
    13.580000000     0.000000000     0.406335968     0.000000000
    13.590000000     0.000000000     0.407466501     0.000000000
    13.600000000     0.000000000     0.408593464     0.000000000
    13.610000000     0.000000000     0.409716876     0.000000000
    13.620000000     0.000000000     0.410836751     0.000000000
    13.630000000     0.000000000     0.411953108     0.000000000
    13.640000000     0.000000000     0.413065961     0.000000000
    13.650000000     0.000000000     0.414175327     0.000000000
    13.660000000     0.000000000     0.415281222     0.000000000
    13.670000000     0.000000000     0.416383662     0.000000000
    13.680000000     0.000000000     0.417482663     0.000000000
    13.690000000     0.000000000     0.418578241     0.000000000
    13.700000000     0.000000000     0.419670412     0.000000000
    13.710000000     0.000000000     0.420759190     0.000000000
    13.720000000     0.000000000     0.421844592     0.000000000
    13.730000000     0.000000000     0.422926633     0.000000000
    13.740000000     0.000000000     0.424005328     0.000000000
    13.750000000     0.000000000     0.425080692     0.000000000
    13.760000000     0.000000000     0.426152741     0.000000000
    13.770000000     0.000000000     0.427221489     0.000000000
    13.780000000     0.000000000     0.428286952     0.000000000
    13.790000000     0.000000000     0.429349144     0.000000000
    13.800000000     0.000000000     0.430408080     0.000000000
    13.810000000     0.000000000     0.431463774     0.000000000
    13.820000000     0.000000000     0.432516242     0.000000000
    13.830000000     0.000000000     0.433565497     0.000000000
    13.840000000     0.000000000     0.434611554     0.000000000
    13.850000000     0.000000000     0.435654427     0.000000000
    13.860000000     0.000000000     0.436694130     0.000000000
    13.870000000     0.000000000     0.437730678     0.000000000
    13.880000000     0.000000000     0.438764085     0.000000000
    13.890000000     0.000000000     0.439794364     0.000000000
    13.900000000     0.000000000     0.440821530     0.000000000
    13.910000000     0.000000000     0.441845595     0.000000000
    13.920000000     0.000000000     0.442866574     0.000000000
    13.930000000     0.000000000     0.443884481     0.000000000
    13.940000000     0.000000000     0.444899329     0.000000000
    13.950000000     0.000000000     0.445911131     0.000000000
    13.960000000     0.000000000     0.446919900     0.000000000
    13.970000000     0.000000000     0.447925651     0.000000000
    13.980000000     0.000000000     0.448928396     0.000000000
    13.990000000     0.000000000     0.449928148     0.000000000
    14.000000000     0.000000000     0.450924920     0.000000000
