     0.000000000    -0.000000000     1.266091942     0.000000000
     0.010000000     0.000000000     1.266093385     0.000000000
     0.020000000     0.000000000     1.266097712     0.000000000
     0.030000000     0.000000000     1.266104925     0.000000000
     0.040000000     0.000000000     1.266115025     0.000000000
     0.050000000     0.000000000     1.266128012     0.000000000
     0.060000000     0.000000000     1.266143888     0.000000000
     0.070000000     0.000000000     1.266162656     0.000000000
     0.080000000     0.000000000     1.266184317     0.000000000
     0.090000000     0.000000000     1.266208874     0.000000000
     0.100000000     0.000000000     1.266236330     0.000000000
     0.110000000     0.000000000     1.266266688     0.000000000
     0.120000000     0.000000000     1.266299952     0.000000000
     0.130000000     0.000000000     1.266336127     0.000000000
     0.140000000     0.000000000     1.266375216     0.000000000
     0.150000000     0.000000000     1.266417224     0.000000000
     0.160000000     0.000000000     1.266462156     0.000000000
     0.170000000     0.000000000     1.266510018     0.000000000
     0.180000000     0.000000000     1.266560816     0.000000000
     0.190000000     0.000000000     1.266614556     0.000000000
     0.200000000     0.000000000     1.266671244     0.000000000
     0.210000000     0.000000000     1.266730888     0.000000000
     0.220000000     0.000000000     1.266793494     0.000000000
     0.230000000     0.000000000     1.266859071     0.000000000
     0.240000000     0.000000000     1.266927627     0.000000000
     0.250000000     0.000000000     1.266999170     0.000000000
     0.260000000     0.000000000     1.267073709     0.000000000
     0.270000000     0.000000000     1.267151253     0.000000000
     0.280000000     0.000000000     1.267231812     0.000000000
     0.290000000     0.000000000     1.267315396     0.000000000
     0.300000000     0.000000000     1.267402016     0.000000000
     0.310000000     0.000000000     1.267491683     0.000000000
     0.320000000     0.000000000     1.267584408     0.000000000
     0.330000000     0.000000000     1.267680202     0.000000000
     0.340000000     0.000000000     1.267779078     0.000000000
     0.350000000     0.000000000     1.267881048     0.000000000
     0.360000000     0.000000000     1.267986127     0.000000000
     0.370000000     0.000000000     1.268094326     0.000000000
     0.380000000     0.000000000     1.268205660     0.000000000
     0.390000000     0.000000000     1.268320144     0.000000000
     0.400000000     0.000000000     1.268437793     0.000000000
     0.410000000     0.000000000     1.268558621     0.000000000
     0.420000000     0.000000000     1.268682645     0.000000000
     0.430000000     0.000000000     1.268809881     0.000000000
     0.440000000     0.000000000     1.268940346     0.000000000
     0.450000000     0.000000000     1.269074058     0.000000000
     0.460000000     0.000000000     1.269211033     0.000000000
     0.470000000     0.000000000     1.269351291     0.000000000
     0.480000000     0.000000000     1.269494851     0.000000000
     0.490000000     0.000000000     1.269641732     0.000000000
     0.500000000     0.000000000     1.269791953     0.000000000
     0.510000000     0.000000000     1.269945537     0.000000000
     0.520000000     0.000000000     1.270102503     0.000000000
     0.530000000     0.000000000     1.270262874     0.000000000
     0.540000000     0.000000000     1.270426672     0.000000000
     0.550000000     0.000000000     1.270593920     0.000000000
     0.560000000     0.000000000     1.270764641     0.000000000
     0.570000000     0.000000000     1.270938860     0.000000000
     0.580000000     0.000000000     1.271116602     0.000000000
     0.590000000     0.000000000     1.271297892     0.000000000
     0.600000000     0.000000000     1.271482757     0.000000000
     0.610000000     0.000000000     1.271671223     0.000000000
     0.620000000     0.000000000     1.271863318     0.000000000
     0.630000000     0.000000000     1.272059071     0.000000000
     0.640000000     0.000000000     1.272258510     0.000000000
     0.650000000     0.000000000     1.272461665     0.000000000
     0.660000000     0.000000000     1.272668567     0.000000000
     0.670000000     0.000000000     1.272879248     0.000000000
     0.680000000     0.000000000     1.273093739     0.000000000
     0.690000000     0.000000000     1.273312074     0.000000000
     0.700000000     0.000000000     1.273534287     0.000000000
     0.710000000     0.000000000     1.273760412     0.000000000
     0.720000000     0.000000000     1.273990485     0.000000000
     0.730000000     0.000000000     1.274224543     0.000000000
     0.740000000     0.000000000     1.274462623     0.000000000
     0.750000000     0.000000000     1.274704765     0.000000000
     0.760000000     0.000000000     1.274951007     0.000000000
     0.770000000     0.000000000     1.275201389     0.000000000
     0.780000000     0.000000000     1.275455955     0.000000000
     0.790000000     0.000000000     1.275714745     0.000000000
     0.800000000     0.000000000     1.275977805     0.000000000
     0.810000000     0.000000000     1.276245179     0.000000000
     0.820000000     0.000000000     1.276516913     0.000000000
     0.830000000     0.000000000     1.276793055     0.000000000
     0.840000000     0.000000000     1.277073653     0.000000000
     0.850000000     0.000000000     1.277358757     0.000000000
     0.860000000     0.000000000     1.277648418     0.000000000
     0.870000000     0.000000000     1.277942689     0.000000000
     0.880000000     0.000000000     1.278241623     0.000000000
     0.890000000     0.000000000     1.278545276     0.000000000
     0.900000000     0.000000000     1.278853706     0.000000000
     0.910000000     0.000000000     1.279166969     0.000000000
     0.920000000     0.000000000     1.279485127     0.000000000
     0.930000000     0.000000000     1.279808241     0.000000000
     0.940000000     0.000000000     1.280136373     0.000000000
     0.950000000     0.000000000     1.280469590     0.000000000
     0.960000000     0.000000000     1.280807958     0.000000000
     0.970000000     0.000000000     1.281151546     0.000000000
     0.980000000     0.000000000     1.281500424     0.000000000
     0.990000000     0.000000000     1.281854665     0.000000000
     1.000000000     0.000000000     1.282214343     0.000000000
     1.010000000     0.000000000     1.282579535     0.000000000
     1.020000000     0.000000000     1.282950321     0.000000000
     1.030000000     0.000000000     1.283326781     0.000000000
     1.040000000     0.000000000     1.283708999     0.000000000
     1.050000000     0.000000000     1.284097060     0.000000000
     1.060000000     0.000000000     1.284491054     0.000000000
     1.070000000     0.000000000     1.284891072     0.000000000
     1.080000000     0.000000000     1.285297207     0.000000000
     1.090000000     0.000000000     1.285709556     0.000000000
     1.100000000     0.000000000     1.286128218     0.000000000
     1.110000000     0.000000000     1.286553296     0.000000000
     1.120000000     0.000000000     1.286984896     0.000000000
     1.130000000     0.000000000     1.287423126     0.000000000
     1.140000000     0.000000000     1.287868100     0.000000000
     1.150000000     0.000000000     1.288319932     0.000000000
     1.160000000     0.000000000     1.288778742     0.000000000
     1.170000000     0.000000000     1.289244653     0.000000000
     1.180000000     0.000000000     1.289717794     0.000000000
     1.190000000     0.000000001     1.290198294     0.000000000
     1.200000000     0.000000001     1.290686289     0.000000000
     1.210000000     0.000000001     1.291181920     0.000000000
     1.220000000     0.000000002     1.291685330     0.000000000
     1.230000000     0.000000003     1.292196670     0.000000000
     1.240000000     0.000000005     1.292716094     0.000000000
     1.250000000     0.000000007     1.293243760     0.000000000
     1.260000000     0.000000010     1.293779835     0.000000000
     1.270000000     0.000000015     1.294324489     0.000000000
     1.280000000     0.000000022     1.294877898     0.000000000
     1.290000000     0.000000031     1.295440244     0.000000000
     1.300000000     0.000000045     1.296011718     0.000000000
     1.310000000     0.000000064     1.296592515     0.000000000
     1.320000000     0.000000092     1.297182837     0.000000001
     1.330000000     0.000000131     1.297782895     0.000000001
     1.340000000     0.000000186     1.298392905     0.000000001
     1.350000000     0.000000262     1.299013094     0.000000002
     1.360000000     0.000000368     1.299643694     0.000000002
     1.370000000     0.000000514     1.300284950     0.000000003
     1.380000000     0.000000715     1.300937110     0.000000004
     1.390000000     0.000000991     1.301600437     0.000000006
     1.400000000     0.000001367     1.302275200     0.000000008
     1.410000000     0.000001877     1.302961680     0.000000011
     1.420000000     0.000002566     1.303660168     0.000000015
     1.430000000     0.000003492     1.304370966     0.000000020
     1.440000000     0.000004732     1.305094388     0.000000027
     1.450000000     0.000006383     1.305830760     0.000000036
     1.460000000     0.000008572     1.306580419     0.000000048
     1.470000000     0.000011461     1.307343717     0.000000064
     1.480000000     0.000015255     1.308121019     0.000000085
     1.490000000     0.000020216     1.308912702     0.000000113
     1.500000000     0.000026671     1.309719160     0.000000148
     1.510000000     0.000035032     1.310540800     0.000000194
     1.520000000     0.000045809     1.311378046     0.000000253
     1.530000000     0.000059637     1.312231337     0.000000328
     1.540000000     0.000077294     1.313101128     0.000000424
     1.550000000     0.000099735     1.313987891     0.000000546
     1.560000000     0.000128122     1.314892116     0.000000700
     1.570000000     0.000163858     1.315814307     0.000000893
     1.580000000     0.000208633     1.316754990     0.000001134
     1.590000000     0.000264466     1.317714703     0.000001434
     1.600000000     0.000333754     1.318694006     0.000001806
     1.610000000     0.000419329     1.319693472     0.000002264
     1.620000000     0.000524511     1.320713691     0.000002828
     1.630000000     0.000653167     1.321755270     0.000003516
     1.640000000     0.000809778     1.322818826     0.000004354
     1.650000000     0.000999489     1.323904990     0.000005369
     1.660000000     0.001228179     1.325014403     0.000006594
     1.670000000     0.001502507     1.326147709     0.000008065
     1.680000000     0.001829964     1.327305556     0.000009824
     1.690000000     0.002218911     1.328488586     0.000011919
     1.700000000     0.002678605     1.329697434     0.000014404
     1.710000000     0.003219207     1.330932713     0.000017337
     1.720000000     0.003851774     1.332195008     0.000020788
     1.730000000     0.004588221     1.333484864     0.000024831
     1.740000000     0.005441262     1.334802764     0.000029548
     1.750000000     0.006424316     1.336149118     0.000035033
     1.760000000     0.007551379     1.337524232     0.000041387
     1.770000000     0.008836856     1.338928283     0.000048721
     1.780000000     0.010295363     1.340361279     0.000057160
     1.790000000     0.011941480     1.341823020     0.000066838
     1.800000000     0.013789464     1.343313042     0.000077906
     1.810000000     0.015852933     1.344830550     0.000090526
     1.820000000     0.018144505     1.346374341     0.000104882
     1.830000000     0.020675411     1.347942710     0.000121173
     1.840000000     0.023455087     1.349533327     0.000139626
     1.850000000     0.026490742     1.351143103     0.000160488
     1.860000000     0.029786933     1.352768014     0.000184042
     1.870000000     0.033345134     1.354402903     0.000210604
     1.880000000     0.037163331     1.356041230     0.000240533
     1.890000000     0.041235648     1.357674789     0.000274236
     1.900000000     0.045552019     1.359293363     0.000312179
     1.910000000     0.050097923     1.360884331     0.000354896
     1.920000000     0.054854192     1.362432208     0.000402998
     1.930000000     0.059796913     1.363918138     0.000457189
     1.940000000     0.064897423     1.365319325     0.000518276
     1.950000000     0.070122425     1.366608444     0.000587188
     1.960000000     0.075434206     1.367753051     0.000664987
     1.970000000     0.080790988     1.368715051     0.000752890
     1.980000000     0.086147397     1.369450324     0.000852287
     1.990000000     0.091455040     1.369908622     0.000964755
     2.000000000     0.096663201     1.370033927     0.001092081
     2.010000000     0.101719628     1.369765481     0.001236279
     2.020000000     0.106571403     1.369039747     0.001399607
     2.030000000     0.111165871     1.367793574     0.001584581
     2.040000000     0.115451612     1.365968738     0.001793992
     2.050000000     0.119379423     1.363517928     0.002030915
     2.060000000     0.122903294     1.360411905     0.002298714
     2.070000000     0.125981339     1.356647205     0.002601045
     2.080000000     0.128576667     1.352253258     0.002941853
     2.090000000     0.130658161     1.347297431     0.003325358
     2.100000000     0.132201145     1.341886389     0.003756039
     2.110000000     0.133187908     1.336162535     0.004238609
     2.120000000     0.133608096     1.330295139     0.004777972
     2.130000000     0.133458922     1.324467046     0.005379185
     2.140000000     0.132745221     1.318858991     0.006047395
     2.150000000     0.131479331     1.313634265     0.006787777
     2.160000000     0.129680806     1.308926369     0.007605449
     2.170000000     0.127375972     1.304831447     0.008505388
     2.180000000     0.124597342     1.301406037     0.009492330
     2.190000000     0.121382901     1.298669504     0.010570658
     2.200000000     0.117775291     1.296609779     0.011744289
     2.210000000     0.113820913     1.295190792     0.013016545
     2.220000000     0.109568977     1.294360163     0.014390028
     2.230000000     0.105070523     1.294056174     0.015866491
     2.240000000     0.100377448     1.294213467     0.017446701
     2.250000000     0.095541552     1.294767319     0.019130317
     2.260000000     0.090613641     1.295656578     0.020915767
     2.270000000     0.085642694     1.296825468     0.022800136
     2.280000000     0.080675124     1.298224525     0.024779075
     2.290000000     0.075754145     1.299810907     0.026846714
     2.300000000     0.070919249     1.301548274     0.028995609
     2.310000000     0.066205803     1.303406390     0.031216708
     2.320000000     0.061644774     1.305360567     0.033499342
     2.330000000     0.057262573     1.307391019     0.035831252
     2.340000000     0.053081012     1.309482191     0.038198643
     2.350000000     0.049117374     1.311622097     0.040586279
     2.360000000     0.045384581     1.313801712     0.042977602
     2.370000000     0.041891448     1.316014423     0.045354896
     2.380000000     0.038643005     1.318255569     0.047699475
     2.390000000     0.035640885     1.320522071     0.049991909
     2.400000000     0.032883751     1.322812130     0.052212276
     2.410000000     0.030367754     1.325124992     0.054340431
     2.420000000     0.028087007     1.327460755     0.056356308
     2.430000000     0.026034068     1.329820203     0.058240221
     2.440000000     0.024200412     1.332204671     0.059973180
     2.450000000     0.022576895     1.334615905     0.061537207
     2.460000000     0.021154185     1.337055938     0.062915641
     2.470000000     0.019923181     1.339526971     0.064093434
     2.480000000     0.018875381     1.342031251     0.065057419
     2.490000000     0.018003233     1.344570956     0.065796560
     2.500000000     0.017300432     1.347148088     0.066302155
     2.510000000     0.016762191     1.349764377     0.066568012
     2.520000000     0.016385465     1.352421209     0.066590570
     2.530000000     0.016169140     1.355119575     0.066368981
     2.540000000     0.016114182     1.357860050     0.065905133
     2.550000000     0.016223743     1.360642797     0.065203632
     2.560000000     0.016503232     1.363467606     0.064271727
     2.570000000     0.016960343     1.366333952     0.063119184
     2.580000000     0.017605046     1.369241098     0.061758121
     2.590000000     0.018449523     1.372188213     0.060202801
     2.600000000     0.019508076     1.375174545     0.058469376
     2.610000000     0.020796976     1.378199607     0.056575621
     2.620000000     0.022334267     1.381263394     0.054540627
     2.630000000     0.024139520     1.384366584     0.052384487
     2.640000000     0.026233537     1.387510683     0.050127970
     2.650000000     0.028637996     1.390698069     0.047792196
     2.660000000     0.031375053     1.393931875     0.045398316
     2.670000000     0.034466888     1.397215687     0.042967207
     2.680000000     0.037935202     1.400553047     0.040519181
     2.690000000     0.041800677     1.403946814     0.038073730
     2.700000000     0.046082401     1.407398459     0.035649289
     2.710000000     0.050797259     1.410907364     0.033263045
     2.720000000     0.055959319     1.414470214     0.030930770
     2.730000000     0.061579203     1.418080490     0.028666704
     2.740000000     0.067663484     1.421728081     0.026483471
     2.750000000     0.074214095     1.425398950     0.024392033
     2.760000000     0.081227793     1.429074820     0.022401684
     2.770000000     0.088695682     1.432732815     0.020520081
     2.780000000     0.096602812     1.436345046     0.018753303
     2.790000000     0.104927874     1.439878110     0.017105942
     2.800000000     0.113643012     1.443292570     0.015581222
     2.810000000     0.122713758     1.446542440     0.014181138
     2.820000000     0.132099095     1.449574814     0.012906609
     2.830000000     0.141751682     1.452329750     0.011757648
     2.840000000     0.151618215     1.454740596     0.010733546
     2.850000000     0.161639942     1.456734963     0.009833046
     2.860000000     0.171753333     1.458236526     0.009054539
     2.870000000     0.181890876     1.459167816     0.008396236
     2.880000000     0.191982008     1.459454062     0.007856350
     2.890000000     0.201954158     1.459027956     0.007433264
     2.900000000     0.211733869     1.457835010     0.007125683
     2.910000000     0.221247994     1.455838938     0.006932781
     2.920000000     0.230424926     1.453026300     0.006854324
     2.930000000     0.239195833     1.449409633     0.006890776
     2.940000000     0.247495875     1.445028415     0.007043391
     2.950000000     0.255265369     1.439947543     0.007314276
     2.960000000     0.262450864     1.434253464     0.007706437
     2.970000000     0.269006113     1.428048557     0.008223795
     2.980000000     0.274892904     1.421444716     0.008871186
     2.990000000     0.280081733     1.414557280     0.009654324
     3.000000000     0.284552300     1.407500348     0.010579745
     3.010000000     0.288293823     1.400384133     0.011654724
     3.020000000     0.291305144     1.393314429     0.012887156
     3.030000000     0.293594649     1.386393584     0.014285423
     3.040000000     0.295179985     1.379721887     0.015858221
     3.050000000     0.296087598     1.373398087     0.017614371
     3.060000000     0.296352099     1.367518030     0.019562601
     3.070000000     0.296015474     1.362170999     0.021711304
     3.080000000     0.295126168     1.357434094     0.024068286
     3.090000000     0.293738068     1.353365693     0.026640487
     3.100000000     0.291909399     1.349999391     0.029433697
     3.110000000     0.289701585     1.347339785     0.032452270
     3.120000000     0.287178079     1.345361051     0.035698827
     3.130000000     0.284403208     1.344008655     0.039173980
     3.140000000     0.281441052     1.343203939     0.042876060
     3.150000000     0.278354386     1.342850921     0.046800868
     3.160000000     0.275203694     1.342844462     0.050941465
     3.170000000     0.272046299     1.343078945     0.055287988
     3.180000000     0.268935590     1.343456678     0.059827524
     3.190000000     0.265920393     1.343895332     0.064544032
     3.200000000     0.263044465     1.344333719     0.069418328
     3.210000000     0.260346136     1.344735321     0.074428136
     3.220000000     0.257858084     1.345089056     0.079548215
     3.230000000     0.255607262     1.345407050     0.084750557
     3.240000000     0.253614945     1.345719594     0.090004663
     3.250000000     0.251896922     1.346067938     0.095277895
     3.260000000     0.250463800     1.346496020     0.100535901
     3.270000000     0.249321422     1.347042458     0.105743101
     3.280000000     0.248471387     1.347733998     0.110863247
     3.290000000     0.247911658     1.348581274     0.115860012
     3.300000000     0.247637240     1.349577133     0.120697635
     3.310000000     0.247640922     1.350697328     0.125341578
     3.320000000     0.247914062     1.351902996     0.129759193
     3.330000000     0.248447397     1.353144254     0.133920382
     3.340000000     0.249231858     1.354364341     0.137798227
     3.350000000     0.250259382     1.355503870     0.141369582
     3.360000000     0.251523685     1.356504994     0.144615592
     3.370000000     0.253020986     1.357315352     0.147522146
     3.380000000     0.254750655     1.357891762     0.150080233
     3.390000000     0.256715766     1.358203559     0.152286190
     3.400000000     0.258923537     1.358235436     0.154141839
     3.410000000     0.261385620     1.357989571     0.155654503
     3.420000000     0.264118250     1.357486787     0.156836890
     3.430000000     0.267142213     1.356766571     0.157706859
     3.440000000     0.270482628     1.355885822     0.158287062
     3.450000000     0.274168546     1.354916407     0.158604466
     3.460000000     0.278232336     1.353941628     0.158689780
     3.470000000     0.282708896     1.353051762     0.158576785
     3.480000000     0.287634663     1.352338793     0.158301600
     3.490000000     0.293046462     1.351890463     0.157901881
     3.500000000     0.298980203     1.351783917     0.157416003
     3.510000000     0.305469461     1.352079420     0.156882224
     3.520000000     0.312543967     1.352814837     0.156337862
     3.530000000     0.320228063     1.354001611     0.155818507
     3.540000000     0.328539148     1.355622715     0.155357296
     3.550000000     0.337486178     1.357632751     0.154984257
     3.560000000     0.347068270     1.359959885     0.154725748
     3.570000000     0.357273440     1.362509080     0.154604012
     3.580000000     0.368077561     1.365165957     0.154636843
     3.590000000     0.379443543     1.367800733     0.154837385
     3.600000000     0.391320813     1.370271833     0.155214067
     3.610000000     0.403645106     1.372429017     0.155770659
     3.620000000     0.416338600     1.374116053     0.156506472
     3.630000000     0.429310413     1.375173085     0.157416664
     3.640000000     0.442457461     1.375439014     0.158492666
     3.650000000     0.455665678     1.374754248     0.159722701
     3.660000000     0.468811578     1.372964217     0.161092381
     3.670000000     0.481764130     1.369924046     0.162585362
     3.680000000     0.494386906     1.365504628     0.164184042
     3.690000000     0.506540463     1.359600177     0.165870274
     3.700000000     0.518084884     1.352136961     0.167626076
     3.710000000     0.528882437     1.343082512     0.169434313
     3.720000000     0.538800265     1.332454151     0.171279336
     3.730000000     0.547713048     1.320325271     0.173147553
     3.740000000     0.555505567     1.306827752     0.175027923
     3.750000000     0.562075090     1.292149181     0.176912347
     3.760000000     0.567333535     1.276524363     0.178795962
     3.770000000     0.571209328     1.260221807     0.180677309
     3.780000000     0.573648936     1.243527094     0.182558396
     3.790000000     0.574618006     1.226725896     0.184444631
     3.800000000     0.574102101     1.210089494     0.186344643
     3.810000000     0.572107010     1.193864813     0.188269995
     3.820000000     0.568658625     1.178269524     0.190234794
     3.830000000     0.563802390     1.163491234     0.192255215
     3.840000000     0.557602355     1.149688828     0.194348950
     3.850000000     0.550139840     1.136993902     0.196534606
     3.860000000     0.541511774     1.125510940     0.198831063
     3.870000000     0.531828735     1.115315961     0.201256811
     3.880000000     0.521212759     1.106454350     0.203829296
     3.890000000     0.509794967     1.098939071     0.206564280
     3.900000000     0.497713078     1.092750445     0.209475245
     3.910000000     0.485108859     1.087838183     0.212572853
     3.920000000     0.472125586     1.084125750     0.215864474
     3.930000000     0.458905565     1.081516492     0.219353806
     3.940000000     0.445587763     1.079900605     0.223040581
     3.950000000     0.432305606     1.079161919     0.226920377
     3.960000000     0.419184979     1.079183628     0.230984539
     3.970000000     0.406342466     1.079852489     0.235220203
     3.980000000     0.393883847     1.081061382     0.239610422
     3.990000000     0.381902880     1.082710504     0.244134402
     4.000000000     0.370480374     1.084707615     0.248767820
     4.010000000     0.359683555     1.086967804     0.253483233
     4.020000000     0.349565719     1.089413131     0.258250549
     4.030000000     0.340166167     1.091972359     0.263037565
     4.040000000     0.331510401     1.094580853     0.267810545
     4.050000000     0.323610560     1.097180653     0.272534815
     4.060000000     0.316466078     1.099720633     0.277175392
     4.070000000     0.310064525     1.102156671     0.281697589
     4.080000000     0.304382616     1.104451705     0.286067619
     4.090000000     0.299387352     1.106575555     0.290253165
     4.100000000     0.295037254     1.108504423     0.294223902
     4.110000000     0.291283680     1.110219983     0.297951982
     4.120000000     0.288072178     1.111708133     0.301412449
     4.130000000     0.285343856     1.112957527     0.304583590
     4.140000000     0.283036745     1.113958136     0.307447222
     4.150000000     0.281087122     1.114700132     0.309988898
     4.160000000     0.279430791     1.115173358     0.312198047
     4.170000000     0.278004273     1.115367544     0.314068039
     4.180000000     0.276745926     1.115273339     0.315596176
     4.190000000     0.275596946     1.114884082     0.316783626
     4.200000000     0.274502267     1.114198175     0.317635284
     4.210000000     0.273411324     1.113221846     0.318159587
     4.220000000     0.272278704     1.111972014     0.318368275
     4.230000000     0.271064653     1.110478858     0.318276107
     4.240000000     0.269735458     1.108787569     0.317900546
     4.250000000     0.268263695     1.106958711     0.317261414
     4.260000000     0.266628351     1.105066682     0.316380523
     4.270000000     0.264814827     1.103196004     0.315281299
     4.280000000     0.262814824     1.101435608     0.313988389
     4.290000000     0.260626133     1.099871727     0.312527279
     4.300000000     0.258252323     1.098580452     0.310923906
     4.310000000     0.255702359     1.097621127     0.309204295
     4.320000000     0.252990143     1.097031653     0.307394198
     4.330000000     0.250134006     1.096826408     0.305518767
     4.340000000     0.247156162     1.096996924     0.303602248
     4.350000000     0.244082122     1.097515014     0.301667700
     4.360000000     0.240940110     1.098337656     0.299736753
     4.370000000     0.237760458     1.099412810     0.297829398
     4.380000000     0.234575020     1.100685368     0.295963810
     4.390000000     0.231416596     1.102102564     0.294156208
     4.400000000     0.228318380     1.103618406     0.292420755
     4.410000000     0.225313441     1.105196861     0.290769492
     4.420000000     0.222434237     1.106813719     0.289212309
     4.430000000     0.219712166     1.108457165     0.287756946
     4.440000000     0.217177162     1.110127181     0.286409035
     4.450000000     0.214857327     1.111833920     0.285172162
     4.460000000     0.212778612     1.113595253     0.284047971
     4.470000000     0.210964534     1.115433697     0.283036279
     4.480000000     0.209435936     1.117372964     0.282135230
     4.490000000     0.208210784     1.119434433     0.281341463
     4.500000000     0.207304005     1.121633819     0.280650302
     4.510000000     0.206727357     1.123978365     0.280055961
     4.520000000     0.206489341     1.126464775     0.279551771
     4.530000000     0.206595138     1.129078102     0.279130414
     4.540000000     0.207046584     1.131791643     0.278784174
     4.550000000     0.207842181     1.134567864     0.278505190
     4.560000000     0.208977133     1.137360237     0.278285721
     4.570000000     0.210443419     1.140115846     0.278118408
     4.580000000     0.212229898     1.142778554     0.277996541
     4.590000000     0.214322444     1.145292510     0.277914314
     4.600000000     0.216704114     1.147605740     0.277867073
     4.610000000     0.219355347     1.149673557     0.277851550
     4.620000000     0.222254192     1.151461491     0.277866065
     4.630000000     0.225376567     1.152947456     0.277910716
     4.640000000     0.228696538     1.154122874     0.277987515
     4.650000000     0.232186637     1.154992573     0.278100499
     4.660000000     0.235818182     1.155573355     0.278255779
     4.670000000     0.239561630     1.155891330     0.278461543
     4.680000000     0.243386938     1.155978235     0.278728000
     4.690000000     0.247263930     1.155867135     0.279067251
     4.700000000     0.251162674     1.155588039     0.279493110
     4.710000000     0.255053854     1.155164003     0.280020848
     4.720000000     0.258909129     1.154608314     0.280666876
     4.730000000     0.262701492     1.153923214     0.281448370
     4.740000000     0.266405594     1.153100436     0.282382841
     4.750000000     0.269998050     1.152123538     0.283487663
     4.760000000     0.273457708     1.150971702     0.284779563
     4.770000000     0.276765885     1.149624355     0.286274092
     4.780000000     0.279906554     1.148065819     0.287985096
     4.790000000     0.282866481     1.146289158     0.289924182
     4.800000000     0.285635313     1.144298603     0.292100230
     4.810000000     0.288205607     1.142110266     0.294518935
     4.820000000     0.290572804     1.139751244     0.297182415
     4.830000000     0.292735135     1.137257526     0.300088896
     4.840000000     0.294693483     1.134671310     0.303232484
     4.850000000     0.296451177     1.132038285     0.306603045
     4.860000000     0.298013741     1.129405266     0.310186189
     4.870000000     0.299388593     1.126818266     0.313963380
     4.880000000     0.300584713     1.124320866     0.317912158
     4.890000000     0.301612269     1.121952631     0.322006485
     4.900000000     0.302482238     1.119747357     0.326217199
     4.910000000     0.303206003     1.117731139     0.330512576
     4.920000000     0.303794966     1.115920480     0.334858980
     4.930000000     0.304260167     1.114320785     0.339221588
     4.940000000     0.304611930     1.112925624     0.343565171
     4.950000000     0.304859554     1.111716947     0.347854908
     4.960000000     0.305011040     1.110666258     0.352057212
     4.970000000     0.305072883     1.109736463     0.356140539
     4.980000000     0.305049919     1.108884056     0.360076163
     4.990000000     0.304945245     1.108061270     0.363838888
     5.000000000     0.304760204     1.107218001     0.367407677
     5.010000000     0.304494443     1.106303534     0.370766170
     5.020000000     0.304146025     1.105268293     0.373903094
     5.030000000     0.303711619     1.104065920     0.376812524
     5.040000000     0.303186722     1.102655944     0.379494007
     5.050000000     0.302565943     1.101007055     0.381952532
     5.060000000     0.301843301     1.099100718     0.384198347
     5.070000000     0.301012556     1.096934522     0.386246629
     5.080000000     0.300067535     1.094524514     0.388117010
     5.090000000     0.299002464     1.091905740     0.389832981
     5.100000000     0.297812267     1.089130527     0.391421176
     5.110000000     0.296492848     1.086264475     0.392910569
     5.120000000     0.295041322     1.083380671     0.394331602
     5.130000000     0.293456212     1.080553036     0.395715263
     5.140000000     0.291737577     1.077849919     0.397092156
     5.150000000     0.289887097     1.075328889     0.398491570
     5.160000000     0.287908093     1.073033339     0.399940597
     5.170000000     0.285805496     1.070991084     0.401463307
     5.180000000     0.283585758     1.069214711     0.403080009
     5.190000000     0.281256726     1.067703230     0.404806627
     5.200000000     0.278827464     1.066444461     0.406654208
     5.210000000     0.276308058     1.065417652     0.408628564
     5.220000000     0.273709390     1.064595983     0.410730080
     5.230000000     0.271042907     1.063948757     0.412953674
     5.240000000     0.268320383     1.063443279     0.415288926
     5.250000000     0.265553690     1.063046498     0.417720360
     5.260000000     0.262754587     1.062726539     0.420227876
     5.270000000     0.259934529     1.062454192     0.422787322
     5.280000000     0.257104501     1.062204375     0.425371181
     5.290000000     0.254274892     1.061957472     0.427949354
     5.300000000     0.251455395     1.061700404     0.430490018
     5.310000000     0.248654950     1.061427256     0.432960529
     5.320000000     0.245881713     1.061139321     0.435328347
     5.330000000     0.243143068     1.060844459     0.437561944
     5.340000000     0.240445658     1.060555805     0.439631680
     5.350000000     0.237795450     1.060289957     0.441510607
     5.360000000     0.235197817     1.060064881     0.443175195
     5.370000000     0.232657629     1.059897852     0.444605932
     5.380000000     0.230179368     1.059803716     0.445787810
     5.390000000     0.227767232     1.059793685     0.446710655
     5.400000000     0.225425247     1.059874749     0.447369321
     5.410000000     0.223157368     1.060049641     0.447763718
     5.420000000     0.220967575     1.060317209     0.447898692
     5.430000000     0.218859945     1.060673018     0.447783760
     5.440000000     0.216838716     1.061110040     0.447432708
     5.450000000     0.214908324     1.061619365     0.446863074
     5.460000000     0.213073418     1.062190893     0.446095525
     5.470000000     0.211338855     1.062814011     0.445153160
     5.480000000     0.209709665     1.063478252     0.444060765
     5.490000000     0.208190993     1.064173882     0.442844026
     5.500000000     0.206788021     1.064892407     0.441528759
     5.510000000     0.205505858     1.065626958     0.440140148
     5.520000000     0.204349418     1.066372560     0.438702035
     5.530000000     0.203323274     1.067126330     0.437236286
     5.540000000     0.202431496     1.067887623     0.435762228
     5.550000000     0.201677478     1.068658125     0.434296205
     5.560000000     0.201063758     1.069441826     0.432851232
     5.570000000     0.200591832     1.070244760     0.431436775
     5.580000000     0.200261969     1.071074379     0.430058649
     5.590000000     0.200073042     1.071938525     0.428719035
     5.600000000     0.200022360     1.072844037     0.427416613
     5.610000000     0.200105534     1.073795182     0.426146788
     5.620000000     0.200316357     1.074792177     0.424902017
     5.630000000     0.200646730     1.075830061     0.423672207
     5.640000000     0.201086613     1.076898131     0.422445166
     5.650000000     0.201624033     1.077979988     0.421207105
     5.660000000     0.202245132     1.079054163     0.419943150
     5.670000000     0.202934271     1.080095130     0.418637868
     5.680000000     0.203674184     1.081074545     0.417275773
     5.690000000     0.204446196     1.081962522     0.415841805
     5.700000000     0.205230478     1.082728861     0.414321773
     5.710000000     0.206006370     1.083344189     0.412702734
     5.720000000     0.206752733     1.083781047     0.410973319
     5.730000000     0.207448352     1.084014987     0.409123987
     5.740000000     0.208072365     1.084025731     0.407147209
     5.750000000     0.208604709     1.083798451     0.405037578
     5.760000000     0.209026581     1.083325143     0.402791854
     5.770000000     0.209320897     1.082606041     0.400408935
     5.780000000     0.209472730     1.081650907     0.397889774
     5.790000000     0.209469728     1.080479985     0.395237239
     5.800000000     0.209302487     1.079124381     0.392455930
     5.810000000     0.208964876     1.077625651     0.389551959
     5.820000000     0.208454295     1.076034477     0.386532702
     5.830000000     0.207771862     1.074408430     0.383406538
     5.840000000     0.206922527     1.072808948     0.380182577
     5.850000000     0.205915088     1.071297810     0.376870393
     5.860000000     0.204762132     1.069933433     0.373479765
     5.870000000     0.203479873     1.068767428     0.370020429
     5.880000000     0.202087916     1.067841782     0.366501864
     5.890000000     0.200608922     1.067186995     0.362933093
     5.900000000     0.199068209     1.066821325     0.359322524
     5.910000000     0.197493272     1.066751134     0.355677818
     5.920000000     0.195913255     1.066972141     0.352005796
     5.930000000     0.194358367     1.067471312     0.348312373
     5.940000000     0.192859273     1.068229026     0.344602531
     5.950000000     0.191446458     1.069221242     0.340880319
     5.960000000     0.190149599     1.070421424     0.337148880
     5.970000000     0.188996938     1.071802103     0.333410504
     5.980000000     0.188014689     1.073336006     0.329666693
     5.990000000     0.187226488     1.074996772     0.325918247
     6.000000000     0.186652888     1.076759269     0.322165356
     6.010000000     0.186310936     1.078599574     0.318407692
     6.020000000     0.186213816     1.080494685     0.314644507
     6.030000000     0.186370581     1.082422032     0.310874718
     6.040000000     0.186785980     1.084358897     0.307096989
     6.050000000     0.187460374     1.086281808     0.303309792
     6.060000000     0.188389757     1.088165999     0.299511462
     6.070000000     0.189565859     1.089984960     0.295700229
     6.080000000     0.190976350     1.091710119     0.291874232
     6.090000000     0.192605124     1.093310653     0.288031523
     6.100000000     0.194432650     1.094753465     0.284170047
     6.110000000     0.196436397     1.096003376     0.280287616
     6.120000000     0.198591294     1.097023643     0.276381872
     6.130000000     0.200870239     1.097776894     0.272450247
     6.140000000     0.203244612     1.098226622     0.268489914
     6.150000000     0.205684804     1.098339298     0.264497759
     6.160000000     0.208160725     1.098087086     0.260470347
     6.170000000     0.210642285     1.097451033     0.256403909
     6.180000000     0.213099841     1.096424448     0.252294350
     6.190000000     0.215504581     1.095016039     0.248137277
     6.200000000     0.217828855     1.093252307     0.243928050
     6.210000000     0.220046434     1.091178625     0.239661865
     6.220000000     0.222132697     1.088858536     0.235333858
     6.230000000     0.224064747     1.086371005     0.230939242
     6.240000000     0.225821458     1.083805633     0.226473458
     6.250000000     0.227383462     1.081256216     0.221932357
     6.260000000     0.228733076     1.078813343     0.217312386
     6.270000000     0.229854192     1.076556901     0.212610790
     6.280000000     0.230732135     1.074549386     0.207825811
     6.290000000     0.231353502     1.072830757     0.202956884
     6.300000000     0.231706010     1.071415288     0.198004817
     6.310000000     0.231778342     1.070290566     0.192971953
     6.320000000     0.231560033     1.069418541     0.187862295
     6.330000000     0.231041385     1.068738352     0.182681607
     6.340000000     0.230213430     1.068170638     0.177437461
     6.350000000     0.229067947     1.067623062     0.172139252
     6.360000000     0.227597530     1.066996872     0.166798148
     6.370000000     0.225795714     1.066194352     0.161427005
     6.380000000     0.223657147     1.065126992     0.156040224
     6.390000000     0.221177807     1.063724048     0.150653560
     6.400000000     0.218355248     1.061940880     0.145283889
     6.410000000     0.215188870     1.059766141     0.139948942
     6.420000000     0.211680190     1.057226600     0.134666991
     6.430000000     0.207833102     1.054388357     0.129456533
     6.440000000     0.203654117     1.051353519     0.124335938
     6.450000000     0.199152554     1.048252129     0.119323108
     6.460000000     0.194340689     1.045230163     0.114435125
     6.470000000     0.189233824     1.042435357     0.109687926
     6.480000000     0.183850302     1.040003211     0.105095991
     6.490000000     0.178211421     1.038045444     0.100672063
     6.500000000     0.172341291     1.036642533     0.096426914
     6.510000000     0.166266592     1.035840908     0.092369142
     6.520000000     0.160016274     1.035654394     0.088505034
     6.530000000     0.153621177     1.036068786     0.084838466
     6.540000000     0.147113611     1.037048183     0.081370869
     6.550000000     0.140526881     1.038541832     0.078101246
     6.560000000     0.133894791     1.040490536     0.075026245
     6.570000000     0.127251140     1.042832121     0.072140274
     6.580000000     0.120629211     1.045505722     0.069435680
     6.590000000     0.114061289     1.048454935     0.066902951
     6.600000000     0.107578207     1.051629928     0.064530968
     6.610000000     0.101208938     1.054988689     0.062307275
     6.620000000     0.094980245     1.058497518     0.060218377
     6.630000000     0.088916392     1.062130906     0.058250045
     6.640000000     0.083038925     1.065870873     0.056387630
     6.650000000     0.077366525     1.069705910     0.054616372
     6.660000000     0.071914931     1.073629648     0.052921699
     6.670000000     0.066696941     1.077639436     0.051289508
     6.680000000     0.061722463     1.081734993     0.049706424
     6.690000000     0.056998643     1.085917254     0.048160030
     6.700000000     0.052530035     1.090187513     0.046639064
     6.710000000     0.048318818     1.094546851     0.045133577
     6.720000000     0.044365052     1.098995815     0.043635058
     6.730000000     0.040666957     1.103534289     0.042136517
     6.740000000     0.037221219     1.108161469     0.040632526
     6.750000000     0.034023304     1.112875915     0.039119227
     6.760000000     0.031067777     1.117675648     0.037594302
     6.770000000     0.028348631     1.122558270     0.036056904
     6.780000000     0.025859607     1.127521120     0.034507568
     6.790000000     0.023594513     1.132561447     0.032948088
     6.800000000     0.021547539     1.137676588     0.031381377
     6.810000000     0.019713571     1.142864135     0.029811310
     6.820000000     0.018088495     1.148122079     0.028242553
     6.830000000     0.016669511     1.153448919     0.026680389
     6.840000000     0.015455445     1.158843730     0.025130540
     6.850000000     0.014447070     1.164306196     0.023598993
     6.860000000     0.013647437     1.169836610     0.022091834
     6.870000000     0.013062222     1.175435844     0.020615086
     6.880000000     0.012700085     1.181105306     0.019174573
     6.890000000     0.012573054     1.186846881     0.017775787
     6.900000000     0.012696914     1.192662855     0.016423780
     6.910000000     0.013091622     1.198555845     0.015123077
     6.920000000     0.013781723     1.204528718     0.013877603
     6.930000000     0.014796773     1.210584503     0.012690633
     6.940000000     0.016171751     1.216726303     0.011564762
     6.950000000     0.017947448     1.222957202     0.010501892
     6.960000000     0.020170820     1.229280162     0.009503237
     6.970000000     0.022895280     1.235697917     0.008569339
     6.980000000     0.026180911     1.242212861     0.007700108
     6.990000000     0.030094571     1.248826923     0.006894857
     7.000000000     0.034709862     1.255541453     0.006152363
     7.010000000     0.040106945     1.262357093     0.005470919
     7.020000000     0.046372150     1.269273665     0.004848405
     7.030000000     0.053597380     1.276290068     0.004282346
     7.040000000     0.061879263     1.283404198     0.003769988
     7.050000000     0.071318030     1.290612912     0.003308354
     7.060000000     0.082016123     1.297912020     0.002894317
     7.070000000     0.094076485     1.305296339     0.002524650
     7.080000000     0.107600570     1.312759750     0.002196087
     7.090000000     0.122686051     1.320295252     0.001905369
     7.100000000     0.139424253     1.327894915     0.001649286
     7.110000000     0.157897350     1.335549621     0.001424719
     7.120000000     0.178175360     1.343248475     0.001228665
     7.130000000     0.200312994     1.350977734     0.001058264
     7.140000000     0.224346442     1.358719180     0.000910817
     7.150000000     0.250290164     1.366447906     0.000783802
     7.160000000     0.278133782     1.374129573     0.000674878
     7.170000000     0.307839189     1.381717269     0.000581892
     7.180000000     0.339337954     1.389148114     0.000502878
     7.190000000     0.372529164     1.396339732     0.000436052
     7.200000000     0.407277789     1.403186637     0.000379810
     7.210000000     0.443413679     1.409556533     0.000332716
     7.220000000     0.480731288     1.415286495     0.000293493
     7.230000000     0.518990205     1.420179038     0.000261013
     7.240000000     0.557916538     1.423998191     0.000234287
     7.250000000     0.597205202     1.426465866     0.000212447
     7.260000000     0.636523113     1.427259073     0.000194741
     7.270000000     0.675513270     1.426008834     0.000180516
     7.280000000     0.713799676     1.422302001     0.000169209
     7.290000000     0.750993023     1.415687574     0.000160337
     7.300000000     0.786697027     1.405689410     0.000153484
     7.310000000     0.820515278     1.391827318     0.000148295
     7.320000000     0.852058444     1.373648252     0.000144467
     7.330000000     0.880951657     1.350768304     0.000141740
     7.340000000     0.906841875     1.322924368     0.000139892
     7.350000000     0.929405029     1.290031476     0.000138733
     7.360000000     0.948352749     1.252238365     0.000138100
     7.370000000     0.963438473     1.209970635     0.000137853
     7.380000000     0.974462766     1.163949323     0.000137870
     7.390000000     0.981277678     1.115174418     0.000138048
     7.400000000     0.983790022     1.064868452     0.000138296
     7.410000000     0.981963451     1.014384179     0.000138536
     7.420000000     0.975819298     0.965089693     0.000138701
     7.430000000     0.965436122     0.918250846     0.000138735
     7.440000000     0.950947997     0.874931589     0.000138586
     7.450000000     0.932541587     0.835927673     0.000138216
     7.460000000     0.910452100     0.801740184     0.000137589
     7.470000000     0.884958237     0.772586085     0.000136679
     7.480000000     0.856376302     0.748436326     0.000135467
     7.490000000     0.825053632     0.729069437     0.000133938
     7.500000000     0.791361551     0.714129330     0.000132083
     7.510000000     0.755688040     0.703178978     0.000129902
     7.520000000     0.718430323     0.695745117     0.000127396
     7.530000000     0.679987578     0.691352170     0.000124574
     7.540000000     0.640753935     0.689545723     0.000121449
     7.550000000     0.601111955     0.689907055     0.000118036
     7.560000000     0.561426706     0.692060695     0.000114358
     7.570000000     0.522040580     0.695676938     0.000110437
     7.580000000     0.483268911     0.700470997     0.000106301
     7.590000000     0.445396485     0.706200114     0.000101978
     7.600000000     0.408674942     0.712659582     0.000097501
     7.610000000     0.373321086     0.719678337     0.000092899
     7.620000000     0.339516066     0.727114550     0.000088207
     7.630000000     0.307405388     0.734851462     0.000083457
     7.640000000     0.277099675     0.742793590     0.000078682
     7.650000000     0.248676093     0.750863371     0.000073913
     7.660000000     0.222180343     0.758998225     0.000069181
     7.670000000     0.197629119     0.767148049     0.000064514
     7.680000000     0.175012908     0.775273069     0.000059939
     7.690000000     0.154299045     0.783342036     0.000055481
     7.700000000     0.135434900     0.791330716     0.000051161
     7.710000000     0.118351113     0.799220619     0.000046999
     7.720000000     0.102964788     0.806997957     0.000043010
     7.730000000     0.089182571     0.814652764     0.000039208
     7.740000000     0.076903551     0.822178185     0.000035604
     7.750000000     0.066021933     0.829569878     0.000032205
     7.760000000     0.056429453     0.836825527     0.000029016
     7.770000000     0.048017499     0.843944440     0.000026039
     7.780000000     0.040678947     0.850927220     0.000023275
     7.790000000     0.034309685     0.857775496     0.000020722
     7.800000000     0.028809852     0.864491703     0.000018374
     7.810000000     0.024084802     0.871078896     0.000016227
     7.820000000     0.020045797     0.877540613     0.000014272
     7.830000000     0.016610485     0.883880746     0.000012502
     7.840000000     0.013703156     0.890103451     0.000010906
     7.850000000     0.011254826     0.896213066     0.000009475
     7.860000000     0.009203171     0.902214050     0.000008198
     7.870000000     0.007492340     0.908110930     0.000007064
     7.880000000     0.006072667     0.913908266     0.000006061
     7.890000000     0.004900320     0.919610616     0.000005179
     7.900000000     0.003936892     0.925222509     0.000004407
     7.910000000     0.003148965     0.930748432     0.000003734
     7.920000000     0.002507665     0.936192812     0.000003150
     7.930000000     0.001988205     0.941560007     0.000002647
     7.940000000     0.001569448     0.946854299     0.000002214
     7.950000000     0.001233485     0.952079887     0.000001845
     7.960000000     0.000965237     0.957240888     0.000001530
     7.970000000     0.000752087     0.962341334     0.000001264
     7.980000000     0.000583545     0.967385172     0.000001040
     7.990000000     0.000450940     0.972376268     0.000000851
     8.000000000     0.000347157     0.977318407     0.000000694
     8.010000000     0.000266390     0.982215298     0.000000564
     8.020000000     0.000203939     0.987070576     0.000000456
     8.030000000     0.000156026     0.991887807     0.000000367
     8.040000000     0.000119648     0.996670494     0.000000295
     8.050000000     0.000092444     1.001422078     0.000000236
     8.060000000     0.000072592     1.006145947     0.000000188
     8.070000000     0.000058720     1.010845439     0.000000149
     8.080000000     0.000049842     1.015523848     0.000000119
     8.090000000     0.000045304     1.020184427     0.000000095
     8.100000000     0.000044753     1.024830397     0.000000076
     8.110000000     0.000048112     1.029464948     0.000000062
     8.120000000     0.000055576     1.034091249     0.000000052
     8.130000000     0.000067616     1.038712449     0.000000045
     8.140000000     0.000084998     1.043331683     0.000000041
     8.150000000     0.000108815     1.047952080     0.000000040
     8.160000000     0.000140535     1.052576763     0.000000042
     8.170000000     0.000182054     1.057208857     0.000000047
     8.180000000     0.000235780     1.061851492     0.000000055
     8.190000000     0.000304715     1.066507811     0.000000066
     8.200000000     0.000392563     1.071180966     0.000000083
     8.210000000     0.000503858     1.075874131     0.000000104
     8.220000000     0.000644100     1.080590497     0.000000131
     8.230000000     0.000819921     1.085333281     0.000000166
     8.240000000     0.001039255     1.090105724     0.000000211
     8.250000000     0.001311544     1.094911095     0.000000266
     8.260000000     0.001647941     1.099752689     0.000000335
     8.270000000     0.002061542     1.104633827     0.000000420
     8.280000000     0.002567622     1.109557855     0.000000525
     8.290000000     0.003183880     1.114528140     0.000000653
     8.300000000     0.003930684     1.119548061     0.000000809
     8.310000000     0.004831310     1.124621006     0.000000998
     8.320000000     0.005912173     1.129750356     0.000001226
     8.330000000     0.007203022     1.134939472     0.000001499
     8.340000000     0.008737114     1.140191673     0.000001825
     8.350000000     0.010551327     1.145510216     0.000002213
     8.360000000     0.012686220     1.150898259     0.000002671
     8.370000000     0.015186010     1.156358824     0.000003210
     8.380000000     0.018098463     1.161894748     0.000003842
     8.390000000     0.021474673     1.167508618     0.000004577
     8.400000000     0.025368720     1.173202698     0.000005430
     8.410000000     0.029837190     1.178978838     0.000006414
     8.420000000     0.034938557     1.184838351     0.000007543
     8.430000000     0.040732398     1.190781880     0.000008832
     8.440000000     0.047278451     1.196809222     0.000010297
     8.450000000     0.054635516     1.202919118     0.000011953
     8.460000000     0.062860190     1.209108998     0.000013816
     8.470000000     0.072005467     1.215374666     0.000015900
     8.480000000     0.082119197     1.221709924     0.000018219
     8.490000000     0.093242446     1.228106109     0.000020786
     8.500000000     0.105407781     1.234551542     0.000023613
     8.510000000     0.118637517     1.241030853     0.000026710
     8.520000000     0.132941965     1.247524181     0.000030082
     8.530000000     0.148317751     1.254006216     0.000033734
     8.540000000     0.164746225     1.260445052     0.000037669
     8.550000000     0.182192058     1.266800855     0.000041882
     8.560000000     0.200602049     1.273024299     0.000046367
     8.570000000     0.219904219     1.279054773     0.000051114
     8.580000000     0.240007253     1.284818369     0.000056108
     8.590000000     0.260800313     1.290225673     0.000061329
     8.600000000     0.282153291     1.295169436     0.000066752
     8.610000000     0.303917520     1.299522270     0.000072350
     8.620000000     0.325926970     1.303134578     0.000078088
     8.630000000     0.347999921     1.305833084     0.000083930
     8.640000000     0.369941130     1.307420436     0.000089835
     8.650000000     0.391544442     1.307676576     0.000095758
     8.660000000     0.412595822     1.306362687     0.000101654
     8.670000000     0.432876745     1.303228691     0.000107474
     8.680000000     0.452167872     1.298025224     0.000113168
     8.690000000     0.470252937     1.290520743     0.000118688
     8.700000000     0.486922737     1.280523818     0.000123986
     8.710000000     0.501979141     1.267909556     0.000129014
     8.720000000     0.515238995     1.252647678     0.000133729
     8.730000000     0.526537824     1.234828183     0.000138090
     8.740000000     0.535733224     1.214679393     0.000142062
     8.750000000     0.542707853     1.192573085     0.000145614
     8.760000000     0.547371922     1.169012922     0.000148721
     8.770000000     0.549665119     1.144605503     0.000151365
     8.780000000     0.549557907     1.120017194     0.000153534
     8.790000000     0.547052159     1.095923293     0.000155223
     8.800000000     0.542181107     1.072957669     0.000156433
     8.810000000     0.535008612     1.051670301     0.000157172
     8.820000000     0.525627769     1.032497697     0.000157456
     8.830000000     0.514158901     1.015748020     0.000157304
     8.840000000     0.500746995     1.001600014     0.000156741
     8.850000000     0.485558657     0.990113048     0.000155797
     8.860000000     0.468778681     0.981244810     0.000154504
     8.870000000     0.450606323     0.974873150     0.000152899
     8.880000000     0.431251396     0.970818968     0.000151017
     8.890000000     0.410930277     0.968867754     0.000148896
     8.900000000     0.389861955     0.968788165     0.000146573
     8.910000000     0.368264194     0.970346827     0.000144083
     8.920000000     0.346349932     0.973319184     0.000141459
     8.930000000     0.324323972     0.977496722     0.000138732
     8.940000000     0.302380053     0.982691143     0.000135927
     8.950000000     0.280698343     0.988736170     0.000133069
     8.960000000     0.259443403     0.995487664     0.000130175
     8.970000000     0.238762638     1.002822602     0.000127260
     8.980000000     0.218785245     1.010637406     0.000124335
     8.990000000     0.199621659     1.018845924     0.000121405
     9.000000000     0.181363464     1.027377329     0.000118473
     9.010000000     0.164083755     1.036174064     0.000115538
     9.020000000     0.147837903     1.045189938     0.000112597
     9.030000000     0.132664679     1.054388402     0.000109645
     9.040000000     0.118587685     1.063741041     0.000106674
     9.050000000     0.105617052     1.073226259     0.000103677
     9.060000000     0.093751328     1.082828155     0.000100646
     9.070000000     0.082979536     1.092535572     0.000097573
     9.080000000     0.073283322     1.102341290     0.000094453
     9.090000000     0.064639172     1.112241356     0.000091281
     9.100000000     0.057020651     1.122234519     0.000088055
     9.110000000     0.050400617     1.132321763     0.000084774
     9.120000000     0.044753403     1.142505918     0.000081440
     9.130000000     0.040056921     1.152791342     0.000078060
     9.140000000     0.036294673     1.163183645     0.000074639
     9.150000000     0.033457658     1.173689474     0.000071190
     9.160000000     0.031546145     1.184316315     0.000067724
     9.170000000     0.030571300     1.195072330     0.000064257
     9.180000000     0.030556659     1.205966213     0.000060805
     9.190000000     0.031539408     1.217007048     0.000057389
     9.200000000     0.033571474     1.228204188     0.000054026
     9.210000000     0.036720378     1.239567120     0.000050738
     9.220000000     0.041069838     1.251105331     0.000047547
     9.230000000     0.046720076     1.262828164     0.000044473
     9.240000000     0.053787807     1.274744654     0.000041537
     9.250000000     0.062405855     1.286863336     0.000038760
     9.260000000     0.072722366     1.299192032     0.000036161
     9.270000000     0.084899569     1.311737582     0.000033758
     9.280000000     0.099112054     1.324505531     0.000031570
     9.290000000     0.115544524     1.337499756     0.000029611
     9.300000000     0.134388999     1.350721999     0.000027894
     9.310000000     0.155841456     1.364171316     0.000026433
     9.320000000     0.180097896     1.377843398     0.000025238
     9.330000000     0.207349862     1.391729749     0.000024317
     9.340000000     0.237779434     1.405816687     0.000023676
     9.350000000     0.271553751     1.420084132     0.000023320
     9.360000000     0.308819153     1.434504135     0.000023252
     9.370000000     0.349695033     1.449039102     0.000023473
     9.380000000     0.394267526     1.463639642     0.000023980
     9.390000000     0.442583196     1.478241987     0.000024772
     9.400000000     0.494642878     1.492764891     0.000025842
     9.410000000     0.550395874     1.507105942     0.000027183
     9.420000000     0.609734690     1.521137181     0.000028786
     9.430000000     0.672490544     1.534699977     0.000030640
     9.440000000     0.738429819     1.547599071     0.000032731
     9.450000000     0.807251693     1.559595770     0.000035044
     9.460000000     0.878587095     1.570400353     0.000037563
     9.470000000     0.951999175     1.579663818     0.000040268
     9.480000000     1.026985385     1.586969318     0.000043138
     9.490000000     1.102981263     1.591823877     0.000046154
     9.500000000     1.179365965     1.593651337     0.000049290
     9.510000000     1.255469503     1.591787989     0.000052523
     9.520000000     1.330581640     1.585482944     0.000055829
     9.530000000     1.403962284     1.573905978     0.000059182
     9.540000000     1.474853214     1.556166260     0.000062556
     9.550000000     1.542490877     1.531345734     0.000065927
     9.560000000     1.606119974     1.498550759     0.000069271
     9.570000000     1.665007498     1.456984297     0.000072563
     9.580000000     1.718456868     1.406038127     0.000075781
     9.590000000     1.765821769     1.345399807     0.000078905
     9.600000000     1.806519321     1.275162880     0.000081914
     9.610000000     1.840042199     1.195922131     0.000084793
     9.620000000     1.865969345     1.108831179     0.000087525
     9.630000000     1.883974953     1.015600065     0.000090099
     9.640000000     1.893835459     0.918418227     0.000092502
     9.650000000     1.895434324     0.819803170     0.000094728
     9.660000000     1.888764455     0.722393449     0.000096769
     9.670000000     1.873928201     0.628720110     0.000098620
     9.680000000     1.851134924     0.540997013     0.000100280
     9.690000000     1.820696211     0.460964917     0.000101746
     9.700000000     1.783018896     0.389809191     0.000103018
     9.710000000     1.738596093     0.328152621     0.000104096
     9.720000000     1.687996522     0.276109500     0.000104983
     9.730000000     1.631852447     0.233378994     0.000105679
     9.740000000     1.570846579     0.199354889     0.000106185
     9.750000000     1.505698330     0.173233204     0.000106503
     9.760000000     1.437149796     0.154105758     0.000106633
     9.770000000     1.365951847     0.141034105     0.000106576
     9.780000000     1.292850687     0.133103156     0.000106332
     9.790000000     1.218575214     0.129456713     0.000105900
     9.800000000     1.143825460     0.129318549     0.000105278
     9.810000000     1.069262359     0.132002825     0.000104466
     9.820000000     0.995499011     0.136917218     0.000103462
     9.830000000     0.923093595     0.143561313     0.000102264
     9.840000000     0.852543969     0.151522021     0.000100871
     9.850000000     0.784283994     0.160466988     0.000099284
     9.860000000     0.718681526     0.170136485     0.000097502
     9.870000000     0.656037994     0.180333959     0.000095528
     9.880000000     0.596589439     0.190915480     0.000093364
     9.890000000     0.540508840     0.201778536     0.000091017
     9.900000000     0.487909564     0.212850899     0.000088493
     9.910000000     0.438849718     0.224080440     0.000085800
     9.920000000     0.393337212     0.235426688     0.000082951
     9.930000000     0.351335315     0.246854657     0.000079958
     9.940000000     0.312768516     0.258331006     0.000076836
     9.950000000     0.277528499     0.269822235     0.000073601
     9.960000000     0.245480062     0.281294409     0.000070273
     9.970000000     0.216466852     0.292713771     0.000066869
     9.980000000     0.190316771     0.304047760     0.000063412
     9.990000000     0.166846983     0.315266032     0.000059922
    10.000000000     0.145868432     0.326341277     0.000056421
    10.010000000     0.127189836     0.337249742     0.000052929
    10.020000000     0.110621134     0.347971470     0.000049469
    10.030000000     0.095976376     0.358490288     0.000046060
    10.040000000     0.083076069     0.368793612     0.000042720
    10.050000000     0.071749016     0.378872151     0.000039469
    10.060000000     0.061833675     0.388719529     0.000036321
    10.070000000     0.053179089     0.398331907     0.000033291
    10.080000000     0.045645437     0.407707593     0.000030390
    10.090000000     0.039104262     0.416846689     0.000027630
    10.100000000     0.033438420     0.425750767     0.000025017
    10.110000000     0.028541820     0.434422582     0.000022558
    10.120000000     0.024318981     0.442865829     0.000020256
    10.130000000     0.020684469     0.451084929     0.000018113
    10.140000000     0.017562239     0.459084854     0.000016128
    10.150000000     0.014884935     0.466870980     0.000014300
    10.160000000     0.012593151     0.474448960     0.000012625
    10.170000000     0.010634699     0.481824635     0.000011099
    10.180000000     0.008963895     0.489003940     0.000009716
    10.190000000     0.007540868     0.495992852     0.000008468
    10.200000000     0.006330919     0.502797327     0.000007349
    10.210000000     0.005303917     0.509423265     0.000006350
    10.220000000     0.004433755     0.515876479     0.000005463
    10.230000000     0.003697852     0.522162666     0.000004680
    10.240000000     0.003076707     0.528287392     0.000003991
    10.250000000     0.002553499     0.534256078     0.000003389
    10.260000000     0.002113743     0.540073987     0.000002866
    10.270000000     0.001744973     0.545746224     0.000002412
    10.280000000     0.001436479     0.551277728     0.000002022
    10.290000000     0.001179067     0.556673271     0.000001687
    10.300000000     0.000964854     0.561937460     0.000001401
    10.310000000     0.000787092     0.567074736     0.000001159
    10.320000000     0.000640013     0.572089378     0.000000955
    10.330000000     0.000518695     0.576985506     0.000000783
    10.340000000     0.000418945     0.581767084     0.000000639
    10.350000000     0.000337201     0.586437926     0.000000520
    10.360000000     0.000270442     0.591001699     0.000000421
    10.370000000     0.000216113     0.595461928     0.000000340
    10.380000000     0.000172059     0.599822001     0.000000274
    10.390000000     0.000136471     0.604085175     0.000000220
    10.400000000     0.000107831     0.608254579     0.000000176
    10.410000000     0.000084872     0.612333219     0.000000142
    10.420000000     0.000066539     0.616323986     0.000000115
    10.430000000     0.000051960     0.620229657     0.000000094
    10.440000000     0.000040412     0.624052901     0.000000079
    10.450000000     0.000031305     0.627796282     0.000000069
    10.460000000     0.000024151     0.631462269     0.000000063
    10.470000000     0.000018556     0.635053231     0.000000061
    10.480000000     0.000014200     0.638571448     0.000000063
    10.490000000     0.000010822     0.642019115     0.000000069
    10.500000000     0.000008215     0.645398341     0.000000079
    10.510000000     0.000006212     0.648711155     0.000000094
    10.520000000     0.000004680     0.651959510     0.000000114
    10.530000000     0.000003515     0.655145288     0.000000141
    10.540000000     0.000002633     0.658270298     0.000000175
    10.550000000     0.000001970     0.661336284     0.000000218
    10.560000000     0.000001474     0.664344924     0.000000272
    10.570000000     0.000001108     0.667297838     0.000000338
    10.580000000     0.000000840     0.670196583     0.000000419
    10.590000000     0.000000647     0.673042663     0.000000517
    10.600000000     0.000000512     0.675837526     0.000000635
    10.610000000     0.000000422     0.678582571     0.000000778
    10.620000000     0.000000367     0.681279145     0.000000948
    10.630000000     0.000000339     0.683928549     0.000001151
    10.640000000     0.000000335     0.686532037     0.000001391
    10.650000000     0.000000349     0.689090823     0.000001674
    10.660000000     0.000000380     0.691606076     0.000002006
    10.670000000     0.000000426     0.694078925     0.000002392
    10.680000000     0.000000487     0.696510464     0.000002841
    10.690000000     0.000000563     0.698901747     0.000003358
    10.700000000     0.000000653     0.701253793     0.000003952
    10.710000000     0.000000759     0.703567589     0.000004631
    10.720000000     0.000000881     0.705844088     0.000005402
    10.730000000     0.000001020     0.708084212     0.000006273
    10.740000000     0.000001177     0.710288853     0.000007253
    10.750000000     0.000001353     0.712458875     0.000008348
    10.760000000     0.000001550     0.714595112     0.000009567
    10.770000000     0.000001767     0.716698375     0.000010914
    10.780000000     0.000002007     0.718769446     0.000012397
    10.790000000     0.000002269     0.720809084     0.000014018
    10.800000000     0.000002554     0.722818024     0.000015781
    10.810000000     0.000002863     0.724796979     0.000017686
    10.820000000     0.000003194     0.726746637     0.000019734
    10.830000000     0.000003548     0.728667669     0.000021922
    10.840000000     0.000003924     0.730560723     0.000024244
    10.850000000     0.000004320     0.732426427     0.000026693
    10.860000000     0.000004736     0.734265391     0.000029259
    10.870000000     0.000005168     0.736078207     0.000031930
    10.880000000     0.000005615     0.737865448     0.000034690
    10.890000000     0.000006073     0.739627670     0.000037521
    10.900000000     0.000006539     0.741365412     0.000040403
    10.910000000     0.000007011     0.743079200     0.000043314
    10.920000000     0.000007482     0.744769539     0.000046228
    10.930000000     0.000007950     0.746436924     0.000049120
    10.940000000     0.000008410     0.748081832     0.000051962
    10.950000000     0.000008857     0.749704727     0.000054724
    10.960000000     0.000009287     0.751306060     0.000057377
    10.970000000     0.000009694     0.752886270     0.000059892
    10.980000000     0.000010074     0.754445782     0.000062240
    10.990000000     0.000010422     0.755985012     0.000064393
    11.000000000     0.000010735     0.757504365     0.000066326
    11.010000000     0.000011008     0.759004237     0.000068013
    11.020000000     0.000011238     0.760485017     0.000069434
    11.030000000     0.000011422     0.761947086     0.000070571
    11.040000000     0.000011558     0.763390820     0.000071408
    11.050000000     0.000011643     0.764816586     0.000071934
    11.060000000     0.000011677     0.766224747     0.000072143
    11.070000000     0.000011659     0.767615659     0.000072032
    11.080000000     0.000011589     0.768989666     0.000071602
    11.090000000     0.000011469     0.770347105     0.000070858
    11.100000000     0.000011299     0.771688304     0.000069812
    11.110000000     0.000011083     0.773013575     0.000068476
    11.120000000     0.000010823     0.774323224     0.000066868
    11.130000000     0.000010522     0.775617543     0.000065008
    11.140000000     0.000010184     0.776896815     0.000062919
    11.150000000     0.000009813     0.778161314     0.000060628
    11.160000000     0.000009414     0.779411304     0.000058161
    11.170000000     0.000008990     0.780647045     0.000055547
    11.180000000     0.000008548     0.781868785     0.000052815
    11.190000000     0.000008092     0.783076771     0.000049995
    11.200000000     0.000007626     0.784271241     0.000047115
    11.210000000     0.000007155     0.785452429     0.000044204
    11.220000000     0.000006683     0.786620563     0.000041290
    11.230000000     0.000006215     0.787775867     0.000038396
    11.240000000     0.000005754     0.788918560     0.000035547
    11.250000000     0.000005303     0.790048856     0.000032764
    11.260000000     0.000004866     0.791166966     0.000030064
    11.270000000     0.000004445     0.792273093     0.000027465
    11.280000000     0.000004043     0.793367440     0.000024979
    11.290000000     0.000003661     0.794450204     0.000022617
    11.300000000     0.000003301     0.795521575     0.000020388
    11.310000000     0.000002962     0.796581745     0.000018297
    11.320000000     0.000002647     0.797630895     0.000016348
    11.330000000     0.000002356     0.798669209     0.000014541
    11.340000000     0.000002087     0.799696861     0.000012877
    11.350000000     0.000001841     0.800714026     0.000011353
    11.360000000     0.000001618     0.801720872     0.000009965
    11.370000000     0.000001417     0.802717566     0.000008708
    11.380000000     0.000001237     0.803704270     0.000007576
    11.390000000     0.000001076     0.804681144     0.000006562
    11.400000000     0.000000935     0.805648342     0.000005659
    11.410000000     0.000000813     0.806606018     0.000004858
    11.420000000     0.000000708     0.807554321     0.000004153
    11.430000000     0.000000620     0.808493398     0.000003535
    11.440000000     0.000000549     0.809423391     0.000002997
    11.450000000     0.000000494     0.810344443     0.000002530
    11.460000000     0.000000456     0.811256690     0.000002128
    11.470000000     0.000000437     0.812160268     0.000001784
    11.480000000     0.000000436     0.813055309     0.000001492
    11.490000000     0.000000455     0.813941944     0.000001245
    11.500000000     0.000000499     0.814820299     0.000001039
    11.510000000     0.000000569     0.815690499     0.000000868
    11.520000000     0.000000671     0.816552668     0.000000730
    11.530000000     0.000000811     0.817406925     0.000000619
    11.540000000     0.000000995     0.818253389     0.000000534
    11.550000000     0.000001234     0.819092175     0.000000473
    11.560000000     0.000001537     0.819923398     0.000000432
    11.570000000     0.000001919     0.820747168     0.000000412
    11.580000000     0.000002394     0.821563595     0.000000411
    11.590000000     0.000002982     0.822372787     0.000000431
    11.600000000     0.000003703     0.823174850     0.000000470
    11.610000000     0.000004584     0.823969887     0.000000530
    11.620000000     0.000005652     0.824758000     0.000000614
    11.630000000     0.000006942     0.825539289     0.000000723
    11.640000000     0.000008490     0.826313853     0.000000860
    11.650000000     0.000010339     0.827081787     0.000001028
    11.660000000     0.000012536     0.827843187     0.000001233
    11.670000000     0.000015134     0.828598145     0.000001477
    11.680000000     0.000018190     0.829346753     0.000001767
    11.690000000     0.000021767     0.830089099     0.000002108
    11.700000000     0.000025932     0.830825272     0.000002507
    11.710000000     0.000030758     0.831555356     0.000002970
    11.720000000     0.000036320     0.832279435     0.000003504
    11.730000000     0.000042697     0.832997592     0.000004117
    11.740000000     0.000049973     0.833709904     0.000004817
    11.750000000     0.000058228     0.834416449     0.000005612
    11.760000000     0.000067547     0.835117301     0.000006509
    11.770000000     0.000078009     0.835812531     0.000007517
    11.780000000     0.000089693     0.836502209     0.000008643
    11.790000000     0.000102669     0.837186398     0.000009893
    11.800000000     0.000117002     0.837865159     0.000011273
    11.810000000     0.000132744     0.838538548     0.000012790
    11.820000000     0.000149936     0.839206614     0.000014446
    11.830000000     0.000168603     0.839869402     0.000016245
    11.840000000     0.000188754     0.840526947     0.000018186
    11.850000000     0.000210377     0.841179277     0.000020270
    11.860000000     0.000233436     0.841826408     0.000022491
    11.870000000     0.000257875     0.842468344     0.000024846
    11.880000000     0.000283609     0.843105075     0.000027325
    11.890000000     0.000310527     0.843736572     0.000029919
    11.900000000     0.000338493     0.844362789     0.000032614
    11.910000000     0.000367341     0.844983652     0.000035393
    11.920000000     0.000396879     0.845599065     0.000038239
    11.930000000     0.000426892     0.846208900     0.000041131
    11.940000000     0.000457137     0.846812994     0.000044045
    11.950000000     0.000487355     0.847411153     0.000046956
    11.960000000     0.000517266     0.848003144     0.000049838
    11.970000000     0.000546579     0.848588700     0.000052662
    11.980000000     0.000574991     0.849167527     0.000055400
    11.990000000     0.000602198     0.849739314     0.000058021
    12.000000000     0.000627895     0.850303749     0.000060497
    12.010000000     0.000651785     0.850860547     0.000062799
    12.020000000     0.000673584     0.851409484     0.000064899
    12.030000000     0.000693026     0.851950433     0.000066772
    12.040000000     0.000709866     0.852483417     0.000068395
    12.050000000     0.000723891     0.853008641     0.000069746
    12.060000000     0.000734920     0.853526527     0.000070809
    12.070000000     0.000742808     0.854037722     0.000071569
    12.080000000     0.000747451     0.854543077     0.000072016
    12.090000000     0.000748788     0.855043598     0.000072145
    12.100000000     0.000746801     0.855540372     0.000071954
    12.110000000     0.000741516     0.856034476     0.000071444
    12.120000000     0.000733003     0.856526889     0.000070624
    12.130000000     0.000721375     0.857018421     0.000069504
    12.140000000     0.000706784     0.857509672     0.000068098
    12.150000000     0.000689416     0.858001012     0.000066425
    12.160000000     0.000669493     0.858492602     0.000064505
    12.170000000     0.000647263     0.858984422     0.000062363
    12.180000000     0.000622996     0.859476314     0.000060025
    12.190000000     0.000596979     0.859968026     0.000057518
    12.200000000     0.000569512     0.860459253     0.000054872
    12.210000000     0.000540900     0.860949667     0.000052115
    12.220000000     0.000511447     0.861438944     0.000049277
    12.230000000     0.000481453     0.861926778     0.000046388
    12.240000000     0.000451208     0.862412889     0.000043474
    12.250000000     0.000420988     0.862897033     0.000040562
    12.260000000     0.000391050     0.863379000     0.000037677
    12.270000000     0.000361630     0.863858613     0.000034843
    12.280000000     0.000332941     0.864335726     0.000032079
    12.290000000     0.000305168     0.864810221     0.000029403
    12.300000000     0.000278472     0.865282005     0.000026831
    12.310000000     0.000252984     0.865751005     0.000024375
    12.320000000     0.000228810     0.866217169     0.000022046
    12.330000000     0.000206028     0.866680456     0.000019851
    12.340000000     0.000184692     0.867140842     0.000017795
    12.350000000     0.000164831     0.867598310     0.000015881
    12.360000000     0.000146453     0.868052854     0.000014111
    12.370000000     0.000129548     0.868504474     0.000012482
    12.380000000     0.000114085     0.868953177     0.000010992
    12.390000000     0.000100023     0.869398973     0.000009637
    12.400000000     0.000087305     0.869841877     0.000008412
    12.410000000     0.000075866     0.870281906     0.000007310
    12.420000000     0.000065634     0.870719082     0.000006324
    12.430000000     0.000056530     0.871153425     0.000005447
    12.440000000     0.000048473     0.871584959     0.000004670
    12.450000000     0.000041380     0.872013708     0.000003987
    12.460000000     0.000035168     0.872439699     0.000003388
    12.470000000     0.000029756     0.872862956     0.000002867
    12.480000000     0.000025065     0.873283506     0.000002415
    12.490000000     0.000021020     0.873701375     0.000002025
    12.500000000     0.000017550     0.874116591     0.000001691
    12.510000000     0.000014588     0.874529179     0.000001406
    12.520000000     0.000012072     0.874939166     0.000001163
    12.530000000     0.000009945     0.875346579     0.000000958
    12.540000000     0.000008157     0.875751443     0.000000786
    12.550000000     0.000006661     0.876153786     0.000000642
    12.560000000     0.000005415     0.876553631     0.000000522
    12.570000000     0.000004382     0.876951005     0.000000422
    12.580000000     0.000003531     0.877345934     0.000000340
    12.590000000     0.000002832     0.877738440     0.000000273
    12.600000000     0.000002262     0.878128550     0.000000218
    12.610000000     0.000001798     0.878516288     0.000000173
    12.620000000     0.000001424     0.878901676     0.000000137
    12.630000000     0.000001122     0.879284738     0.000000108
    12.640000000     0.000000880     0.879665499     0.000000085
    12.650000000     0.000000687     0.880043979     0.000000066
    12.660000000     0.000000535     0.880420202     0.000000052
    12.670000000     0.000000414     0.880794190     0.000000040
    12.680000000     0.000000319     0.881165965     0.000000031
    12.690000000     0.000000245     0.881535548     0.000000024
    12.700000000     0.000000187     0.881902959     0.000000018
    12.710000000     0.000000142     0.882268221     0.000000014
    12.720000000     0.000000108     0.882631353     0.000000010
    12.730000000     0.000000081     0.882992375     0.000000008
    12.740000000     0.000000061     0.883351309     0.000000006
    12.750000000     0.000000045     0.883708172     0.000000004
    12.760000000     0.000000034     0.884062985     0.000000003
    12.770000000     0.000000025     0.884415766     0.000000002
    12.780000000     0.000000018     0.884766534     0.000000002
    12.790000000     0.000000014     0.885115308     0.000000001
    12.800000000     0.000000010     0.885462107     0.000000001
    12.810000000     0.000000007     0.885806947     0.000000001
    12.820000000     0.000000005     0.886149847     0.000000001
    12.830000000     0.000000004     0.886490824     0.000000000
    12.840000000     0.000000003     0.886829896     0.000000000
    12.850000000     0.000000002     0.887167079     0.000000000
    12.860000000     0.000000001     0.887502391     0.000000000
    12.870000000     0.000000001     0.887835847     0.000000000
    12.880000000     0.000000001     0.888167465     0.000000000
    12.890000000     0.000000000     0.888497260     0.000000000
    12.900000000     0.000000000     0.888825248     0.000000000
    12.910000000     0.000000000     0.889151445     0.000000000
    12.920000000     0.000000000     0.889475867     0.000000000
    12.930000000     0.000000000     0.889798529     0.000000000
    12.940000000     0.000000000     0.890119445     0.000000000
    12.950000000     0.000000000     0.890438632     0.000000000
    12.960000000     0.000000000     0.890756102     0.000000000
    12.970000000     0.000000000     0.891071872     0.000000000
    12.980000000     0.000000000     0.891385956     0.000000000
    12.990000000     0.000000000     0.891698367     0.000000000
    13.000000000     0.000000000     0.892009120     0.000000000
    13.010000000     0.000000000     0.892318228     0.000000000
    13.020000000     0.000000000     0.892625705     0.000000000
    13.030000000     0.000000000     0.892931565     0.000000000
    13.040000000     0.000000000     0.893235822     0.000000000
    13.050000000     0.000000000     0.893538487     0.000000000
    13.060000000     0.000000000     0.893839574     0.000000000
    13.070000000     0.000000000     0.894139097     0.000000000
    13.080000000     0.000000000     0.894437067     0.000000000
    13.090000000     0.000000000     0.894733498     0.000000000
    13.100000000     0.000000000     0.895028402     0.000000000
    13.110000000     0.000000000     0.895321791     0.000000000
    13.120000000     0.000000000     0.895613676     0.000000000
    13.130000000     0.000000000     0.895904072     0.000000000
    13.140000000     0.000000000     0.896192988     0.000000000
    13.150000000     0.000000000     0.896480437     0.000000000
    13.160000000     0.000000000     0.896766430     0.000000000
    13.170000000     0.000000000     0.897050980     0.000000000
    13.180000000     0.000000000     0.897334096     0.000000000
    13.190000000     0.000000000     0.897615791     0.000000000
    13.200000000     0.000000000     0.897896075     0.000000000
    13.210000000     0.000000000     0.898174960     0.000000000
    13.220000000     0.000000000     0.898452456     0.000000000
    13.230000000     0.000000000     0.898728575     0.000000000
    13.240000000     0.000000000     0.899003325     0.000000000
    13.250000000     0.000000000     0.899276719     0.000000000
    13.260000000     0.000000000     0.899548766     0.000000000
    13.270000000     0.000000000     0.899819478     0.000000000
    13.280000000     0.000000000     0.900088863     0.000000000
    13.290000000     0.000000000     0.900356931     0.000000000
    13.300000000     0.000000000     0.900623694     0.000000000
    13.310000000     0.000000000     0.900889161     0.000000000
    13.320000000     0.000000000     0.901153341     0.000000000
    13.330000000     0.000000000     0.901416244     0.000000000
    13.340000000     0.000000000     0.901677879     0.000000000
    13.350000000     0.000000000     0.901938257     0.000000000
    13.360000000     0.000000000     0.902197385     0.000000000
    13.370000000     0.000000000     0.902455275     0.000000000
    13.380000000     0.000000000     0.902711934     0.000000000
    13.390000000     0.000000000     0.902967372     0.000000000
    13.400000000     0.000000000     0.903221597     0.000000000
    13.410000000     0.000000000     0.903474619     0.000000000
    13.420000000     0.000000000     0.903726447     0.000000000
    13.430000000     0.000000000     0.903977088     0.000000000
    13.440000000     0.000000000     0.904226552     0.000000000
    13.450000000     0.000000000     0.904474846     0.000000000
    13.460000000     0.000000000     0.904721981     0.000000000
    13.470000000     0.000000000     0.904967963     0.000000000
    13.480000000     0.000000000     0.905212801     0.000000000
    13.490000000     0.000000000     0.905456503     0.000000000
    13.500000000     0.000000000     0.905699078     0.000000000
    13.510000000     0.000000000     0.905940533     0.000000000
    13.520000000     0.000000000     0.906180876     0.000000000
    13.530000000     0.000000000     0.906420116     0.000000000
    13.540000000     0.000000000     0.906658259     0.000000000
    13.550000000     0.000000000     0.906895313     0.000000000
    13.560000000     0.000000000     0.907131287     0.000000000
    13.570000000     0.000000000     0.907366187     0.000000000
    13.580000000     0.000000000     0.907600022     0.000000000
    13.590000000     0.000000000     0.907832798     0.000000000
    13.600000000     0.000000000     0.908064523     0.000000000
    13.610000000     0.000000000     0.908295205     0.000000000
    13.620000000     0.000000000     0.908524849     0.000000000
    13.630000000     0.000000000     0.908753464     0.000000000
    13.640000000     0.000000000     0.908981057     0.000000000
    13.650000000     0.000000000     0.909207634     0.000000000
    13.660000000     0.000000000     0.909433203     0.000000000
    13.670000000     0.000000000     0.909657770     0.000000000
    13.680000000     0.000000000     0.909881341     0.000000000
    13.690000000     0.000000000     0.910103925     0.000000000
    13.700000000     0.000000000     0.910325527     0.000000000
    13.710000000     0.000000000     0.910546154     0.000000000
    13.720000000     0.000000000     0.910765813     0.000000000
    13.730000000     0.000000000     0.910984510     0.000000000
    13.740000000     0.000000000     0.911202252     0.000000000
    13.750000000     0.000000000     0.911419044     0.000000000
    13.760000000     0.000000000     0.911634893     0.000000000
    13.770000000     0.000000000     0.911849806     0.000000000
    13.780000000     0.000000000     0.912063789     0.000000000
    13.790000000     0.000000000     0.912276847     0.000000000
    13.800000000     0.000000000     0.912488987     0.000000000
    13.810000000     0.000000000     0.912700215     0.000000000
    13.820000000     0.000000000     0.912910537     0.000000000
    13.830000000     0.000000000     0.913119958     0.000000000
    13.840000000     0.000000000     0.913328485     0.000000000
    13.850000000     0.000000000     0.913536123     0.000000000
    13.860000000     0.000000000     0.913742879     0.000000000
    13.870000000     0.000000000     0.913948757     0.000000000
    13.880000000     0.000000000     0.914153764     0.000000000
    13.890000000     0.000000000     0.914357905     0.000000000
    13.900000000     0.000000000     0.914561185     0.000000000
    13.910000000     0.000000000     0.914763611     0.000000000
    13.920000000     0.000000000     0.914965187     0.000000000
    13.930000000     0.000000000     0.915165920     0.000000000
    13.940000000     0.000000000     0.915365813     0.000000000
    13.950000000     0.000000000     0.915564874     0.000000000
    13.960000000     0.000000000     0.915763106     0.000000000
    13.970000000     0.000000000     0.915960516     0.000000000
    13.980000000     0.000000000     0.916157108     0.000000000
    13.990000000     0.000000000     0.916352887     0.000000000
    14.000000000     0.000000000     0.916547859     0.000000000
