     0.000000000     0.000000000     4.172561768     0.000000000
     0.010000000     0.000000000     4.172579827     0.000000000
     0.020000000     0.000000000     4.172634006     0.000000000
     0.030000000     0.000000000     4.172724310     0.000000000
     0.040000000     0.000000000     4.172850749     0.000000000
     0.050000000     0.000000000     4.173013335     0.000000000
     0.060000000     0.000000000     4.173212085     0.000000000
     0.070000000     0.000000000     4.173447018     0.000000000
     0.080000000     0.000000000     4.173718158     0.000000000
     0.090000000     0.000000000     4.174025533     0.000000000
     0.100000000     0.000000000     4.174369173     0.000000000
     0.110000000     0.000000000     4.174749113     0.000000000
     0.120000000     0.000000000     4.175165392     0.000000000
     0.130000000     0.000000000     4.175618051     0.000000000
     0.140000000     0.000000000     4.176107135     0.000000000
     0.150000000     0.000000000     4.176632695     0.000000000
     0.160000000     0.000000000     4.177194784     0.000000000
     0.170000000     0.000000000     4.177793459     0.000000000
     0.180000000     0.000000000     4.178428779     0.000000000
     0.190000000     0.000000000     4.179100810     0.000000000
     0.200000000     0.000000000     4.179809621     0.000000000
     0.210000000     0.000000000     4.180555282     0.000000000
     0.220000000     0.000000000     4.181337870     0.000000000
     0.230000000     0.000000000     4.182157466     0.000000000
     0.240000000     0.000000000     4.183014152     0.000000000
     0.250000000     0.000000000     4.183908016     0.000000000
     0.260000000     0.000000000     4.184839151     0.000000000
     0.270000000     0.000000000     4.185807651     0.000000000
     0.280000000     0.000000000     4.186813617     0.000000000
     0.290000000     0.000000000     4.187857151     0.000000000
     0.300000000     0.000000000     4.188938362     0.000000000
     0.310000000     0.000000000     4.190057362     0.000000000
     0.320000000     0.000000000     4.191214267     0.000000000
     0.330000000     0.000000000     4.192409196     0.000000000
     0.340000000     0.000000000     4.193642275     0.000000000
     0.350000000     0.000000000     4.194913632     0.000000000
     0.360000000     0.000000000     4.196223400     0.000000000
     0.370000000     0.000000000     4.197571716     0.000000000
     0.380000000     0.000000000     4.198958722     0.000000000
     0.390000000     0.000000000     4.200384565     0.000000000
     0.400000000     0.000000000     4.201849394     0.000000000
     0.410000000     0.000000000     4.203353366     0.000000000
     0.420000000     0.000000000     4.204896640     0.000000000
     0.430000000     0.000000000     4.206479381     0.000000000
     0.440000000     0.000000000     4.208101757     0.000000000
     0.450000000     0.000000000     4.209763943     0.000000000
     0.460000000     0.000000000     4.211466117     0.000000000
     0.470000000     0.000000000     4.213208463     0.000000000
     0.480000000     0.000000000     4.214991169     0.000000000
     0.490000000     0.000000000     4.216814429     0.000000000
     0.500000000     0.000000000     4.218678442     0.000000000
     0.510000000     0.000000000     4.220583411     0.000000000
     0.520000000     0.000000000     4.222529545     0.000000000
     0.530000000     0.000000000     4.224517058     0.000000000
     0.540000000     0.000000000     4.226546171     0.000000000
     0.550000000     0.000000000     4.228617107     0.000000000
     0.560000000     0.000000000     4.230730098     0.000000000
     0.570000000     0.000000000     4.232885379     0.000000000
     0.580000000     0.000000000     4.235083192     0.000000000
     0.590000000     0.000000000     4.237323785     0.000000000
     0.600000000     0.000000000     4.239607411     0.000000000
     0.610000000     0.000000000     4.241934330     0.000000000
     0.620000000     0.000000000     4.244304806     0.000000000
     0.630000000     0.000000000     4.246719112     0.000000000
     0.640000000     0.000000000     4.249177525     0.000000000
     0.650000000     0.000000000     4.251680328     0.000000000
     0.660000000     0.000000000     4.254227814     0.000000000
     0.670000000     0.000000000     4.256820277     0.000000000
     0.680000000     0.000000000     4.259458024     0.000000000
     0.690000000     0.000000000     4.262141362     0.000000000
     0.700000000     0.000000000     4.264870612     0.000000000
     0.710000000     0.000000000     4.267646096     0.000000000
     0.720000000     0.000000000     4.270468146     0.000000000
     0.730000000     0.000000000     4.273337101     0.000000000
     0.740000000     0.000000000     4.276253308     0.000000000
     0.750000000     0.000000000     4.279217120     0.000000000
     0.760000000     0.000000000     4.282228898     0.000000000
     0.770000000     0.000000000     4.285289013     0.000000000
     0.780000000     0.000000000     4.288397842     0.000000000
     0.790000000     0.000000000     4.291555769     0.000000000
     0.800000000     0.000000000     4.294763190     0.000000000
     0.810000000     0.000000000     4.298020506     0.000000000
     0.820000000     0.000000000     4.301328128     0.000000000
     0.830000000     0.000000000     4.304686476     0.000000000
     0.840000000     0.000000000     4.308095979     0.000000000
     0.850000000     0.000000000     4.311557074     0.000000000
     0.860000000     0.000000000     4.315070209     0.000000000
     0.870000000     0.000000000     4.318635841     0.000000000
     0.880000000     0.000000000     4.322254437     0.000000000
     0.890000000     0.000000000     4.325926472     0.000000000
     0.900000000     0.000000000     4.329652435     0.000000000
     0.910000000     0.000000000     4.333432822     0.000000000
     0.920000000     0.000000000     4.337268140     0.000000000
     0.930000000     0.000000000     4.341158909     0.000000000
     0.940000000     0.000000000     4.345105659     0.000000000
     0.950000000     0.000000000     4.349108931     0.000000000
     0.960000000     0.000000000     4.353169276     0.000000000
     0.970000000     0.000000000     4.357287261     0.000000000
     0.980000000     0.000000000     4.361463462     0.000000000
     0.990000000     0.000000000     4.365698469     0.000000000
     1.000000000     0.000000000     4.369992882     0.000000000
     1.010000000     0.000000000     4.374347318     0.000000000
     1.020000000     0.000000000     4.378762405     0.000000000
     1.030000000     0.000000000     4.383238784     0.000000000
     1.040000000     0.000000000     4.387777112     0.000000000
     1.050000000     0.000000000     4.392378058     0.000000000
     1.060000000     0.000000000     4.397042309     0.000000000
     1.070000000     0.000000000     4.401770564     0.000000000
     1.080000000     0.000000000     4.406563538     0.000000000
     1.090000000     0.000000000     4.411421963     0.000000000
     1.100000000     0.000000000     4.416346585     0.000000000
     1.110000000     0.000000000     4.421338170     0.000000000
     1.120000000     0.000000000     4.426397497     0.000000000
     1.130000000     0.000000000     4.431525366     0.000000000
     1.140000000     0.000000000     4.436722592     0.000000000
     1.150000000     0.000000000     4.441990012     0.000000000
     1.160000000     0.000000000     4.447328477     0.000000000
     1.170000000     0.000000000     4.452738861     0.000000000
     1.180000000     0.000000000     4.458222058     0.000000000
     1.190000000     0.000000000     4.463778979     0.000000000
     1.200000000     0.000000000     4.469410561     0.000000000
     1.210000000     0.000000000     4.475117758     0.000000000
     1.220000000     0.000000000     4.480901548     0.000000000
     1.230000000     0.000000000     4.486762933     0.000000000
     1.240000000     0.000000001     4.492702936     0.000000000
     1.250000000     0.000000001     4.498722606     0.000000000
     1.260000000     0.000000002     4.504823015     0.000000000
     1.270000000     0.000000002     4.511005262     0.000000000
     1.280000000     0.000000003     4.517270472     0.000000000
     1.290000000     0.000000005     4.523619795     0.000000000
     1.300000000     0.000000007     4.530054412     0.000000000
     1.310000000     0.000000010     4.536575531     0.000000000
     1.320000000     0.000000014     4.543184387     0.000000001
     1.330000000     0.000000019     4.549882250     0.000000001
     1.340000000     0.000000028     4.556670416     0.000000001
     1.350000000     0.000000039     4.563550218     0.000000002
     1.360000000     0.000000054     4.570523019     0.000000002
     1.370000000     0.000000076     4.577590217     0.000000003
     1.380000000     0.000000105     4.584753245     0.000000004
     1.390000000     0.000000145     4.592013573     0.000000006
     1.400000000     0.000000200     4.599372707     0.000000008
     1.410000000     0.000000274     4.606832193     0.000000011
     1.420000000     0.000000374     4.614393617     0.000000015
     1.430000000     0.000000507     4.622058603     0.000000020
     1.440000000     0.000000686     4.629828822     0.000000027
     1.450000000     0.000000924     4.637705986     0.000000036
     1.460000000     0.000001239     4.645691852     0.000000048
     1.470000000     0.000001653     4.653788224     0.000000064
     1.480000000     0.000002197     4.661996956     0.000000085
     1.490000000     0.000002906     4.670319950     0.000000113
     1.500000000     0.000003829     4.678759160     0.000000148
     1.510000000     0.000005021     4.687316592     0.000000194
     1.520000000     0.000006557     4.695994309     0.000000253
     1.530000000     0.000008526     4.704794430     0.000000328
     1.540000000     0.000011037     4.713719133     0.000000424
     1.550000000     0.000014225     4.722770655     0.000000546
     1.560000000     0.000018256     4.731951298     0.000000700
     1.570000000     0.000023328     4.741263429     0.000000893
     1.580000000     0.000029680     4.750709479     0.000001134
     1.590000000     0.000037600     4.760291952     0.000001434
     1.600000000     0.000047430     4.770013423     0.000001806
     1.610000000     0.000059573     4.779876539     0.000002264
     1.620000000     0.000074507     4.789884026     0.000002828
     1.630000000     0.000092789     4.800038689     0.000003516
     1.640000000     0.000115067     4.810343412     0.000004354
     1.650000000     0.000142094     4.820801167     0.000005369
     1.660000000     0.000174733     4.831415012     0.000006594
     1.670000000     0.000213972     4.842188093     0.000008065
     1.680000000     0.000260934     4.853123651     0.000009824
     1.690000000     0.000316888     4.864225019     0.000011919
     1.700000000     0.000383262     4.875495632     0.000014404
     1.710000000     0.000461647     4.886939021     0.000017338
     1.720000000     0.000553813     4.898558823     0.000020788
     1.730000000     0.000661712     4.910358777     0.000024831
     1.740000000     0.000787485     4.922342730     0.000029549
     1.750000000     0.000933468     4.934514638     0.000035033
     1.760000000     0.001102196     4.946878565     0.000041387
     1.770000000     0.001296403     4.959438685     0.000048722
     1.780000000     0.001519019     4.972199282     0.000057161
     1.790000000     0.001773173     4.985164748     0.000066839
     1.800000000     0.002062188     4.998339580     0.000077906
     1.810000000     0.002389574     5.011728378     0.000090527
     1.820000000     0.002759025     5.025335835     0.000104882
     1.830000000     0.003174416     5.039166733     0.000121174
     1.840000000     0.003639793     5.053225932     0.000139627
     1.850000000     0.004159377     5.067518353     0.000160489
     1.860000000     0.004737560     5.082048958     0.000184043
     1.870000000     0.005378905     5.096822734     0.000210605
     1.880000000     0.006088160     5.111844657     0.000240534
     1.890000000     0.006870260     5.127119659     0.000274236
     1.900000000     0.007730352     5.142652588     0.000312179
     1.910000000     0.008673811     5.158448154     0.000354896
     1.920000000     0.009706269     5.174510871     0.000402998
     1.930000000     0.010833646     5.190844991     0.000457189
     1.940000000     0.012062191     5.207454431     0.000518276
     1.950000000     0.013398519     5.224342692     0.000587187
     1.960000000     0.014849651     5.241512785     0.000664986
     1.970000000     0.016423060     5.258967163     0.000752890
     1.980000000     0.018126709     5.276707673     0.000852286
     1.990000000     0.019969080     5.294735551     0.000964755
     2.000000000     0.021959199     5.313051479     0.001092081
     2.010000000     0.024106651     5.331655729     0.001236280
     2.020000000     0.026421568     5.350548428     0.001399608
     2.030000000     0.028914607     5.369729974     0.001584584
     2.040000000     0.031596898     5.389201610     0.001793998
     2.050000000     0.034479975     5.408966138     0.002030924
     2.060000000     0.037575662     5.429028732     0.002298728
     2.070000000     0.040895949     5.449397729     0.002601065
     2.080000000     0.044452821     5.470085237     0.002941881
     2.090000000     0.048258066     5.491107383     0.003325395
     2.100000000     0.052323052     5.512484004     0.003756090
     2.110000000     0.056658487     5.534237697     0.004238674
     2.120000000     0.061274150     5.556392244     0.004778056
     2.130000000     0.066178618     5.578970586     0.005379292
     2.140000000     0.071378995     5.601992667     0.006047529
     2.150000000     0.076880634     5.625473473     0.006787943
     2.160000000     0.082686895     5.649421604     0.007605652
     2.170000000     0.088798923     5.673838552     0.008505636
     2.180000000     0.095215476     5.698718739     0.009492628
     2.190000000     0.101932814     5.724050259     0.010571014
     2.200000000     0.108944655     5.749816156     0.011744709
     2.210000000     0.116242226     5.775996056     0.013017038
     2.220000000     0.123814413     5.802567971     0.014390604
     2.230000000     0.131648020     5.829510044     0.015867156
     2.240000000     0.139728164     5.856802055     0.017447465
     2.250000000     0.148038791     5.884426466     0.019131188
     2.260000000     0.156563353     5.912368878     0.020916753
     2.270000000     0.165285622     5.940617857     0.022801246
     2.280000000     0.174190669     5.969164278     0.024780315
     2.290000000     0.183265999     5.998000482     0.026848090
     2.300000000     0.192502850     6.027119710     0.028997127
     2.310000000     0.201897660     6.056516263     0.031218371
     2.320000000     0.211453685     6.086186733     0.033501152
     2.330000000     0.221182796     6.116132398     0.035833209
     2.340000000     0.231107424     6.146362571     0.038200746
     2.350000000     0.241262675     6.176898399     0.040588523
     2.360000000     0.251698593     6.207776423     0.042979981
     2.370000000     0.262482588     6.239051162     0.045357400
     2.380000000     0.273701998     6.270796139     0.047702092
     2.390000000     0.285466811     6.303103059     0.049994626
     2.400000000     0.297912499     6.336079189     0.052215075
     2.410000000     0.311202986     6.369843313     0.054343294
     2.420000000     0.325533688     6.404520842     0.056359212
     2.430000000     0.341134633     6.440238685     0.058243142
     2.440000000     0.358273582     6.477120388     0.059976093
     2.450000000     0.377259124     6.515281815     0.061540085
     2.460000000     0.398443645     6.554827449     0.062918456
     2.470000000     0.422226111     6.595847190     0.064096156
     2.480000000     0.449054521     6.638413464     0.065060021
     2.490000000     0.479427932     6.682578528     0.065799012
     2.500000000     0.513897878     6.728371922     0.066304431
     2.510000000     0.553069035     6.775798189     0.066570085
     2.520000000     0.597598930     6.824835055     0.066592416
     2.530000000     0.648196499     6.875432303     0.066370578
     2.540000000     0.705619295     6.927511537     0.065906462
     2.550000000     0.770669120     6.980967058     0.065204678
     2.560000000     0.844185910     7.035668009     0.064272478
     2.570000000     0.927039664     7.091462002     0.063119631
     2.580000000     1.020120293     7.148180454     0.061758261
     2.590000000     1.124325262     7.205645802     0.060202631
     2.600000000     1.240544986     7.263680622     0.058468902
     2.610000000     1.369645987     7.322118234     0.056574850
     2.620000000     1.512451899     7.380813779     0.054539570
     2.630000000     1.669722513     7.439653834     0.052383158
     2.640000000     1.842131118     7.498561767     0.050126388
     2.650000000     2.030240514     7.557495481     0.047790382
     2.660000000     2.234478173     7.616434343     0.045396293
     2.670000000     2.455111099     7.675353316     0.042964999
     2.680000000     2.692221044     7.734184446     0.040516815
     2.690000000     2.945680793     7.792768407     0.038071233
     2.700000000     3.215132305     7.850800851     0.035646689
     2.710000000     3.499967511     7.907779026     0.033260368
     2.720000000     3.799312587     7.962953332     0.030928044
     2.730000000     4.112016483     8.015286474     0.028663956
     2.740000000     4.436644472     8.063420789     0.026480724
     2.750000000     4.771477332     8.105652930     0.024389310
     2.760000000     5.114516733     8.139915089     0.022399007
     2.770000000     5.463497180     8.163763364     0.020517467
     2.780000000     5.815904758     8.174376424     0.018750769
     2.790000000     6.169002668     8.168570888     0.017103502
     2.800000000     6.519863393     8.142843232     0.015578889
     2.810000000     6.865407070     8.093450871     0.014178919
     2.820000000     7.202445462     8.016546391     0.012904511
     2.830000000     7.527730702     7.908377315     0.011755677
     2.840000000     7.838007802     7.765557612     0.010731703
     2.850000000     8.130069751     7.585404965     0.009831334
     2.860000000     8.400813910     7.366319330     0.009052956
     2.870000000     8.647298307     7.108155890     0.008394779
     2.880000000     8.866796420     6.812525107     0.007855017
     2.890000000     9.056848988     6.482943396     0.007432050
     2.900000000     9.215311513     6.124769539     0.007124585
     2.910000000     9.340396138     5.744898731     0.006931794
     2.920000000     9.430706800     5.351241981     0.006853442
     2.930000000     9.485266672     4.952075982     0.006889995
     2.940000000     9.503537195     4.555384936     0.007042707
     2.950000000     9.485428161     4.168315150     0.007313685
     2.960000000     9.431298647     3.796825336     0.007705936
     2.970000000     9.341948787     3.445556738     0.008223384
     2.980000000     9.218602686     3.117890948     0.008870864
     2.990000000     9.062882988     2.816128078     0.009654091
     3.000000000     8.876777860     2.541710351     0.010579604
     3.010000000     8.662601332     2.295430723     0.011654678
     3.020000000     8.422948101     2.077591751     0.012887212
     3.030000000     8.160644041     1.888105707     0.014285586
     3.040000000     7.878693706     1.726545727     0.015858500
     3.050000000     7.580226180     1.592167093     0.017614777
     3.060000000     7.268440602     1.483918394     0.019563143
     3.070000000     6.946552653     1.400457300     0.021711996
     3.080000000     6.617743178     1.340178631     0.024069142
     3.090000000     6.285110050     1.301256206     0.026641520
     3.100000000     5.951624181     1.281695946     0.029434923
     3.110000000     5.620090450     1.279395929     0.032453703
     3.120000000     5.293114143     1.292208681     0.035700485
     3.130000000     4.973073307     1.318001342     0.039175877
     3.140000000     4.662097234     1.354710022     0.042878211
     3.150000000     4.362051136     1.400385601     0.046803287
     3.160000000     4.074526887     1.453229317     0.050944164
     3.170000000     3.800839571     1.511617508     0.055290978
     3.180000000     3.542029467     1.574115795     0.059830813
     3.190000000     3.298868947     1.639483496     0.064547626
     3.200000000     3.071873753     1.706669375     0.069422228
     3.210000000     2.861317995     1.774799929     0.074432341
     3.220000000     2.667252231     1.843161534     0.079552720
     3.230000000     2.489523932     1.911178062     0.084755352
     3.240000000     2.327799695     1.978385932     0.090009734
     3.250000000     2.181588537     2.044408943     0.095283223
     3.260000000     2.050265685     2.108935394     0.100541462
     3.270000000     1.933096314     2.171699769     0.105748868
     3.280000000     1.829258738     2.232470614     0.110869187
     3.290000000     1.737866643     2.291045300     0.115866089
     3.300000000     1.657989998     2.347251418     0.120703809
     3.310000000     1.588674385     2.400953675     0.125347804
     3.320000000     1.528958511     2.452064531     0.129765426
     3.330000000     1.477889785     2.500556254     0.133926573
     3.340000000     1.434537855     2.546471744     0.137804328
     3.350000000     1.398006092     2.589931289     0.141375543
     3.360000000     1.367441045     2.631132682     0.144621365
     3.370000000     1.342039926     2.670342964     0.147527684
     3.380000000     1.321056236     2.707881441     0.150085492
     3.390000000     1.303803659     2.744095417     0.152291130
     3.400000000     1.289658383     2.779331825     0.154146424
     3.410000000     1.278060013     2.813909014     0.155658701
     3.420000000     1.268511257     2.848093183     0.156840677
     3.430000000     1.260576577     2.882083009     0.157710218
     3.440000000     1.253879972     2.916004464     0.158289982
     3.450000000     1.248102089     2.949915834     0.158606943
     3.460000000     1.242976815     2.983821253     0.158691818
     3.470000000     1.238287515     3.017689722     0.158578396
     3.480000000     1.233863067     3.051475888     0.158302801
     3.490000000     1.229573797     3.085138806     0.157902698
     3.500000000     1.225327446     3.118655482     0.157416467
     3.510000000     1.221065236     3.152027212     0.156882372
     3.520000000     1.216758128     3.185278343     0.156337733
     3.530000000     1.212403298     3.218448832     0.155818148
     3.540000000     1.208020879     3.251583361     0.155356753
     3.550000000     1.203650977     3.284720376     0.154983578
     3.560000000     1.199350964     3.317884044     0.154724982
     3.570000000     1.195193023     3.351080914     0.154603207
     3.580000000     1.191261931     3.384301525     0.154636044
     3.590000000     1.187653028     3.417525893     0.154836637
     3.600000000     1.184470348     3.450731152     0.155213407
     3.610000000     1.181824843     3.483899615     0.155770122
     3.620000000     1.179832673     3.517026017     0.156506087
     3.630000000     1.178613509     3.550123227     0.157416454
     3.640000000     1.178288800     3.583226086     0.158492650
     3.650000000     1.178979988     3.616393175     0.159722889
     3.660000000     1.180806638     3.649706272     0.161092779
     3.670000000     1.183884471     3.683267252     0.162585969
     3.680000000     1.188323304     3.717192325     0.164184852
     3.690000000     1.194224915     3.751603773     0.165871275
     3.700000000     1.201680844     3.786619681     0.167627251
     3.710000000     1.210770200     3.822342488     0.169435643
     3.720000000     1.221557494     3.858847360     0.171280798
     3.730000000     1.234090584     3.896171391     0.173149122
     3.740000000     1.248398785     3.934304543     0.175029572
     3.750000000     1.264491234     3.973183016     0.176914049
     3.760000000     1.282355567     4.012685592     0.178797689
     3.770000000     1.301956999     4.052633342     0.180679036
     3.780000000     1.323237860     4.092792997     0.182560099
     3.790000000     1.346117657     4.132884115     0.184446288
     3.800000000     1.370493701     4.172589916     0.186346235
     3.810000000     1.396242327     4.211571200     0.188271505
     3.820000000     1.423220729     4.249482216     0.190236209
     3.830000000     1.451269393     4.285986848     0.192256524
     3.840000000     1.480215108     4.320773265     0.194350146
     3.850000000     1.509874499     4.353565459     0.196535684
     3.860000000     1.540058018     4.384130954     0.198832021
     3.870000000     1.570574305     4.412285293     0.201257649
     3.880000000     1.601234817     4.437895145     0.203830015
     3.890000000     1.631858606     4.460882554     0.206564881
     3.900000000     1.662277128     4.481232419     0.209475731
     3.910000000     1.692338950     4.499003723     0.212573226
     3.920000000     1.721914231     4.514342827     0.215864735
     3.930000000     1.750898857     4.527495084     0.219353954
     3.940000000     1.779218114     4.538810075     0.223040614
     3.950000000     1.806829814     4.548736424     0.226920291
     3.960000000     1.833726784     4.557804297     0.230984329
     3.970000000     1.859938676     4.566596742     0.235219859
     3.980000000     1.885533064     4.575713877     0.239609935
     3.990000000     1.910615815     4.585735542     0.244133760
     4.000000000     1.935330766     4.597187965     0.248767010
     4.010000000     1.959858745     4.610518288     0.253482240
     4.020000000     1.984415999     4.626078413     0.258249360
     4.030000000     2.009252103     4.644117458     0.263036168
     4.040000000     2.034647465     4.664780839     0.267808926
     4.050000000     2.060910502     4.688113798     0.272532966
     4.060000000     2.088374604     4.714067644     0.277173305
     4.070000000     2.117394972     4.742507619     0.281695261
     4.080000000     2.148345422     4.773221726     0.286065050
     4.090000000     2.181615219     4.805930137     0.290250359
     4.100000000     2.217605981     4.840294902     0.294220869
     4.110000000     2.256728677     4.875929894     0.297948737
     4.120000000     2.299400716     4.912411138     0.301409010
     4.130000000     2.346043082     4.949287877     0.304579981
     4.140000000     2.397077456     4.986094787     0.307443469
     4.150000000     2.452923231     5.022365705     0.309985033
     4.160000000     2.513994331     5.057649117     0.312194105
     4.170000000     2.580695686     5.091525549     0.314064055
     4.180000000     2.653419267     5.123626811     0.315592188
     4.190000000     2.732539533     5.153656662     0.316779672
     4.200000000     2.818408205     5.181411748     0.317631402
     4.210000000     2.911348269     5.206800509     0.318155814
     4.220000000     3.011647160     5.229856533     0.318364645
     4.230000000     3.119549128     5.250741838     0.318272651
     4.240000000     3.235246809     5.269735646     0.317897293
     4.250000000     3.358872115     5.287205753     0.317258387
     4.260000000     3.490486594     5.303562684     0.316377744
     4.270000000     3.630071467     5.319200827     0.315278784
     4.280000000     3.777517621     5.334434191     0.313986150
     4.290000000     3.932615875     5.349436084     0.312525324
     4.300000000     4.095047883     5.364191084     0.310922240
     4.310000000     4.264378072     5.378464531     0.309202919
     4.320000000     4.440047017     5.391790728     0.307393111
     4.330000000     4.621366664     5.403477394     0.305517965
     4.340000000     4.807517800     5.412621784     0.303601725
     4.350000000     4.997550113     5.418133334     0.301667451
     4.360000000     5.190385140     5.418758525     0.299736771
     4.370000000     5.384822341     5.413105396     0.297829677
     4.380000000     5.579548427     5.399667436     0.295964343
     4.390000000     5.773149981     5.376849018     0.294156990
     4.400000000     5.964129304     5.342996589     0.292421782
     4.410000000     6.150923301     5.296440873     0.290770760
     4.420000000     6.331925106     5.235554881     0.289213816
     4.430000000     6.505508031     5.158830495     0.287758692
     4.440000000     6.670051349     5.064973044     0.286411019
     4.450000000     6.823967292     4.953009475     0.285174384
     4.460000000     6.965728619     4.822402127     0.284050431
     4.470000000     7.093896038     4.673157566     0.283038978
     4.480000000     7.207144749     4.505918763     0.282138167
     4.490000000     7.304289396     4.322028827     0.281344637
     4.500000000     7.384306711     4.123555237     0.280653709
     4.510000000     7.446355227     3.913264582     0.280059597
     4.520000000     7.489791494     3.694540134     0.279555628
     4.530000000     7.514182336     3.471239135     0.279134483
     4.540000000     7.519312817     3.247494646     0.278788442
     4.550000000     7.505189689     3.027477149     0.278509642
     4.560000000     7.472040260     2.815141066     0.278290340
     4.570000000     7.420306738     2.613986886     0.278123174
     4.580000000     7.350636253     2.426868300     0.278001431
     4.590000000     7.263866875     2.255865618     0.277919304
     4.600000000     7.161010070     2.102234719     0.277872139
     4.610000000     7.043230116     1.966428777     0.277856663
     4.620000000     6.911821095     1.848180855     0.277871199
     4.630000000     6.768182086     1.746630602     0.277915842
     4.640000000     6.613791277     1.660477005     0.277992606
     4.650000000     6.450179631     1.588140318     0.278105529
     4.660000000     6.278904798     1.527918662     0.278260723
     4.670000000     6.101525876     1.478127508     0.278466378
     4.680000000     5.919579566     1.437213011     0.278732705
     4.690000000     5.734558220     1.403833115     0.279071808
     4.700000000     5.547890154     1.376903570     0.279497505
     4.710000000     5.360922550     1.355609635     0.280025067
     4.720000000     5.174907120     1.339387890     0.280670908
     4.730000000     4.990988679     1.327885607     0.281452209
     4.740000000     4.810196613     1.320906703     0.282386482
     4.750000000     4.633439211     1.318353213     0.283491103
     4.760000000     4.461500704     1.320169646     0.284782801
     4.770000000     4.295040842     1.326295411     0.286277129
     4.780000000     4.134596747     1.336628411     0.287987931
     4.790000000     3.980586794     1.351001309     0.289926816
     4.800000000     3.833316209     1.369170715     0.292102663
     4.810000000     3.692984088     1.390818340     0.294521167
     4.820000000     3.559691543     1.415561885     0.297184443
     4.830000000     3.433450671     1.442972327     0.300090716
     4.840000000     3.314194097     1.472593775     0.303234091
     4.850000000     3.201784821     1.503962539     0.306604429
     4.860000000     3.096026163     1.536623405     0.310187342
     4.870000000     2.996671609     1.570142858     0.313964289
     4.880000000     2.903434395     1.604120413     0.317912811
     4.890000000     2.815996705     1.638199698     0.322006868
     4.900000000     2.734018357     1.672080245     0.326217297
     4.910000000     2.657144915     1.705529561     0.330512376
     4.920000000     2.585015150     1.738393515     0.334858470
     4.930000000     2.517267823     1.770602324     0.339220757
     4.940000000     2.453547740     1.802169742     0.343564012
     4.950000000     2.393511094     1.833184436     0.347853417
     4.960000000     2.336830062     1.863794421     0.352055388
     4.970000000     2.283196687     1.894187176     0.356138388
     4.980000000     2.232326041     1.924568994     0.360073695
     4.990000000     2.183958700     1.955147104     0.363836118
     5.000000000     2.137862546     1.986117116     0.367404625
     5.010000000     2.093833937     2.017656781     0.370762862
     5.020000000     2.051698273     2.049925409     0.373899559
     5.030000000     2.011310006     2.083066879     0.376808797
     5.040000000     1.972552128     2.117213453     0.379490126
     5.050000000     1.935335201     2.152487689     0.381948535
     5.060000000     1.899595966     2.189000617     0.384194275
     5.070000000     1.865295603     2.226845838     0.386242522
     5.080000000     1.832417693     2.266090804     0.388112908
     5.090000000     1.800965943     2.306767756     0.389828921
     5.100000000     1.770961735     2.348867275     0.391417193
     5.110000000     1.742441568     2.392336887     0.392906694
     5.120000000     1.715454441     2.437085903     0.394327860
     5.130000000     1.690059241     2.482995985     0.395711676
     5.140000000     1.666322186     2.529935374     0.397088739
     5.150000000     1.644314373     2.577773719     0.398488334
     5.160000000     1.624109468     2.626394295     0.399937547
     5.170000000     1.605781579     2.675701221     0.401460442
     5.180000000     1.589403343     2.725620705     0.403077324
     5.190000000     1.575044237     2.776096994     0.404804115
     5.200000000     1.562769152     2.827084946     0.406651857
     5.210000000     1.552637214     2.878541754     0.408626360
     5.220000000     1.544700874     2.930420067     0.410728007
     5.230000000     1.539005266     2.982664025     0.412951716
     5.240000000     1.535587817     3.035208628     0.415287066
     5.250000000     1.534478110     3.087982025     0.417718581
     5.260000000     1.535697992     3.140909650     0.420226163
     5.270000000     1.539261906     3.193918932     0.422785662
     5.280000000     1.545177441     3.246943394     0.425369561
     5.290000000     1.553446094     3.299925293     0.427947762
     5.300000000     1.564064209     3.352816486     0.430488442
     5.310000000     1.577024114     3.405577643     0.432958960
     5.320000000     1.592315416     3.458176368     0.435326775
     5.330000000     1.609926465     3.510584891     0.437560358
     5.340000000     1.629845965     3.562777945     0.439630067
     5.350000000     1.652064729     3.614731154     0.441508956
     5.360000000     1.676577568     3.666419923     0.443173489
     5.370000000     1.703385295     3.717818605     0.444604155
     5.380000000     1.732496843     3.768899643     0.445785940
     5.390000000     1.763931461     3.819632533     0.446708669
     5.400000000     1.797720981     3.869982759     0.447367194
     5.410000000     1.833912116     3.919911165     0.447761422
     5.420000000     1.872568754     3.969374433     0.447896195
     5.430000000     1.913774206     4.018327273     0.447781032
     5.440000000     1.957633344     4.066726634     0.447429717
     5.450000000     2.004274578     4.114537617     0.446859788
     5.460000000     2.053851583     4.161740197     0.446091915
     5.470000000     2.106544706     4.208335268     0.445149199
     5.480000000     2.162561943     4.254348379     0.444056429
     5.490000000     2.222139403     4.299829730     0.442839298
     5.500000000     2.285541143     4.344849647     0.441523625
     5.510000000     2.353058265     4.389489679     0.440134600
     5.520000000     2.425007174     4.433830463     0.438696075
     5.530000000     2.501726887     4.477938336     0.437229919
     5.540000000     2.583575307     4.521853124     0.435755470
     5.550000000     2.670924375     4.565579429     0.434289077
     5.560000000     2.764154049     4.609083048     0.432843763
     5.570000000     2.863645077     4.652293066     0.431428998
     5.580000000     2.969770555     4.695108835     0.430050605
     5.590000000     3.082886324     4.737409984     0.428710769
     5.600000000     3.203320262     4.779066885     0.427408172
     5.610000000     3.331360615     4.819949034     0.426138222
     5.620000000     3.467243525     4.859929421     0.424893378
     5.630000000     3.611139987     4.898884068     0.423663547
     5.640000000     3.763142493     4.936687068     0.422436537
     5.650000000     3.923251686     4.973202221     0.421198557
     5.660000000     4.091363381     5.008272482     0.419934731
     5.670000000     4.267256327     5.041707754     0.418629623
     5.680000000     4.450581147     5.073270517     0.417267742
     5.690000000     4.640850854     5.102657871     0.415834028
     5.700000000     4.837433386     5.129478447     0.414314284
     5.710000000     5.039546559     5.153223770     0.412695563
     5.720000000     5.246255818     5.173235814     0.410966492
     5.730000000     5.456475119     5.188675119     0.409117528
     5.740000000     5.668971199     5.198495909     0.407141136
     5.750000000     5.882371442     5.201435342     0.405031908
     5.760000000     6.095175433     5.196022996     0.402786599
     5.770000000     6.305770198     5.180614304     0.400404105
     5.780000000     6.512449041     5.153448648     0.397885374
     5.790000000     6.713433748     5.112730024     0.395233273
     5.800000000     6.906899844     5.056726096     0.392452397
     5.810000000     7.091004465     4.983880246     0.389548853
     5.820000000     7.263916328     4.892930568     0.386530015
     5.830000000     7.423847171     4.783029332     0.383404256
     5.840000000     7.569084004     4.653855801     0.380180682
     5.850000000     7.698021419     4.505714056     0.376868862
     5.860000000     7.809193222     4.339605703     0.373478568
     5.870000000     7.901302611     4.157265650     0.370019532
     5.880000000     7.973250173     3.961148667     0.366501227
     5.890000000     8.024158985     3.754357168     0.362932670
     5.900000000     8.053396203     3.540507517     0.359322266
     5.910000000     8.060590583     3.323542904     0.355677671
     5.920000000     8.045645481     3.107512735     0.352005702
     5.930000000     8.008747018     2.896347365     0.348312273
     5.940000000     7.950367186     2.693659022     0.344602364
     5.950000000     7.871261828     2.502593678     0.340880025
     5.960000000     7.772463524     2.325746189     0.337148404
     5.970000000     7.655269572     2.165136843     0.333409791
     5.980000000     7.521225326     2.022236084     0.329665698
     5.990000000     7.372103291     1.898018765     0.325916930
     6.000000000     7.209878437     1.793030175     0.322163686
     6.010000000     7.036700259     1.707451227     0.318405651
     6.020000000     6.854862191     1.641156722     0.314642086
     6.030000000     6.666768962     1.593765671     0.310871922
     6.040000000     6.474902548     1.564685170     0.307093834
     6.050000000     6.281787323     1.553149441     0.303306309
     6.060000000     6.089955025     1.558254680     0.299507693
     6.070000000     5.901910121     1.578989513     0.295696228
     6.080000000     5.720096081     1.614260813     0.291870065
     6.090000000     5.546863083     1.662915220     0.288027261
     6.100000000     5.384437565     1.723757346     0.284165771
     6.110000000     5.234894043     1.795565847     0.280283412
     6.120000000     5.100129522     1.877108134     0.276377827
     6.130000000     4.981840818     1.967153810     0.272446448
     6.140000000     4.881505054     2.064486204     0.268486448
     6.150000000     4.800363554     2.167911103     0.264494708
     6.160000000     4.739409337     2.276261854     0.260467784
     6.170000000     4.699378380     2.388400392     0.256401901
     6.180000000     4.680744774     2.503214231     0.252292954
     6.190000000     4.683719892     2.619609764     0.248136537
     6.200000000     4.708255626     2.736502328     0.243927999
     6.210000000     4.754051711     2.852803354     0.239662523
     6.220000000     4.820567114     2.967404687     0.235335232
     6.230000000     4.907035392     3.079159935     0.230941325
     6.240000000     5.012483841     3.186862815     0.226476233
     6.250000000     5.135756202     3.289222939     0.221935795
     6.260000000     5.275538567     3.384840432     0.217316447
     6.270000000     5.430388058     3.472182210     0.212615426
     6.280000000     5.598763715     3.549564369     0.207830966
     6.290000000     5.779058987     3.615146964     0.202962497
     6.300000000     5.969635054     3.666949025     0.198010823
     6.310000000     6.168854217     3.702892801     0.192978283
     6.320000000     6.375112450     3.720886169     0.187868880
     6.330000000     6.586870241     3.718950306     0.182688377
     6.340000000     6.802680807     3.695394995     0.177444349
     6.350000000     7.021214817     3.649035826     0.172146192
     6.360000000     7.241280814     3.579435957     0.166805078
     6.370000000     7.461840635     3.487141718     0.161433869
     6.380000000     7.682019275     3.373869418     0.156046967
     6.390000000     7.901108807     3.242595187     0.150660135
     6.400000000     8.118566165     3.097505557     0.145290254
     6.410000000     8.334004843     2.943786148     0.139955059
     6.420000000     8.547180768     2.787256866     0.134672831
     6.430000000     8.757972864     2.633896283     0.129462069
     6.440000000     8.966359027     2.489324202     0.124341151
     6.450000000     9.172388460     2.358320369     0.119327982
     6.460000000     9.376151462     2.244445932     0.114439652
     6.470000000     9.577747914     2.149807449     0.109692102
     6.480000000     9.777255780     2.074971099     0.105099815
     6.490000000     9.974700945     2.019007300     0.100675540
     6.500000000    10.170029711     1.979629601     0.096430052
     6.510000000    10.363085122     1.953387594     0.092371955
     6.520000000    10.553588191     1.935879386     0.088507536
     6.530000000    10.741124827     1.921960638     0.084840676
     6.540000000    10.925139082     1.905940667     0.081372808
     6.550000000    11.104932989     1.881768807     0.078102938
     6.560000000    11.279672993     1.843224216     0.075027713
     6.570000000    11.448402696     1.784128652     0.072141544
     6.580000000    11.610061284     1.698603166     0.069436777
     6.590000000    11.763506810     1.581385167     0.066903902
     6.600000000    11.907543248     1.428210681     0.064531798
     6.610000000    12.040950064     1.236247325     0.062308008
     6.620000000    12.162512977     1.004537853     0.060219036
     6.630000000    12.271054508     0.734386808     0.058250650
     6.640000000    12.365462990     0.429602254     0.056388201
     6.650000000    12.444718780     0.096501827     0.054616925
     6.660000000    12.507916600    -0.256383275     0.052922247
     6.670000000    12.554283166    -0.618919722     0.051290063
     6.680000000    12.583189483    -0.980241347     0.049706995
     6.690000000    12.594157528    -1.329752066     0.048160623
     6.700000000    12.586861299    -1.658100551     0.046639681
     6.710000000    12.561122510    -1.957971670     0.045134219
     6.720000000    12.516901509    -2.224588446     0.043635725
     6.730000000    12.454284190    -2.455889537     0.042137204
     6.740000000    12.373465882    -2.652415137     0.040633230
     6.750000000    12.274733321    -2.816978738     0.039119942
     6.760000000    12.158445849    -2.954216113     0.037595020
     6.770000000    12.025017023    -3.070091073     0.036057619
     6.780000000    11.874897688    -3.171411137     0.034508272
     6.790000000    11.708561487    -3.265376958     0.032948774
     6.800000000    11.526493566    -3.359165500     0.031382038
     6.810000000    11.329183029    -3.459533244     0.029811939
     6.820000000    11.117119441    -3.572423769     0.028243144
     6.830000000    10.890793415    -3.702573646     0.026680937
     6.840000000    10.650701081    -3.853129739     0.025131042
     6.850000000    10.397351979    -4.025315285     0.023599446
     6.860000000    10.131279731    -4.218204083     0.022092235
     6.870000000     9.853054670    -4.428671703     0.020615435
     6.880000000     9.563297517    -4.651580272     0.019174870
     6.890000000     9.262693097    -4.880215451     0.017776033
     6.900000000     8.952003140    -5.106937785     0.016423977
     6.910000000     8.632077228    -5.323953844     0.015123227
     6.920000000     8.303861062    -5.524077756     0.013877709
     6.930000000     7.968401390    -5.701355954     0.012690699
     6.940000000     7.626847092    -5.851466447     0.011564791
     6.950000000     7.280446142    -5.971862704     0.010501889
     6.960000000     6.930538359    -6.061689042     0.009503204
     6.970000000     6.578544102    -6.121532014     0.008569282
     6.980000000     6.225949215    -6.153084854     0.007700030
     6.990000000     5.874286762    -6.158793699     0.006894762
     7.000000000     5.525116188    -6.141534720     0.006152254
     7.010000000     5.180000668    -6.104349315     0.005470801
     7.020000000     4.840483496    -6.050246260     0.004848279
     7.030000000     4.508064340    -5.982067383     0.004282216
     7.040000000     4.184176229    -5.902406721     0.003769856
     7.050000000     3.870164047    -5.813570926     0.003308222
     7.060000000     3.567265236    -5.717569088     0.002894187
     7.070000000     3.276593289    -5.616121976     0.002524523
     7.080000000     2.999124492    -5.510682924     0.002195964
     7.090000000     2.735688206    -5.402464700     0.001905250
     7.100000000     2.486960858    -5.292468511     0.001649174
     7.110000000     2.253463618    -5.181512673     0.001424612
     7.120000000     2.035563650    -5.070259498     0.001228564
     7.130000000     1.833478653    -4.959239660     0.001058169
     7.140000000     1.647284336    -4.848873736     0.000910729
     7.150000000     1.476924367    -4.739490940     0.000783720
     7.160000000     1.322222280    -4.631345213     0.000674802
     7.170000000     1.182894808    -4.524628915     0.000581822
     7.180000000     1.058566072    -4.419484406     0.000502812
     7.190000000     0.948782087    -4.316013822     0.000435992
     7.200000000     0.853025088    -4.214287295     0.000379754
     7.210000000     0.770727198    -4.114349907     0.000332664
     7.220000000     0.701283069    -4.016227590     0.000293445
     7.230000000     0.644061164    -3.919932193     0.000260969
     7.240000000     0.598413453    -3.825465895     0.000234246
     7.250000000     0.563683370    -3.732825141     0.000212410
     7.260000000     0.539211975    -3.642004236     0.000194707
     7.270000000     0.524342321    -3.552998748     0.000180484
     7.280000000     0.518422138    -3.465808828     0.000169180
     7.290000000     0.520804968    -3.380442577     0.000160310
     7.300000000     0.530849975    -3.296919570     0.000153460
     7.310000000     0.547920688    -3.215274634     0.000148274
     7.320000000     0.571382947    -3.135561987     0.000144448
     7.330000000     0.600602378    -3.057859813     0.000141724
     7.340000000     0.634941686    -2.982275343     0.000139879
     7.350000000     0.673758089    -2.908950461     0.000138722
     7.360000000     0.716401157    -2.838067778     0.000138091
     7.370000000     0.762211327    -2.769857056     0.000137846
     7.380000000     0.810519300    -2.704601647     0.000137866
     7.390000000     0.860646497    -2.642644440     0.000138046
     7.400000000     0.911906672    -2.584392470     0.000138296
     7.410000000     0.963608772    -2.530318944     0.000138539
     7.420000000     1.015061017    -2.480960948     0.000138706
     7.430000000     1.065576155    -2.436910613     0.000138741
     7.440000000     1.114477784    -2.398797052     0.000138595
     7.450000000     1.161107568    -2.367256277     0.000138226
     7.460000000     1.204833143    -2.342886731     0.000137601
     7.470000000     1.245056472    -2.326189464     0.000136693
     7.480000000     1.281222362    -2.317494700     0.000135481
     7.490000000     1.312826883    -2.316880513     0.000133953
     7.500000000     1.339425364    -2.324094295     0.000132100
     7.510000000     1.360639699    -2.338492151     0.000129919
     7.520000000     1.376164694    -2.359013445     0.000127414
     7.530000000     1.385773208    -2.384205221     0.000124592
     7.540000000     1.389319887    -2.412303144     0.000121466
     7.550000000     1.386743341    -2.441363001     0.000118054
     7.560000000     1.378066651    -2.469423578     0.000114375
     7.570000000     1.363396167    -2.494672726     0.000110454
     7.580000000     1.342918591    -2.515587497     0.000106317
     7.590000000     1.316896428    -2.531026738     0.000101994
     7.600000000     1.285661908    -2.540267289     0.000097515
     7.610000000     1.249609551    -2.542988048     0.000092913
     7.620000000     1.209187586    -2.539215377     0.000088220
     7.630000000     1.164888463    -2.529247004     0.000083469
     7.640000000     1.117238720    -2.513570249     0.000078693
     7.650000000     1.066788485    -2.492786304     0.000073923
     7.660000000     1.014100896    -2.467547272     0.000069190
     7.670000000     0.959741708    -2.438508456     0.000064522
     7.680000000     0.904269351    -2.406295363     0.000059946
     7.690000000     0.848225661    -2.371483276     0.000055487
     7.700000000     0.792127496    -2.334586624     0.000051167
     7.710000000     0.736459391    -2.296055417     0.000047003
     7.720000000     0.681667385    -2.256276412     0.000043014
     7.730000000     0.628154087    -2.215577174     0.000039211
     7.740000000     0.576275033    -2.174231683     0.000035607
     7.750000000     0.526336318    -2.132466554     0.000032207
     7.760000000     0.478593480    -2.090467292     0.000029017
     7.770000000     0.433251535    -2.048384195     0.000026041
     7.780000000     0.390466092    -2.006337737     0.000023276
     7.790000000     0.350345397    -1.964423339     0.000020722
     7.800000000     0.312953184    -1.922715515     0.000018375
     7.810000000     0.278312168    -1.881271433     0.000016227
     7.820000000     0.246408039    -1.840133934     0.000014272
     7.830000000     0.217193791    -1.799334067     0.000012502
     7.840000000     0.190594249    -1.758893217     0.000010906
     7.850000000     0.166510656    -1.718824871     0.000009475
     7.860000000     0.144825197    -1.679136075     0.000008198
     7.870000000     0.125405356    -1.639828650     0.000007064
     7.880000000     0.108108023    -1.600900178     0.000006061
     7.890000000     0.092783269    -1.562344819     0.000005179
     7.900000000     0.079277760    -1.524153986     0.000004406
     7.910000000     0.067437758    -1.486316880     0.000003734
     7.920000000     0.057111701    -1.448820941     0.000003150
     7.930000000     0.048152357    -1.411652210     0.000002647
     7.940000000     0.040418574    -1.374795616     0.000002214
     7.950000000     0.033776625    -1.338235214     0.000001845
     7.960000000     0.028101197    -1.301954375     0.000001530
     7.970000000     0.023276049    -1.265935934     0.000001264
     7.980000000     0.019194378    -1.230162308     0.000001040
     7.990000000     0.015758936    -1.194615589     0.000000851
     8.000000000     0.012881941    -1.159277615     0.000000694
     8.010000000     0.010484814    -1.124130022     0.000000564
     8.020000000     0.008497785    -1.089154281     0.000000456
     8.030000000     0.006859414    -1.054331724     0.000000367
     8.040000000     0.005516033    -1.019643560     0.000000295
     8.050000000     0.004421168    -0.985070885     0.000000236
     8.060000000     0.003534942    -0.950594675     0.000000188
     8.070000000     0.002823497    -0.916195790     0.000000149
     8.080000000     0.002258441    -0.881854955     0.000000119
     8.090000000     0.001816351    -0.847552754     0.000000095
     8.100000000     0.001478322    -0.813269605     0.000000076
     8.110000000     0.001229601    -0.778985745     0.000000062
     8.120000000     0.001059297    -0.744681206     0.000000052
     8.130000000     0.000960180    -0.710335793     0.000000045
     8.140000000     0.000928578    -0.675929052     0.000000041
     8.150000000     0.000964389    -0.641440252     0.000000040
     8.160000000     0.001071201    -0.606848352     0.000000042
     8.170000000     0.001256543    -0.572131974     0.000000047
     8.180000000     0.001532266    -0.537269379     0.000000055
     8.190000000     0.001915080    -0.502238434     0.000000067
     8.200000000     0.002427236    -0.467016589     0.000000083
     8.210000000     0.003097385    -0.431580853     0.000000105
     8.220000000     0.003961615    -0.395907767     0.000000132
     8.230000000     0.005064676    -0.359973385     0.000000168
     8.240000000     0.006461405    -0.323753257     0.000000212
     8.250000000     0.008218353    -0.287222417     0.000000268
     8.260000000     0.010415623    -0.250355372     0.000000337
     8.270000000     0.013148908    -0.213126106     0.000000423
     8.280000000     0.016531726    -0.175508084     0.000000528
     8.290000000     0.020697823    -0.137474276     0.000000657
     8.300000000     0.025803737    -0.098997186     0.000000814
     8.310000000     0.032031456    -0.060048903     0.000001004
     8.320000000     0.039591144    -0.020601170     0.000001233
     8.330000000     0.048723843     0.019374522     0.000001508
     8.340000000     0.059704094     0.059906807     0.000001835
     8.350000000     0.072842350     0.101024283     0.000002225
     8.360000000     0.088487091     0.142755305     0.000002685
     8.370000000     0.107026491     0.185127723     0.000003226
     8.380000000     0.128889498     0.228168549     0.000003860
     8.390000000     0.154546177     0.271903546     0.000004598
     8.400000000     0.184507138     0.316356718     0.000005454
     8.410000000     0.219321879     0.361549675     0.000006441
     8.420000000     0.259575892     0.407500854     0.000007573
     8.430000000     0.305886355     0.454224558     0.000008866
     8.440000000     0.358896268     0.501729780     0.000010335
     8.450000000     0.419266927     0.550018763     0.000011995
     8.460000000     0.487668637     0.599085237     0.000013862
     8.470000000     0.564769627     0.648912273     0.000015950
     8.480000000     0.651223172     0.699469664     0.000018274
     8.490000000     0.747653000     0.750710742     0.000020846
     8.500000000     0.854637112     0.802568516     0.000023677
     8.510000000     0.972690226     0.854950989     0.000026777
     8.520000000     1.102245139     0.907735511     0.000030154
     8.530000000     1.243633356     0.960761964     0.000033810
     8.540000000     1.397065441     1.013824602     0.000037747
     8.550000000     1.562611582     1.066662306     0.000041963
     8.560000000     1.740182949     1.118947032     0.000046451
     8.570000000     1.929514445     1.170270230     0.000051199
     8.580000000     2.130149503     1.220127045     0.000056194
     8.590000000     2.341427573     1.267898205     0.000061415
     8.600000000     2.562474938     1.312829635     0.000066838
     8.610000000     2.792199463     1.354010119     0.000072434
     8.620000000     3.029289799     1.390347679     0.000078169
     8.630000000     3.272219507     1.420545959     0.000084007
     8.640000000     3.519256414     1.443082660     0.000089907
     8.650000000     3.768477399     1.456193108     0.000095825
     8.660000000     4.017788655     1.457863286     0.000101714
     8.670000000     4.264951278     1.445837993     0.000107526
     8.680000000     4.507611896     1.417651028     0.000113213
     8.690000000     4.743337818     1.370685029     0.000118724
     8.700000000     4.969656064     1.302268307     0.000124011
     8.710000000     5.184095448     1.209814140     0.000129029
     8.720000000     5.384230727     1.091004059     0.000133734
     8.730000000     5.567727770     0.944010559     0.000138084
     8.740000000     5.732388559     0.767746752     0.000142045
     8.750000000     5.876194831     0.562121740     0.000145587
     8.760000000     5.997349156     0.328272058     0.000148684
     8.770000000     6.094312280     0.068732804     0.000151318
     8.780000000     6.165835654    -0.212491161     0.000153478
     8.790000000     6.210988186    -0.509990880     0.000155157
     8.800000000     6.229176417    -0.817180581     0.000156359
     8.810000000     6.220157512    -1.126687366     0.000157092
     8.820000000     6.184044654    -1.430870423     0.000157369
     8.830000000     6.121304702    -1.722402213     0.000157212
     8.840000000     6.032748150    -1.994821775     0.000156645
     8.850000000     5.919511704    -2.242971528     0.000155698
     8.860000000     5.783034004    -2.463255358     0.000154403
     8.870000000     5.625025205    -2.653697889     0.000152797
     8.880000000     5.447431323    -2.813827160     0.000150916
     8.890000000     5.252394384    -2.944431944     0.000148796
     8.900000000     5.042209515    -3.047255173     0.000146475
     8.910000000     4.819280174    -3.124678729     0.000143988
     8.920000000     4.586072742    -3.179439254     0.000141367
     8.930000000     4.345071654    -3.214396798     0.000138644
     8.940000000     4.098736201    -3.232363021     0.000135844
     8.950000000     3.849460033    -3.235985394     0.000132991
     8.960000000     3.599534231    -3.227678358     0.000130102
     8.970000000     3.351114713    -3.209590531     0.000127193
     8.980000000     3.106194527    -3.183597562     0.000124273
     8.990000000     2.866581415    -3.151311796     0.000121349
     9.000000000     2.633880865    -3.114101935     0.000118423
     9.010000000     2.409484673    -3.073117736     0.000115494
     9.020000000     2.194564881    -3.029316384     0.000112558
     9.030000000     1.990072818    -2.983488405     0.000109611
     9.040000000     1.796742826    -2.936281887     0.000106645
     9.050000000     1.615100171    -2.888224376     0.000103653
     9.060000000     1.445472550    -2.839742231     0.000100626
     9.070000000     1.288004562    -2.791177461     0.000097558
     9.080000000     1.142674486    -2.742802191     0.000094442
     9.090000000     1.009312702    -2.694830961     0.000091274
     9.100000000     0.887621136    -2.647431102     0.000088050
     9.110000000     0.777193118    -2.600731400     0.000084772
     9.120000000     0.677533124    -2.554829283     0.000081441
     9.130000000     0.588075928    -2.509796731     0.000078062
     9.140000000     0.508204767    -2.465685124     0.000074644
     9.150000000     0.437268199    -2.422529188     0.000071196
     9.160000000     0.374595418    -2.380350224     0.000067731
     9.170000000     0.319509855    -2.339158734     0.000064265
     9.180000000     0.271340976    -2.298956574     0.000060815
     9.190000000     0.229434247    -2.259738722     0.000057399
     9.200000000     0.193159296    -2.221494715     0.000054037
     9.210000000     0.161916339    -2.184209851     0.000050750
     9.220000000     0.135140989    -2.147866155     0.000047558
     9.230000000     0.112307586    -2.112443189     0.000044484
     9.240000000     0.092931206    -2.077918704     0.000041549
     9.250000000     0.076568517    -2.044269176     0.000038772
     9.260000000     0.062817659    -2.011470247     0.000036173
     9.270000000     0.051317322    -1.979497072     0.000033770
     9.280000000     0.041745180    -1.948324606     0.000031582
     9.290000000     0.033815835    -1.917927830     0.000029622
     9.300000000     0.027278415    -1.888281933     0.000027906
     9.310000000     0.021913940    -1.859362450     0.000026445
     9.320000000     0.017532572    -1.831145374     0.000025250
     9.330000000     0.013970824    -1.803607238     0.000024329
     9.340000000     0.011088815    -1.776725173     0.000023688
     9.350000000     0.008767619    -1.750476961     0.000023332
     9.360000000     0.006906749    -1.724841053     0.000023265
     9.370000000     0.005421816    -1.699796599     0.000023485
     9.380000000     0.004242369    -1.675323448     0.000023993
     9.390000000     0.003309938    -1.651402154     0.000024785
     9.400000000     0.002576272    -1.628013973     0.000025856
     9.410000000     0.002001781    -1.605140850     0.000027197
     9.420000000     0.001554155    -1.582765412     0.000028801
     9.430000000     0.001207170    -1.560870949     0.000030656
     9.440000000     0.000939655    -1.539441399     0.000032747
     9.450000000     0.000734603    -1.518461328     0.000035061
     9.460000000     0.000578424    -1.497915913     0.000037580
     9.470000000     0.000460308    -1.477790922     0.000040286
     9.480000000     0.000371697    -1.458072692     0.000043158
     9.490000000     0.000305845    -1.438748110     0.000046173
     9.500000000     0.000257458    -1.419804591     0.000049310
     9.510000000     0.000222396    -1.401230061     0.000052544
     9.520000000     0.000197434    -1.383012934     0.000055851
     9.530000000     0.000180065    -1.365142093     0.000059204
     9.540000000     0.000168349    -1.347606868     0.000062580
     9.550000000     0.000160786    -1.330397015     0.000065951
     9.560000000     0.000156219    -1.313502695     0.000069296
     9.570000000     0.000153755    -1.296914448     0.000072588
     9.580000000     0.000152710    -1.280623172     0.000075807
     9.590000000     0.000152557    -1.264620097     0.000078931
     9.600000000     0.000152894    -1.248896759     0.000081941
     9.610000000     0.000153413    -1.233444980     0.000084820
     9.620000000     0.000153881    -1.218256847     0.000087553
     9.630000000     0.000154124    -1.203324699     0.000090127
     9.640000000     0.000154016    -1.188641124     0.000092531
     9.650000000     0.000153464    -1.174198951     0.000094757
     9.660000000     0.000152410    -1.159991264     0.000096798
     9.670000000     0.000150817    -1.146011399     0.000098650
     9.680000000     0.000148670    -1.132252960     0.000100309
     9.690000000     0.000145971    -1.118709813     0.000101775
     9.700000000     0.000142735    -1.105376090     0.000103047
     9.710000000     0.000138990    -1.092246172     0.000104125
     9.720000000     0.000134772    -1.079314684     0.000105011
     9.730000000     0.000130126    -1.066576472     0.000105705
     9.740000000     0.000125103    -1.054026592     0.000106211
     9.750000000     0.000119758    -1.041660287     0.000106527
     9.760000000     0.000114149    -1.029472979     0.000106656
     9.770000000     0.000108334    -1.017460252     0.000106598
     9.780000000     0.000102374    -1.005617840     0.000106352
     9.790000000     0.000096326    -0.993941623     0.000105917
     9.800000000     0.000090247    -0.982427613     0.000105293
     9.810000000     0.000084190    -0.971071951     0.000104479
     9.820000000     0.000078205    -0.959870902     0.000103471
     9.830000000     0.000072336    -0.948820848     0.000102270
     9.840000000     0.000066626    -0.937918283     0.000100874
     9.850000000     0.000061108    -0.927159812     0.000099284
     9.860000000     0.000055812    -0.916542142     0.000097498
     9.870000000     0.000050763    -0.906062086     0.000095520
     9.880000000     0.000045980    -0.895716550     0.000093354
     9.890000000     0.000041476    -0.885502538     0.000091003
     9.900000000     0.000037262    -0.875417143     0.000088475
     9.910000000     0.000033341    -0.865457549     0.000085780
     9.920000000     0.000029713    -0.855621023     0.000082927
     9.930000000     0.000026375    -0.845904916     0.000079931
     9.940000000     0.000023321    -0.836306658     0.000076806
     9.950000000     0.000020541    -0.826823756     0.000073569
     9.960000000     0.000018024    -0.817453791     0.000070238
     9.970000000     0.000015756    -0.808194415     0.000066833
     9.980000000     0.000013723    -0.799043349     0.000063375
     9.990000000     0.000011909    -0.789998379     0.000059884
    10.000000000     0.000010298    -0.781057357     0.000056381
    10.010000000     0.000008875    -0.772218195     0.000052890
    10.020000000     0.000007622    -0.763478863     0.000049429
    10.030000000     0.000006525    -0.754837391     0.000046020
    10.040000000     0.000005568    -0.746291861     0.000042681
    10.050000000     0.000004737    -0.737840411     0.000039430
    10.060000000     0.000004017    -0.729481229     0.000036283
    10.070000000     0.000003397    -0.721212552     0.000033254
    10.080000000     0.000002865    -0.713032665     0.000030356
    10.090000000     0.000002410    -0.704939901     0.000027597
    10.100000000     0.000002022    -0.696932636     0.000024986
    10.110000000     0.000001692    -0.689009289     0.000022528
    10.120000000     0.000001412    -0.681168322     0.000020228
    10.130000000     0.000001177    -0.673408236     0.000018087
    10.140000000     0.000000978    -0.665727571     0.000016104
    10.150000000     0.000000811    -0.658124907     0.000014278
    10.160000000     0.000000672    -0.650598857     0.000012605
    10.170000000     0.000000555    -0.643148072     0.000011081
    10.180000000     0.000000458    -0.635771235     0.000009699
    10.190000000     0.000000377    -0.628467064     0.000008453
    10.200000000     0.000000310    -0.621234308     0.000007336
    10.210000000     0.000000254    -0.614071747     0.000006338
    10.220000000     0.000000208    -0.606978191     0.000005453
    10.230000000     0.000000170    -0.599952479     0.000004671
    10.240000000     0.000000139    -0.592993478     0.000003983
    10.250000000     0.000000113    -0.586100083     0.000003382
    10.260000000     0.000000092    -0.579271214     0.000002859
    10.270000000     0.000000075    -0.572505818     0.000002407
    10.280000000     0.000000061    -0.565802866     0.000002017
    10.290000000     0.000000050    -0.559161354     0.000001683
    10.300000000     0.000000041    -0.552580299     0.000001398
    10.310000000     0.000000034    -0.546058743     0.000001156
    10.320000000     0.000000029    -0.539595750     0.000000952
    10.330000000     0.000000025    -0.533190404     0.000000781
    10.340000000     0.000000022    -0.526841809     0.000000638
    10.350000000     0.000000021    -0.520549092     0.000000518
    10.360000000     0.000000022    -0.514311397     0.000000420
    10.370000000     0.000000024    -0.508127887     0.000000339
    10.380000000     0.000000028    -0.501997744     0.000000273
    10.390000000     0.000000034    -0.495920169     0.000000219
    10.400000000     0.000000043    -0.489894379     0.000000176
    10.410000000     0.000000055    -0.483919607     0.000000142
    10.420000000     0.000000071    -0.477995104     0.000000115
    10.430000000     0.000000093    -0.472120136     0.000000094
    10.440000000     0.000000122    -0.466293986     0.000000079
    10.450000000     0.000000160    -0.460515949     0.000000069
    10.460000000     0.000000209    -0.454785337     0.000000063
    10.470000000     0.000000272    -0.449101476     0.000000061
    10.480000000     0.000000353    -0.443463705     0.000000063
    10.490000000     0.000000456    -0.437871378     0.000000069
    10.500000000     0.000000586    -0.432323860     0.000000079
    10.510000000     0.000000750    -0.426820530     0.000000094
    10.520000000     0.000000956    -0.421360779     0.000000115
    10.530000000     0.000001213    -0.415944010     0.000000142
    10.540000000     0.000001533    -0.410569639     0.000000176
    10.550000000     0.000001928    -0.405237092     0.000000219
    10.560000000     0.000002415    -0.399945807     0.000000273
    10.570000000     0.000003011    -0.394695232     0.000000339
    10.580000000     0.000003738    -0.389484826     0.000000420
    10.590000000     0.000004619    -0.384314058     0.000000518
    10.600000000     0.000005683    -0.379182410     0.000000637
    10.610000000     0.000006962    -0.374089368     0.000000780
    10.620000000     0.000008489    -0.369034434     0.000000951
    10.630000000     0.000010306    -0.364017115     0.000001154
    10.640000000     0.000012457    -0.359036929     0.000001395
    10.650000000     0.000014989    -0.354093403     0.000001678
    10.660000000     0.000017957    -0.349186073     0.000002010
    10.670000000     0.000021416    -0.344314482     0.000002397
    10.680000000     0.000025429    -0.339478183     0.000002846
    10.690000000     0.000030059    -0.334676739     0.000003365
    10.700000000     0.000035375    -0.329909719     0.000003960
    10.710000000     0.000041447    -0.325176700     0.000004639
    10.720000000     0.000048345    -0.320477270     0.000005412
    10.730000000     0.000056142    -0.315811023     0.000006284
    10.740000000     0.000064907    -0.311177562     0.000007265
    10.750000000     0.000074707    -0.306576500     0.000008363
    10.760000000     0.000085606    -0.302007456     0.000009583
    10.770000000     0.000097660    -0.297470060     0.000010932
    10.780000000     0.000110917    -0.292963952     0.000012416
    10.790000000     0.000125415    -0.288488780     0.000014039
    10.800000000     0.000141179    -0.284044204     0.000015803
    10.810000000     0.000158220    -0.279629895     0.000017711
    10.820000000     0.000176531    -0.275245537     0.000019760
    10.830000000     0.000196088    -0.270890826     0.000021950
    10.840000000     0.000216846    -0.266565475     0.000024273
    10.850000000     0.000238739    -0.262269212     0.000026724
    10.860000000     0.000261675    -0.258001787     0.000029291
    10.870000000     0.000285544    -0.253762967     0.000031963
    10.880000000     0.000310207    -0.249552546     0.000034724
    10.890000000     0.000335507    -0.245370343     0.000037556
    10.900000000     0.000361261    -0.241216206     0.000040439
    10.910000000     0.000387266    -0.237090017     0.000043350
    10.920000000     0.000413303    -0.232991690     0.000046264
    10.930000000     0.000439134    -0.228921175     0.000049156
    10.940000000     0.000464511    -0.224878455     0.000051996
    10.950000000     0.000489175    -0.220863543     0.000054757
    10.960000000     0.000512864    -0.216876472     0.000057409
    10.970000000     0.000535315    -0.212917286     0.000059922
    10.980000000     0.000556272    -0.208986011     0.000062268
    10.990000000     0.000575486    -0.205082637     0.000064419
    11.000000000     0.000592723    -0.201207076     0.000066348
    11.010000000     0.000607770    -0.197359130     0.000068032
    11.020000000     0.000620435    -0.193538451     0.000069450
    11.030000000     0.000630555    -0.189744513     0.000070583
    11.040000000     0.000637998    -0.185976600     0.000071416
    11.050000000     0.000642666    -0.182233818     0.000071938
    11.060000000     0.000644498    -0.178515127     0.000072144
    11.070000000     0.000643469    -0.174819406     0.000072028
    11.080000000     0.000639592    -0.171145527     0.000071594
    11.090000000     0.000632920    -0.167492429     0.000070847
    11.100000000     0.000623539    -0.163859189     0.000069797
    11.110000000     0.000611574    -0.160245061     0.000068458
    11.120000000     0.000597178    -0.156649497     0.000066847
    11.130000000     0.000580535    -0.153072138     0.000064984
    11.140000000     0.000561853    -0.149512791     0.000062892
    11.150000000     0.000541361    -0.145971393     0.000060599
    11.160000000     0.000519304    -0.142447972     0.000058130
    11.170000000     0.000495936    -0.138942614     0.000055514
    11.180000000     0.000471519    -0.135455430     0.000052781
    11.190000000     0.000446316    -0.131986538     0.000049960
    11.200000000     0.000420587    -0.128536044     0.000047079
    11.210000000     0.000394584    -0.125104032     0.000044169
    11.220000000     0.000368546    -0.121690564     0.000041254
    11.230000000     0.000342700    -0.118295670     0.000038361
    11.240000000     0.000317254    -0.114919356     0.000035513
    11.250000000     0.000292395    -0.111561603     0.000032730
    11.260000000     0.000268288    -0.108222367     0.000030032
    11.270000000     0.000245077    -0.104901586     0.000027433
    11.280000000     0.000222882    -0.101599179     0.000024949
    11.290000000     0.000201798    -0.098315055     0.000022589
    11.300000000     0.000181898    -0.095049105     0.000020361
    11.310000000     0.000163233    -0.091801217     0.000018272
    11.320000000     0.000145834    -0.088571266     0.000016324
    11.330000000     0.000129712    -0.085359123     0.000014520
    11.340000000     0.000114861    -0.082164656     0.000012857
    11.350000000     0.000101259    -0.078987727     0.000011335
    11.360000000     0.000088871    -0.075828196     0.000009949
    11.370000000     0.000077654    -0.072685922     0.000008693
    11.380000000     0.000067551    -0.069560763     0.000007563
    11.390000000     0.000058502    -0.066452575     0.000006550
    11.400000000     0.000050441    -0.063361216     0.000005648
    11.410000000     0.000043297    -0.060286542     0.000004849
    11.420000000     0.000037001    -0.057228412     0.000004145
    11.430000000     0.000031479    -0.054186683     0.000003528
    11.440000000     0.000026663    -0.051161214     0.000002991
    11.450000000     0.000022484    -0.048151868     0.000002525
    11.460000000     0.000018876    -0.045158504     0.000002124
    11.470000000     0.000015776    -0.042180986     0.000001780
    11.480000000     0.000013127    -0.039219178     0.000001488
    11.490000000     0.000010875    -0.036272947     0.000001242
    11.500000000     0.000008969    -0.033342158     0.000001036
    11.510000000     0.000007364    -0.030426682     0.000000866
    11.520000000     0.000006019    -0.027526388     0.000000728
    11.530000000     0.000004899    -0.024641147     0.000000618
    11.540000000     0.000003969    -0.021770834     0.000000533
    11.550000000     0.000003202    -0.018915322     0.000000472
    11.560000000     0.000002571    -0.016074489     0.000000432
    11.570000000     0.000002056    -0.013248211     0.000000412
    11.580000000     0.000001637    -0.010436367     0.000000411
    11.590000000     0.000001297    -0.007638839     0.000000430
    11.600000000     0.000001024    -0.004855509     0.000000470
    11.610000000     0.000000805    -0.002086259     0.000000530
    11.620000000     0.000000631     0.000669024     0.000000614
    11.630000000     0.000000492     0.003410456     0.000000723
    11.640000000     0.000000383     0.006138148     0.000000860
    11.650000000     0.000000297     0.008852211     0.000001029
    11.660000000     0.000000231     0.011552755     0.000001233
    11.670000000     0.000000179     0.014239888     0.000001478
    11.680000000     0.000000139     0.016913717     0.000001768
    11.690000000     0.000000110     0.019574349     0.000002110
    11.700000000     0.000000087     0.022221888     0.000002508
    11.710000000     0.000000071     0.024856436     0.000002972
    11.720000000     0.000000060     0.027478097     0.000003506
    11.730000000     0.000000052     0.030086972     0.000004120
    11.740000000     0.000000047     0.032683159     0.000004820
    11.750000000     0.000000045     0.035266758     0.000005615
    11.760000000     0.000000045     0.037837866     0.000006513
    11.770000000     0.000000047     0.040396580     0.000007521
    11.780000000     0.000000050     0.042942994     0.000008647
    11.790000000     0.000000055     0.045477204     0.000009898
    11.800000000     0.000000060     0.047999302     0.000011279
    11.810000000     0.000000067     0.050509380     0.000012796
    11.820000000     0.000000074     0.053007530     0.000014453
    11.830000000     0.000000083     0.055493842     0.000016252
    11.840000000     0.000000092     0.057968404     0.000018194
    11.850000000     0.000000102     0.060431304     0.000020278
    11.860000000     0.000000113     0.062882631     0.000022501
    11.870000000     0.000000125     0.065322470     0.000024856
    11.880000000     0.000000138     0.067750905     0.000027336
    11.890000000     0.000000150     0.070168022     0.000029930
    11.900000000     0.000000164     0.072573905     0.000032624
    11.910000000     0.000000178     0.074968634     0.000035404
    11.920000000     0.000000192     0.077352292     0.000038250
    11.930000000     0.000000207     0.079724960     0.000041142
    11.940000000     0.000000221     0.082086717     0.000044056
    11.950000000     0.000000236     0.084437643     0.000046968
    11.960000000     0.000000250     0.086777815     0.000049850
    11.970000000     0.000000265     0.089107310     0.000052674
    11.980000000     0.000000278     0.091426206     0.000055411
    11.990000000     0.000000291     0.093734578     0.000058031
    12.000000000     0.000000304     0.096032500     0.000060507
    12.010000000     0.000000315     0.098320047     0.000062808
    12.020000000     0.000000326     0.100597293     0.000064907
    12.030000000     0.000000335     0.102864309     0.000066779
    12.040000000     0.000000344     0.105121167     0.000068401
    12.050000000     0.000000350     0.107367940     0.000069751
    12.060000000     0.000000356     0.109604698     0.000070813
    12.070000000     0.000000359     0.111831511     0.000071571
    12.080000000     0.000000362     0.114048448     0.000072017
    12.090000000     0.000000362     0.116255579     0.000072145
    12.100000000     0.000000361     0.118452972     0.000071952
    12.110000000     0.000000359     0.120640694     0.000071442
    12.120000000     0.000000355     0.122818812     0.000070620
    12.130000000     0.000000349     0.124987393     0.000069499
    12.140000000     0.000000342     0.127146501     0.000068092
    12.150000000     0.000000334     0.129296202     0.000066418
    12.160000000     0.000000324     0.131436559     0.000064497
    12.170000000     0.000000313     0.133567636     0.000062354
    12.180000000     0.000000301     0.135689495     0.000060015
    12.190000000     0.000000289     0.137802198     0.000057508
    12.200000000     0.000000276     0.139905806     0.000054861
    12.210000000     0.000000262     0.142000380     0.000052104
    12.220000000     0.000000247     0.144085980     0.000049266
    12.230000000     0.000000233     0.146162666     0.000046376
    12.240000000     0.000000218     0.148230496     0.000043462
    12.250000000     0.000000204     0.150289529     0.000040550
    12.260000000     0.000000189     0.152339823     0.000037666
    12.270000000     0.000000175     0.154381435     0.000034832
    12.280000000     0.000000161     0.156414422     0.000032068
    12.290000000     0.000000148     0.158438840     0.000029392
    12.300000000     0.000000135     0.160454746     0.000026821
    12.310000000     0.000000122     0.162462194     0.000024365
    12.320000000     0.000000111     0.164461239     0.000022037
    12.330000000     0.000000100     0.166451936     0.000019842
    12.340000000     0.000000089     0.168434338     0.000017787
    12.350000000     0.000000080     0.170408498     0.000015874
    12.360000000     0.000000071     0.172374470     0.000014104
    12.370000000     0.000000063     0.174332306     0.000012476
    12.380000000     0.000000055     0.176282058     0.000010986
    12.390000000     0.000000048     0.178223777     0.000009632
    12.400000000     0.000000042     0.180157514     0.000008407
    12.410000000     0.000000037     0.182083319     0.000007306
    12.420000000     0.000000032     0.184001243     0.000006320
    12.430000000     0.000000027     0.185911336     0.000005443
    12.440000000     0.000000023     0.187813645     0.000004667
    12.450000000     0.000000020     0.189708221     0.000003984
    12.460000000     0.000000017     0.191595111     0.000003386
    12.470000000     0.000000014     0.193474364     0.000002865
    12.480000000     0.000000012     0.195346026     0.000002413
    12.490000000     0.000000010     0.197210145     0.000002024
    12.500000000     0.000000008     0.199066767     0.000001690
    12.510000000     0.000000007     0.200915939     0.000001404
    12.520000000     0.000000006     0.202757706     0.000001162
    12.530000000     0.000000005     0.204592114     0.000000957
    12.540000000     0.000000004     0.206419207     0.000000785
    12.550000000     0.000000003     0.208239031     0.000000641
    12.560000000     0.000000003     0.210051630     0.000000521
    12.570000000     0.000000002     0.211857047     0.000000422
    12.580000000     0.000000002     0.213655326     0.000000340
    12.590000000     0.000000001     0.215446510     0.000000273
    12.600000000     0.000000001     0.217230643     0.000000218
    12.610000000     0.000000001     0.219007765     0.000000173
    12.620000000     0.000000001     0.220777919     0.000000137
    12.630000000     0.000000001     0.222541148     0.000000108
    12.640000000     0.000000000     0.224297492     0.000000085
    12.650000000     0.000000000     0.226046992     0.000000066
    12.660000000     0.000000000     0.227789689     0.000000051
    12.670000000     0.000000000     0.229525623     0.000000040
    12.680000000     0.000000000     0.231254834     0.000000031
    12.690000000     0.000000000     0.232977362     0.000000024
    12.700000000     0.000000000     0.234693246     0.000000018
    12.710000000     0.000000000     0.236402525     0.000000014
    12.720000000     0.000000000     0.238105237     0.000000010
    12.730000000     0.000000000     0.239801422     0.000000008
    12.740000000     0.000000000     0.241491117     0.000000006
    12.750000000     0.000000000     0.243174359     0.000000004
    12.760000000     0.000000000     0.244851186     0.000000003
    12.770000000     0.000000000     0.246521636     0.000000002
    12.780000000     0.000000000     0.248185745     0.000000002
    12.790000000     0.000000000     0.249843549     0.000000001
    12.800000000     0.000000000     0.251495085     0.000000001
    12.810000000     0.000000000     0.253140389     0.000000001
    12.820000000     0.000000000     0.254779496     0.000000001
    12.830000000     0.000000000     0.256412441     0.000000000
    12.840000000     0.000000000     0.258039261     0.000000000
    12.850000000     0.000000000     0.259659988     0.000000000
    12.860000000     0.000000000     0.261274659     0.000000000
    12.870000000     0.000000000     0.262883307     0.000000000
    12.880000000     0.000000000     0.264485966     0.000000000
    12.890000000     0.000000000     0.266082670     0.000000000
    12.900000000     0.000000000     0.267673452     0.000000000
    12.910000000     0.000000000     0.269258345     0.000000000
    12.920000000     0.000000000     0.270837383     0.000000000
    12.930000000     0.000000000     0.272410598     0.000000000
    12.940000000     0.000000000     0.273978022     0.000000000
    12.950000000     0.000000000     0.275539688     0.000000000
    12.960000000     0.000000000     0.277095627     0.000000000
    12.970000000     0.000000000     0.278645872     0.000000000
    12.980000000     0.000000000     0.280190453     0.000000000
    12.990000000     0.000000000     0.281729401     0.000000000
    13.000000000     0.000000000     0.283262748     0.000000000
    13.010000000     0.000000000     0.284790524     0.000000000
    13.020000000     0.000000000     0.286312760     0.000000000
    13.030000000     0.000000000     0.287829486     0.000000000
    13.040000000     0.000000000     0.289340732     0.000000000
    13.050000000     0.000000000     0.290846528     0.000000000
    13.060000000     0.000000000     0.292346903     0.000000000
    13.070000000     0.000000000     0.293841886     0.000000000
    13.080000000     0.000000000     0.295331508     0.000000000
    13.090000000     0.000000000     0.296815795     0.000000000
    13.100000000     0.000000000     0.298294778     0.000000000
    13.110000000     0.000000000     0.299768485     0.000000000
    13.120000000     0.000000000     0.301236943     0.000000000
    13.130000000     0.000000000     0.302700181     0.000000000
    13.140000000     0.000000000     0.304158227     0.000000000
    13.150000000     0.000000000     0.305611109     0.000000000
    13.160000000     0.000000000     0.307058853     0.000000000
    13.170000000     0.000000000     0.308501487     0.000000000
    13.180000000     0.000000000     0.309939038     0.000000000
    13.190000000     0.000000000     0.311371533     0.000000000
    13.200000000     0.000000000     0.312798999     0.000000000
    13.210000000     0.000000000     0.314221461     0.000000000
    13.220000000     0.000000000     0.315638946     0.000000000
    13.230000000     0.000000000     0.317051480     0.000000000
    13.240000000     0.000000000     0.318459089     0.000000000
    13.250000000     0.000000000     0.319861799     0.000000000
    13.260000000     0.000000000     0.321259635     0.000000000
    13.270000000     0.000000000     0.322652623     0.000000000
    13.280000000     0.000000000     0.324040786     0.000000000
    13.290000000     0.000000000     0.325424152     0.000000000
    13.300000000     0.000000000     0.326802743     0.000000000
    13.310000000     0.000000000     0.328176585     0.000000000
    13.320000000     0.000000000     0.329545702     0.000000000
    13.330000000     0.000000000     0.330910119     0.000000000
    13.340000000     0.000000000     0.332269859     0.000000000
    13.350000000     0.000000000     0.333624946     0.000000000
    13.360000000     0.000000000     0.334975405     0.000000000
    13.370000000     0.000000000     0.336321258     0.000000000
    13.380000000     0.000000000     0.337662529     0.000000000
    13.390000000     0.000000000     0.338999241     0.000000000
    13.400000000     0.000000000     0.340331417     0.000000000
    13.410000000     0.000000000     0.341659081     0.000000000
    13.420000000     0.000000000     0.342982254     0.000000000
    13.430000000     0.000000000     0.344300960     0.000000000
    13.440000000     0.000000000     0.345615221     0.000000000
    13.450000000     0.000000000     0.346925059     0.000000000
    13.460000000     0.000000000     0.348230496     0.000000000
    13.470000000     0.000000000     0.349531555     0.000000000
    13.480000000     0.000000000     0.350828256     0.000000000
    13.490000000     0.000000000     0.352120623     0.000000000
    13.500000000     0.000000000     0.353408675     0.000000000
    13.510000000     0.000000000     0.354692435     0.000000000
    13.520000000     0.000000000     0.355971924     0.000000000
    13.530000000     0.000000000     0.357247163     0.000000000
    13.540000000     0.000000000     0.358518173     0.000000000
    13.550000000     0.000000000     0.359784974     0.000000000
    13.560000000     0.000000000     0.361047587     0.000000000
    13.570000000     0.000000000     0.362306034     0.000000000
    13.580000000     0.000000000     0.363560333     0.000000000
    13.590000000     0.000000000     0.364810506     0.000000000
    13.600000000     0.000000000     0.366056572     0.000000000
    13.610000000     0.000000000     0.367298552     0.000000000
    13.620000000     0.000000000     0.368536465     0.000000000
    13.630000000     0.000000000     0.369770331     0.000000000
    13.640000000     0.000000000     0.371000170     0.000000000
    13.650000000     0.000000000     0.372226001     0.000000000
    13.660000000     0.000000000     0.373447843     0.000000000
    13.670000000     0.000000000     0.374665715     0.000000000
    13.680000000     0.000000000     0.375879637     0.000000000
    13.690000000     0.000000000     0.377089628     0.000000000
    13.700000000     0.000000000     0.378295705     0.000000000
    13.710000000     0.000000000     0.379497889     0.000000000
    13.720000000     0.000000000     0.380696197     0.000000000
    13.730000000     0.000000000     0.381890649     0.000000000
    13.740000000     0.000000000     0.383081261     0.000000000
    13.750000000     0.000000000     0.384268053     0.000000000
    13.760000000     0.000000000     0.385451043     0.000000000
    13.770000000     0.000000000     0.386630248     0.000000000
    13.780000000     0.000000000     0.387805686     0.000000000
    13.790000000     0.000000000     0.388977376     0.000000000
    13.800000000     0.000000000     0.390145334     0.000000000
    13.810000000     0.000000000     0.391309579     0.000000000
    13.820000000     0.000000000     0.392470127     0.000000000
    13.830000000     0.000000000     0.393626996     0.000000000
    13.840000000     0.000000000     0.394780204     0.000000000
    13.850000000     0.000000000     0.395929766     0.000000000
    13.860000000     0.000000000     0.397075701     0.000000000
    13.870000000     0.000000000     0.398218024     0.000000000
    13.880000000     0.000000000     0.399356753     0.000000000
    13.890000000     0.000000000     0.400491905     0.000000000
    13.900000000     0.000000000     0.401623495     0.000000000
    13.910000000     0.000000000     0.402751540     0.000000000
    13.920000000     0.000000000     0.403876057     0.000000000
    13.930000000     0.000000000     0.404997062     0.000000000
    13.940000000     0.000000000     0.406114571     0.000000000
    13.950000000     0.000000000     0.407228600     0.000000000
    13.960000000     0.000000000     0.408339165     0.000000000
    13.970000000     0.000000000     0.409446281     0.000000000
    13.980000000     0.000000000     0.410549965     0.000000000
    13.990000000     0.000000000     0.411650231     0.000000000
    14.000000000     0.000000000     0.412747096     0.000000000
