 # Column 1: omega
 # Column 2: eps2(omega)
 # Column 3: eps1(omega)
 # Column 4: JDOS(omega)
     0.000000000    -0.000000000     2.044699258     0.000000000
     0.010000000     0.000000000     2.044706159     0.000000000
     0.020000000     0.000000000     2.044726862     0.000000000
     0.030000000     0.000000000     2.044761371     0.000000000
     0.040000000     0.000000000     2.044809688     0.000000000
     0.050000000     0.000000000     2.044871818     0.000000000
     0.060000000     0.000000000     2.044947767     0.000000000
     0.070000000     0.000000000     2.045037543     0.000000000
     0.080000000     0.000000000     2.045141155     0.000000000
     0.090000000     0.000000000     2.045258613     0.000000000
     0.100000000     0.000000000     2.045389929     0.000000000
     0.110000000     0.000000000     2.045535115     0.000000000
     0.120000000     0.000000000     2.045694187     0.000000000
     0.130000000     0.000000000     2.045867160     0.000000000
     0.140000000     0.000000000     2.046054052     0.000000000
     0.150000000     0.000000000     2.046254881     0.000000000
     0.160000000     0.000000000     2.046469668     0.000000000
     0.170000000     0.000000000     2.046698433     0.000000000
     0.180000000     0.000000000     2.046941200     0.000000000
     0.190000000     0.000000000     2.047197994     0.000000000
     0.200000000     0.000000000     2.047468840     0.000000000
     0.210000000     0.000000000     2.047753765     0.000000000
     0.220000000     0.000000000     2.048052798     0.000000000
     0.230000000     0.000000000     2.048365970     0.000000000
     0.240000000     0.000000000     2.048693312     0.000000000
     0.250000000     0.000000000     2.049034857     0.000000000
     0.260000000     0.000000000     2.049390640     0.000000000
     0.270000000     0.000000000     2.049760698     0.000000000
     0.280000000     0.000000000     2.050145067     0.000000000
     0.290000000     0.000000000     2.050543788     0.000000000
     0.300000000     0.000000000     2.050956900     0.000000000
     0.310000000     0.000000000     2.051384447     0.000000000
     0.320000000     0.000000000     2.051826472     0.000000000
     0.330000000     0.000000000     2.052283020     0.000000000
     0.340000000     0.000000000     2.052754140     0.000000000
     0.350000000     0.000000000     2.053239879     0.000000000
     0.360000000     0.000000000     2.053740288     0.000000000
     0.370000000     0.000000000     2.054255419     0.000000000
     0.380000000     0.000000000     2.054785326     0.000000000
     0.390000000     0.000000000     2.055330063     0.000000000
     0.400000000     0.000000000     2.055889689     0.000000000
     0.410000000     0.000000000     2.056464262     0.000000000
     0.420000000     0.000000000     2.057053842     0.000000000
     0.430000000     0.000000000     2.057658492     0.000000000
     0.440000000     0.000000000     2.058278275     0.000000000
     0.450000000     0.000000000     2.058913259     0.000000000
     0.460000000     0.000000000     2.059563509     0.000000000
     0.470000000     0.000000000     2.060229097     0.000000000
     0.480000000     0.000000000     2.060910093     0.000000000
     0.490000000     0.000000000     2.061606571     0.000000000
     0.500000000     0.000000000     2.062318606     0.000000000
     0.510000000     0.000000000     2.063046276     0.000000000
     0.520000000     0.000000000     2.063789659     0.000000000
     0.530000000     0.000000000     2.064548836     0.000000000
     0.540000000     0.000000000     2.065323892     0.000000000
     0.550000000     0.000000000     2.066114911     0.000000000
     0.560000000     0.000000000     2.066921981     0.000000000
     0.570000000     0.000000000     2.067745191     0.000000000
     0.580000000     0.000000000     2.068584634     0.000000000
     0.590000000     0.000000000     2.069440402     0.000000000
     0.600000000     0.000000000     2.070312593     0.000000000
     0.610000000     0.000000000     2.071201305     0.000000000
     0.620000000     0.000000000     2.072106638     0.000000000
     0.630000000     0.000000000     2.073028695     0.000000000
     0.640000000     0.000000000     2.073967583     0.000000000
     0.650000000     0.000000000     2.074923408     0.000000000
     0.660000000     0.000000000     2.075896282     0.000000000
     0.670000000     0.000000000     2.076886317     0.000000000
     0.680000000     0.000000000     2.077893629     0.000000000
     0.690000000     0.000000000     2.078918336     0.000000000
     0.700000000     0.000000000     2.079960558     0.000000000
     0.710000000     0.000000000     2.081020420     0.000000000
     0.720000000     0.000000000     2.082098046     0.000000000
     0.730000000     0.000000000     2.083193567     0.000000000
     0.740000000     0.000000000     2.084307114     0.000000000
     0.750000000     0.000000000     2.085438822     0.000000000
     0.760000000     0.000000000     2.086588828     0.000000000
     0.770000000     0.000000000     2.087757274     0.000000000
     0.780000000     0.000000000     2.088944302     0.000000000
     0.790000000     0.000000000     2.090150061     0.000000000
     0.800000000     0.000000000     2.091374701     0.000000000
     0.810000000     0.000000000     2.092618374     0.000000000
     0.820000000     0.000000000     2.093881239     0.000000000
     0.830000000     0.000000000     2.095163454     0.000000000
     0.840000000     0.000000000     2.096465185     0.000000000
     0.850000000     0.000000000     2.097786598     0.000000000
     0.860000000     0.000000000     2.099127864     0.000000000
     0.870000000     0.000000000     2.100489159     0.000000000
     0.880000000     0.000000000     2.101870661     0.000000000
     0.890000000     0.000000000     2.103272551     0.000000000
     0.900000000     0.000000000     2.104695018     0.000000000
     0.910000000     0.000000000     2.106138251     0.000000000
     0.920000000     0.000000000     2.107602445     0.000000000
     0.930000000     0.000000000     2.109087800     0.000000000
     0.940000000     0.000000000     2.110594518     0.000000000
     0.950000000     0.000000000     2.112122807     0.000000000
     0.960000000     0.000000000     2.113672880     0.000000000
     0.970000000     0.000000000     2.115244955     0.000000000
     0.980000000     0.000000000     2.116839252     0.000000000
     0.990000000     0.000000000     2.118456000     0.000000000
     1.000000000     0.000000000     2.120095429     0.000000000
     1.010000000     0.000000000     2.121757778     0.000000000
     1.020000000     0.000000000     2.123443288     0.000000000
     1.030000000     0.000000000     2.125152208     0.000000000
     1.040000000     0.000000000     2.126884791     0.000000000
     1.050000000     0.000000000     2.128641296     0.000000000
     1.060000000     0.000000000     2.130421989     0.000000000
     1.070000000     0.000000000     2.132227140     0.000000000
     1.080000000     0.000000000     2.134057028     0.000000000
     1.090000000     0.000000000     2.135911935     0.000000000
     1.100000000     0.000000000     2.137792152     0.000000000
     1.110000000     0.000000000     2.139697977     0.000000000
     1.120000000     0.000000000     2.141629712     0.000000000
     1.130000000     0.000000000     2.143587670     0.000000000
     1.140000000     0.000000000     2.145572168     0.000000000
     1.150000000     0.000000000     2.147583533     0.000000000
     1.160000000     0.000000000     2.149622098     0.000000000
     1.170000000     0.000000000     2.151688204     0.000000000
     1.180000000     0.000000000     2.153782201     0.000000000
     1.190000000     0.000000000     2.155904448     0.000000000
     1.200000000     0.000000000     2.158055311     0.000000000
     1.210000000     0.000000000     2.160235166     0.000000000
     1.220000000     0.000000000     2.162444398     0.000000000
     1.230000000     0.000000000     2.164683402     0.000000000
     1.240000000     0.000000000     2.166952581     0.000000000
     1.250000000     0.000000000     2.169252350     0.000000000
     1.260000000     0.000000000     2.171583134     0.000000000
     1.270000000     0.000000000     2.173945367     0.000000000
     1.280000000     0.000000000     2.176339498     0.000000000
     1.290000000     0.000000000     2.178765982     0.000000000
     1.300000000     0.000000000     2.181225290     0.000000000
     1.310000000     0.000000000     2.183717905     0.000000000
     1.320000000     0.000000000     2.186244319     0.000000000
     1.330000000     0.000000000     2.188805041     0.000000000
     1.340000000     0.000000000     2.191400590     0.000000000
     1.350000000     0.000000000     2.194031503     0.000000000
     1.360000000     0.000000000     2.196698327     0.000000000
     1.370000000     0.000000001     2.199401626     0.000000000
     1.380000000     0.000000001     2.202141980     0.000000000
     1.390000000     0.000000001     2.204919983     0.000000000
     1.400000000     0.000000002     2.207736246     0.000000000
     1.410000000     0.000000003     2.210591398     0.000000000
     1.420000000     0.000000004     2.213486085     0.000000000
     1.430000000     0.000000006     2.216420970     0.000000000
     1.440000000     0.000000008     2.219396737     0.000000000
     1.450000000     0.000000012     2.222414088     0.000000001
     1.460000000     0.000000017     2.225473747     0.000000001
     1.470000000     0.000000025     2.228576456     0.000000001
     1.480000000     0.000000035     2.231722981     0.000000002
     1.490000000     0.000000050     2.234914111     0.000000002
     1.500000000     0.000000070     2.238150658     0.000000003
     1.510000000     0.000000098     2.241433457     0.000000005
     1.520000000     0.000000137     2.244763370     0.000000007
     1.530000000     0.000000190     2.248141285     0.000000009
     1.540000000     0.000000264     2.251568116     0.000000013
     1.550000000     0.000000364     2.255044808     0.000000018
     1.560000000     0.000000500     2.258572332     0.000000024
     1.570000000     0.000000683     2.262151692     0.000000033
     1.580000000     0.000000931     2.265783924     0.000000045
     1.590000000     0.000001263     2.269470095     0.000000060
     1.600000000     0.000001706     2.273211309     0.000000081
     1.610000000     0.000002295     2.277008704     0.000000109
     1.620000000     0.000003076     2.280863457     0.000000145
     1.630000000     0.000004106     2.284776781     0.000000192
     1.640000000     0.000005459     2.288749931     0.000000254
     1.650000000     0.000007228     2.292784205     0.000000334
     1.660000000     0.000009534     2.296880943     0.000000437
     1.670000000     0.000012525     2.301041531     0.000000570
     1.680000000     0.000016391     2.305267402     0.000000740
     1.690000000     0.000021366     2.309560037     0.000000956
     1.700000000     0.000027744     2.313920972     0.000001231
     1.710000000     0.000035887     2.318351791     0.000001578
     1.720000000     0.000046243     2.322854137     0.000002014
     1.730000000     0.000059360     2.327429708     0.000002560
     1.740000000     0.000075912     2.332080264     0.000003240
     1.750000000     0.000096714     2.336807623     0.000004083
     1.760000000     0.000122758     2.341613672     0.000005125
     1.770000000     0.000155237     2.346500359     0.000006405
     1.780000000     0.000195589     2.351469704     0.000007973
     1.790000000     0.000245528     2.356523797     0.000009884
     1.800000000     0.000307099     2.361664801     0.000012202
     1.810000000     0.000382725     2.366894953     0.000015004
     1.820000000     0.000475265     2.372216567     0.000018374
     1.830000000     0.000588079     2.377632038     0.000022411
     1.840000000     0.000725097     2.383143838     0.000027227
     1.850000000     0.000890894     2.388754521     0.000032947
     1.860000000     0.001090776     2.394466724     0.000039713
     1.870000000     0.001330862     2.400283164     0.000047684
     1.880000000     0.001618180     2.406206640     0.000057037
     1.890000000     0.001960766     2.412240030     0.000067966
     1.900000000     0.002367756     2.418386288     0.000080688
     1.910000000     0.002849496     2.424648439     0.000095440
     1.920000000     0.003417635     2.431029576     0.000112482
     1.930000000     0.004085230     2.437532845     0.000132096
     1.940000000     0.004866829     2.444161440     0.000154592
     1.950000000     0.005778566     2.450918586     0.000180303
     1.960000000     0.006838222     2.457807517     0.000209591
     1.970000000     0.008065289     2.464831457     0.000242849
     1.980000000     0.009481001     2.471993584     0.000280499
     1.990000000     0.011108347     2.479296998     0.000323001
     2.000000000     0.012972054     2.486744669     0.000370851
     2.010000000     0.015098534     2.494339380     0.000424589
     2.020000000     0.017515790     2.502083661     0.000484803
     2.030000000     0.020253293     2.509979694     0.000552137
     2.040000000     0.023341792     2.518029220     0.000627295
     2.050000000     0.026813089     2.526233406     0.000711060
     2.060000000     0.030699763     2.534592699     0.000804295
     2.070000000     0.035034826     2.543106655     0.000907966
     2.080000000     0.039851348     2.551773736     0.001023155
     2.090000000     0.045182011     2.560591080     0.001151078
     2.100000000     0.051058636     2.569554240     0.001293111
     2.110000000     0.057511654     2.578656911     0.001450813
     2.120000000     0.064569555     2.587890630     0.001625954
     2.130000000     0.072258311     2.597244484     0.001820548
     2.140000000     0.080600795     2.606704834     0.002036887
     2.150000000     0.089616200     2.616255095     0.002277577
     2.160000000     0.099319485     2.625875584     0.002545582
     2.170000000     0.109720865     2.635543485     0.002844265
     2.180000000     0.120825352     2.645232932     0.003177429
     2.190000000     0.132632388     2.654915209     0.003549371
     2.200000000     0.145135568     2.664559011     0.003964923
     2.210000000     0.158322492     2.674130652     0.004429499
     2.220000000     0.172174746     2.683594063     0.004949143
     2.230000000     0.186668041     2.692910385     0.005530569
     2.240000000     0.201772510     2.702037017     0.006181202
     2.250000000     0.217453186     2.710926081     0.006909208
     2.260000000     0.233670647     2.719522503     0.007723522
     2.270000000     0.250381833     2.727762105     0.008633865
     2.280000000     0.267541035     2.735570369     0.009650749
     2.290000000     0.285101028     2.742862542     0.010785471
     2.300000000     0.303014325     2.749545719     0.012050087
     2.310000000     0.321234545     2.755523232     0.013457378
     2.320000000     0.339717835     2.760701315     0.015020788
     2.330000000     0.358424320     2.764997553     0.016754344
     2.340000000     0.377319534     2.768350231     0.018672557
     2.350000000     0.396375785     2.770727342     0.020790295
     2.360000000     0.415573397     2.772133885     0.023122628
     2.370000000     0.434901779     2.772616099     0.025684661
     2.380000000     0.454360279     2.772261646     0.028491321
     2.390000000     0.473958752     2.771195349     0.031557137
     2.400000000     0.493717824     2.769570846     0.034895988
     2.410000000     0.513668782     2.767559314     0.038520826
     2.420000000     0.533853094     2.765336934     0.042443387
     2.430000000     0.554321502     2.763072923     0.046673880
     2.440000000     0.575132701     2.760919657     0.051220669
     2.450000000     0.596351600     2.759005734     0.056089941
     2.460000000     0.618047174     2.757432060     0.061285378
     2.470000000     0.640289941     2.756270405     0.066807836
     2.480000000     0.663149108     2.755563509     0.072655031
     2.490000000     0.686689439     2.755325900     0.078821242
     2.500000000     0.710967920     2.755544847     0.085297056
     2.510000000     0.736030303     2.756181320     0.092069125
     2.520000000     0.761907616     2.757171065     0.099119991
     2.530000000     0.788612751     2.758426049     0.106427937
     2.540000000     0.816137225     2.759836378     0.113966916
     2.550000000     0.844448239     2.761272649     0.121706532
     2.560000000     0.873486129     2.762588485     0.129612091
     2.570000000     0.903162329     2.763622940     0.137644735
     2.580000000     0.933357929     2.764202502     0.145761639
     2.590000000     0.963922927     2.764142485     0.153916294
     2.600000000     0.994676245     2.763247746     0.162058873
     2.610000000     1.025406552     2.761312724     0.170136661
     2.620000000     1.055873938     2.758120959     0.178094566
     2.630000000     1.085812441     2.753444330     0.185875695
     2.640000000     1.114933412     2.747042495     0.193421991
     2.650000000     1.142929672     2.738663188     0.200674916
     2.660000000     1.169480399     2.728044273     0.207576178
     2.670000000     1.194256641     2.714918570     0.214068488
     2.680000000     1.216927340     2.699022584     0.220096324
     2.690000000     1.237165730     2.680110162     0.225606707
     2.700000000     1.254655951     2.657971874     0.230549952
     2.710000000     1.269099708     2.632460254     0.234880399
     2.720000000     1.280222806     2.603519972     0.238557101
     2.730000000     1.287781365     2.571220488     0.241544448
     2.740000000     1.291567566     2.535786908     0.243812727
     2.750000000     1.291414742     2.497623302     0.245338601
     2.760000000     1.287201676     2.457322095     0.246105492
     2.770000000     1.278855977     2.415654089     0.246103863
     2.780000000     1.266356422     2.373536389     0.245331397
     2.790000000     1.249734216     2.331979551     0.243793056
     2.800000000     1.229073094     2.292019742     0.241501038
     2.810000000     1.204508286     2.254645156     0.238474607
     2.820000000     1.176224368     2.220727378     0.234739829
     2.830000000     1.144452037     2.190967269     0.230329184
     2.840000000     1.109463937     2.165861756     0.225281103
     2.850000000     1.071569614     2.145693587     0.219639395
     2.860000000     1.031109779     2.130542045     0.213452618
     2.870000000     0.988450015     2.120309611     0.206773371
     2.880000000     0.943974106     2.114758242     0.199657548
     2.890000000     0.898077171     2.113549065     0.192163553
     2.900000000     0.851158787     2.116280460     0.184351498
     2.910000000     0.803616258     2.122521194     0.176282394
     2.920000000     0.755838214     2.131836890     0.168017361
     2.930000000     0.708198680     2.143809471     0.159616856
     2.940000000     0.661051739     2.158050132     0.151139949
     2.950000000     0.614726905     2.174206882     0.142643640
     2.960000000     0.569525279     2.191967867     0.134182248
     2.970000000     0.525716545     2.211061653     0.125806868
     2.980000000     0.483536844     2.231255469     0.117564899
     2.990000000     0.443187516     2.252352210     0.109499662
     3.000000000     0.404834696     2.274186806     0.101650102
     3.010000000     0.368609738     2.296622360     0.094050571
     3.020000000     0.334610381     2.319546342     0.086730703
     3.030000000     0.302902611     2.342867004     0.079715363
     3.040000000     0.273523120     2.366510110     0.073024680
     3.050000000     0.246482271     2.390416025     0.066674152
     3.060000000     0.221767480     2.414537186     0.060674809
     3.070000000     0.199346919     2.438835955     0.055033440
     3.080000000     0.179173429     2.463282851     0.049752866
     3.090000000     0.161188571     2.487855169     0.044832250
     3.100000000     0.145326723     2.512535983     0.040267446
     3.110000000     0.131519141     2.537313559     0.036051354
     3.120000000     0.119697906     2.562181159     0.032174308
     3.130000000     0.109799718     2.587137242     0.028624448
     3.140000000     0.101769449     2.612185973     0.025388107
     3.150000000     0.095563428     2.637337953     0.022450177
     3.160000000     0.091152400     2.662610939     0.019794462
     3.170000000     0.088524127     2.688030326     0.017404015
     3.180000000     0.087685592     2.713629087     0.015261445
     3.190000000     0.088664765     2.739446965     0.013349197
     3.200000000     0.091511913     2.765528803     0.011649809
     3.210000000     0.096300409     2.791922148     0.010146128
     3.220000000     0.103127012     2.818674406     0.008821503
     3.230000000     0.112111595     2.845830011     0.007659942
     3.240000000     0.123396290     2.873427998     0.006646241
     3.250000000     0.137144014     2.901500294     0.005766086
     3.260000000     0.153536376     2.930070806     0.005006126
     3.270000000     0.172770936     2.959155206     0.004354019
     3.280000000     0.195057810     2.988761172     0.003798465
     3.290000000     0.220615640     3.018888794     0.003329212
     3.300000000     0.249666927     3.049530896     0.002937046
     3.310000000     0.282432786     3.080673050     0.002613775
     3.320000000     0.319127155     3.112293163     0.002352191
     3.330000000     0.359950545     3.144360547     0.002146035
     3.340000000     0.405083415     3.176834424     0.001989947
     3.350000000     0.454679297     3.209661842     0.001879421
     3.360000000     0.508857797     3.242774966     0.001810751
     3.370000000     0.567697638     3.276087705     0.001780981
     3.380000000     0.631229910     3.309491630     0.001787862
     3.390000000     0.699431713     3.342851127     0.001829803
     3.400000000     0.772220390     3.375997737     0.001905834
     3.410000000     0.849448556     3.408723658     0.002015576
     3.420000000     0.930900094     3.440774427     0.002159212
     3.430000000     1.016287336     3.471840888     0.002337469
     3.440000000     1.105249558     3.501550695     0.002551613
     3.450000000     1.197352971     3.529459794     0.002803441
     3.460000000     1.292092283     3.555044625     0.003095291
     3.470000000     1.388893929     3.577696166     0.003430059
     3.480000000     1.487120990     3.596717428     0.003811218
     3.490000000     1.586079778     3.611326522     0.004242857
     3.500000000     1.685028026     3.620667953     0.004729709
     3.510000000     1.783184563     3.623835084     0.005277208
     3.520000000     1.879740296     3.619906617     0.005891530
     3.530000000     1.973870299     3.607999080     0.006579653
     3.540000000     2.064746740     3.587335398     0.007349416
     3.550000000     2.151552357     3.557326513     0.008209573
     3.560000000     2.233494167     3.517658870     0.009169859
     3.570000000     2.309817082     3.468376145     0.010241040
     3.580000000     2.379817081     3.409940270     0.011434969
     3.590000000     2.442853611     3.343256212     0.012764633
     3.600000000     2.498360905     3.269648743     0.014244182
     3.610000000     2.545857930     3.190787618     0.015888960
     3.620000000     2.584956706     3.108568810     0.017715507
     3.630000000     2.615368809     3.024970085     0.019741555
     3.640000000     2.636909896     2.941905507     0.021985994
     3.650000000     2.649502169     2.861102699     0.024468817
     3.660000000     2.653174741     2.784019235     0.027211044
     3.670000000     2.648061947     2.711803456     0.030234611
     3.680000000     2.634399674     2.645294543     0.033562229
     3.690000000     2.612519868     2.585050289     0.037217210
     3.700000000     2.582843408     2.531389523     0.041223263
     3.710000000     2.545871585     2.484438451     0.045604246
     3.720000000     2.502176444     2.444174118     0.050383893
     3.730000000     2.452390297     2.410461794     0.055585500
     3.740000000     2.397194691     2.383085558     0.061231579
     3.750000000     2.337309149     2.361772666     0.067343480
     3.760000000     2.273479973     2.346212848     0.073940989
     3.770000000     2.206469391     2.336073822     0.081041901
     3.780000000     2.137045300     2.331014176     0.088661577
     3.790000000     2.065971830     2.330694338     0.096812486
     3.800000000     1.994000917     2.334785794     0.105503749
     3.810000000     1.921865015     2.342978242     0.114740681
     3.820000000     1.850271073     2.354984191     0.124524356
     3.830000000     1.779895814     2.370540777     0.134851188
     3.840000000     1.711382348     2.389409006     0.145712546
     3.850000000     1.645338087     2.411371094     0.157094423
     3.860000000     1.582333906     2.436226770     0.168977143
     3.870000000     1.522904464     2.463789364     0.181335154
     3.880000000     1.467549546     2.493882266     0.194136876
     3.890000000     1.416736310     2.526336097     0.207344649
     3.900000000     1.370902247     2.560986783     0.220914761
     3.910000000     1.330458698     2.597674564     0.234797582
     3.920000000     1.295794739     2.636243884     0.248937796
     3.930000000     1.267281239     2.676543924     0.263274740
     3.940000000     1.245274911     2.718429407     0.277742854
     3.950000000     1.230122157     2.761761214     0.292272222
     3.960000000     1.222162555     2.806406442     0.306789233
     3.970000000     1.221731779     2.852237676     0.321217321
     3.980000000     1.229163844     2.899131521     0.335477794
     3.990000000     1.244792501     2.946966579     0.349490744
     4.000000000     1.268951676     2.995621166     0.363176008
     4.010000000     1.301974862     3.044970951     0.376454184
     4.020000000     1.344193374     3.094886614     0.389247671
     4.030000000     1.395933431     3.145231456     0.401481717
     4.040000000     1.457512038     3.195858849     0.413085469
     4.050000000     1.529231687     3.246609476     0.423992986
     4.060000000     1.611373914     3.297308414     0.434144210
     4.070000000     1.704191802     3.347762226     0.443485868
     4.080000000     1.807901528     3.397756294     0.451972295
     4.090000000     1.922673130     3.447052543     0.459566153
     4.100000000     2.048620656     3.495387564     0.466239034
     4.110000000     2.185791922     3.542470884     0.471971939
     4.120000000     2.334158146     3.587982884     0.476755617
     4.130000000     2.493603699     3.631571672     0.480590759
     4.140000000     2.663916306     3.672848105     0.483488044
     4.150000000     2.844777979     3.711378286     0.485468028
     4.160000000     3.035757016     3.746673214     0.486560895
     4.170000000     3.236301366     3.778175838     0.486806052
     4.180000000     3.445733669     3.805246543     0.486251592
     4.190000000     3.663248237     3.827148804     0.484953630
     4.200000000     3.887910226     3.843037255     0.482975522
     4.210000000     4.118657196     3.851950665     0.480386983
     4.220000000     4.354303195     3.852812155     0.477263122
     4.230000000     4.593545467     3.844438706     0.473683404
     4.240000000     4.834973789     3.825561492     0.469730569
     4.250000000     5.077082391     3.794858031     0.465489507
     4.260000000     5.318284324     3.750996361     0.461046132
     4.270000000     5.556928090     3.692690569     0.456486246
     4.280000000     5.791316242     3.618765914     0.451894426
     4.290000000     6.019725650     3.528230883     0.447352950
     4.300000000     6.240429016     3.420352779     0.442940758
     4.310000000     6.451717223     3.294732949     0.438732488
     4.320000000     6.651922048     3.151377074     0.434797572
     4.330000000     6.839438748     2.990754718     0.431199412
     4.340000000     7.012748039     2.813840411     0.427994648
     4.350000000     7.170436985     2.622126685     0.425232506
     4.360000000     7.311218351     2.417599030     0.422954256
     4.370000000     7.433947997     2.202665463     0.421192754
     4.380000000     7.537639975     1.980039812     0.419972088
     4.390000000     7.621479000     1.752587052     0.419307326
     4.400000000     7.684830103     1.523148311     0.419204352
     4.410000000     7.727245289     1.294369561     0.419659815
     4.420000000     7.748467136     1.068559014     0.420661158
     4.430000000     7.748429344     0.847593430     0.422186751
     4.440000000     7.727254314     0.632884037     0.424206113
     4.450000000     7.685247895     0.425401112     0.426680230
     4.460000000     7.622891534     0.225745504     0.429561954
     4.470000000     7.540832074     0.034248305     0.432796501
     4.480000000     7.439869516    -0.148922113     0.436322026
     4.490000000     7.320943083    -0.323663583     0.440070288
     4.500000000     7.185115936    -0.489866126     0.443967394
     4.510000000     7.033558917    -0.647365862     0.447934625
     4.520000000     6.867533665    -0.795926876     0.451889331
     4.530000000     6.688375451    -0.935247470     0.455745896
     4.540000000     6.497476075    -1.064985006     0.459416773
     4.550000000     6.296267083    -1.184792318     0.462813555
     4.560000000     6.086203595    -1.294358108     0.465848107
     4.570000000     5.868748946    -1.393444131     0.468433715
     4.580000000     5.645360320    -1.481913444     0.470486260
     4.590000000     5.417475519    -1.559746393     0.471925381
     4.600000000     5.186500966    -1.627043745     0.472675635
     4.610000000     4.953800989    -1.684018739     0.472667609
     4.620000000     4.720688429    -1.730981328     0.471838985
     4.630000000     4.488416550    -1.768318331     0.470135517
     4.640000000     4.258172226    -1.796472834     0.467511929
     4.650000000     4.031070343    -1.815925294     0.463932682
     4.660000000     3.808149356    -1.827177871     0.459372618
     4.670000000     3.590367896    -1.830742563     0.453817450
     4.680000000     3.378602349    -1.827133129     0.447264088
     4.690000000     3.173645298    -1.816860266     0.439720798
     4.700000000     2.976204740    -1.800429279     0.431207174
     4.710000000     2.786903955    -1.778339377     0.421753928
     4.720000000     2.606281971    -1.751083740     0.411402499
     4.730000000     2.434794497    -1.719149667     0.400204489
     4.740000000     2.272815289    -1.683018321     0.388220918
     4.750000000     2.120637838    -1.643163821     0.375521346
     4.760000000     1.978477366    -1.600051716     0.362182839
     4.770000000     1.846473048    -1.554137019     0.348288835
     4.780000000     1.724690456    -1.505862124     0.333927914
     4.790000000     1.613124176    -1.455654929     0.319192501
     4.800000000     1.511700606    -1.403927474     0.304177534
     4.810000000     1.420280924    -1.351075311     0.288979126
     4.820000000     1.338664224    -1.297477764     0.273693242
     4.830000000     1.266590846    -1.243499136     0.258414425
     4.840000000     1.203745899    -1.189490835     0.243234589
     4.850000000     1.149763006    -1.135794324     0.228241914
     4.860000000     1.104228284    -1.082744681     0.213519851
     4.870000000     1.066684574    -1.030674495     0.199146254
     4.880000000     1.036635935    -0.979917677     0.185192666
     4.890000000     1.013552406    -0.930812666     0.171723750
     4.900000000     0.996875027    -0.883704394     0.158796874
     4.910000000     0.986021113    -0.838944247     0.146461861
     4.920000000     0.980389759    -0.796887258     0.134760885
     4.930000000     0.979367522    -0.757885848     0.123728515
     4.940000000     0.982334263    -0.722279693     0.113391891
     4.950000000     0.988669062    -0.690381787     0.103771026
     4.960000000     0.997756158    -0.662461402     0.094879211
     4.970000000     1.008990823    -0.638725341     0.086723501
     4.980000000     1.021785098    -0.619299364     0.079305282
     4.990000000     1.035573302    -0.604211837     0.072620878
     5.000000000     1.049817219    -0.593381344     0.066662194
     5.010000000     1.064010881    -0.586609474     0.061417372
     5.020000000     1.077684876    -0.583579572     0.056871438
     5.030000000     1.090410085    -0.583862179     0.053006933
     5.040000000     1.101800808    -0.586928140     0.049804508
     5.050000000     1.111517212    -0.592170438     0.047243474
     5.060000000     1.119267073    -0.598935062     0.045302293
     5.070000000     1.124806796    -0.606559547     0.043959009
     5.080000000     1.127941693    -0.614415547     0.043191613
     5.090000000     1.128525555    -0.621949938     0.042978329
     5.100000000     1.126459530    -0.628718282     0.043297840
     5.110000000     1.121690363    -0.634405483     0.044129435
     5.120000000     1.114208048    -0.638830733     0.045453095
     5.130000000     1.104042966    -0.641936709     0.047249517
     5.140000000     1.091262590    -0.643765628     0.049500083
     5.150000000     1.075967834    -0.644426635     0.052186778
     5.160000000     1.058289138    -0.644059847     0.055292072
     5.170000000     1.038382383    -0.642802370     0.058798774
     5.180000000     1.016424709    -0.640760761     0.062689850
     5.190000000     0.992610334    -0.637993124     0.066948247
     5.200000000     0.967146435    -0.634502324     0.071556697
     5.210000000     0.940249178    -0.630240050     0.076497527
     5.220000000     0.912139928    -0.625119771     0.081752486
     5.230000000     0.883041725    -0.619035320     0.087302584
     5.240000000     0.853176027    -0.611881228     0.093127957
     5.250000000     0.822759783    -0.603571044     0.099207758
     5.260000000     0.792002829    -0.594050820     0.105520091
     5.270000000     0.761105633    -0.583306291     0.112041965
     5.280000000     0.730257389    -0.571363740     0.118749303
     5.290000000     0.699634447    -0.558285650     0.125616982
     5.300000000     0.669399083    -0.544162856     0.132618916
     5.310000000     0.639698581    -0.529105021     0.139728174
     5.320000000     0.610664614    -0.513231048     0.146917145
     5.330000000     0.582412906    -0.496660633     0.154157726
     5.340000000     0.555043147    -0.479507693     0.161421551
     5.350000000     0.528639139    -0.461876048     0.168680245
     5.360000000     0.503269153    -0.443857316     0.175905696
     5.370000000     0.478986468    -0.425530740     0.183070353
     5.380000000     0.455830076    -0.406964439     0.190147527
     5.390000000     0.433825528    -0.388217503     0.197111705
     5.400000000     0.412985892    -0.369342356     0.203938862
     5.410000000     0.393312820    -0.350386933     0.210606758
     5.420000000     0.374797694    -0.331396329     0.217095234
     5.430000000     0.357422830    -0.312413768     0.223386477
     5.440000000     0.341162729    -0.293480861     0.229465263
     5.450000000     0.325985361    -0.274637225     0.235319170
     5.460000000     0.311853455    -0.255919603     0.240938744
     5.470000000     0.298725790    -0.237360687     0.246317630
     5.480000000     0.286558472    -0.218987848     0.251452655
     5.490000000     0.275306166    -0.200821968     0.256343851
     5.500000000     0.264923306    -0.182876526     0.260994437
     5.510000000     0.255365227    -0.165157033     0.265410734
     5.520000000     0.246589245    -0.147660827     0.269602029
     5.530000000     0.238555650    -0.130377222     0.273580388
     5.540000000     0.231228617    -0.113287985     0.277360403
     5.550000000     0.224577025    -0.096368109     0.280958904
     5.560000000     0.218575164    -0.079586935     0.284394616
     5.570000000     0.213203348    -0.062909599     0.287687775
     5.580000000     0.208448410    -0.046298813     0.290859716
     5.590000000     0.204304083    -0.029716875     0.293932433
     5.600000000     0.200771261    -0.013127747     0.296928120
     5.610000000     0.197858150     0.003501013     0.299868709
     5.620000000     0.195580290     0.020196663     0.302775406
     5.630000000     0.193960460     0.036980188     0.305668245
     5.640000000     0.193028466     0.053865780     0.308565657
     5.650000000     0.192820806     0.070860867     0.311484077
     5.660000000     0.193380221     0.087966581     0.314437593
     5.670000000     0.194755123     0.105178538     0.317437643
     5.680000000     0.196998922     0.122487737     0.320492768
     5.690000000     0.200169226     0.139881435     0.323608434
     5.700000000     0.204326950     0.157343860     0.326786916
     5.710000000     0.209535314     0.174856685     0.330027254
     5.720000000     0.215858748     0.192399286     0.333325286
     5.730000000     0.223361716     0.209948788     0.336673744
     5.740000000     0.232107457     0.227480027     0.340062423
     5.750000000     0.242156673     0.244965463     0.343478411
     5.760000000     0.253566164     0.262375143     0.346906380
     5.770000000     0.266387439     0.279676679     0.350328919
     5.780000000     0.280665317     0.296835245     0.353726917
     5.790000000     0.296436552     0.313813494     0.357079969
     5.800000000     0.313728491     0.330571337     0.360366802
     5.810000000     0.332557817     0.347065495     0.363565714
     5.820000000     0.352929381     0.363248759     0.366655005
     5.830000000     0.374835175     0.379068939     0.369613401
     5.840000000     0.398253456     0.394467461     0.372420445
     5.850000000     0.423148066     0.409377653     0.375056862
     5.860000000     0.449467965     0.423722760     0.377504887
     5.870000000     0.477146994     0.437413822     0.379748533
     5.880000000     0.506103895     0.450347608     0.381773824
     5.890000000     0.536242595     0.462404894     0.383568959
     5.900000000     0.567452754     0.473449452     0.385124434
     5.910000000     0.599610579     0.483328176     0.386433097
     5.920000000     0.632579892     0.491872770     0.387490161
     5.930000000     0.666213431     0.498903335     0.388293167
     5.940000000     0.700354361     0.504234079     0.388841899
     5.950000000     0.734837959     0.507681133     0.389138275
     5.960000000     0.769493433     0.509072239     0.389186193
     5.970000000     0.804145838     0.508257867     0.388991375
     5.980000000     0.838618033     0.505123119     0.388561183
     5.990000000     0.872732631     0.499599689     0.387904435
     6.000000000     0.906313907     0.491676973     0.387031226
     6.010000000     0.939189597     0.481411259     0.385952747
     6.020000000     0.971192567     0.468931690     0.384681127
     6.030000000     1.002162301     0.454441415     0.383229285
     6.040000000     1.031946193     0.438212345     0.381610797
     6.050000000     1.060400610     0.420572344     0.379839793
     6.060000000     1.087391726     0.401884764     0.377930858
     6.070000000     1.112796123     0.382521784     0.375898962
     6.080000000     1.136501165     0.362834633     0.373759392
     6.090000000     1.158405168     0.343124836     0.371527703
     6.100000000     1.178417379     0.323620707     0.369219661
     6.110000000     1.196457813     0.304462304     0.366851189
     6.120000000     1.212456964     0.285696484     0.364438306
     6.130000000     1.226355443     0.267281928     0.361997049
     6.140000000     1.238103574     0.249102680     0.359543373
     6.150000000     1.247660980     0.230987906     0.357093031
     6.160000000     1.254996206     0.212735343     0.354661429
     6.170000000     1.260086394     0.194135946     0.352263440
     6.180000000     1.262917033     0.174997612     0.349913204
     6.190000000     1.263481804     0.155166217     0.347623890
     6.200000000     1.261782523     0.134542562     0.345407431
     6.210000000     1.257829173     0.113094117     0.343274251
     6.220000000     1.251640020     0.090860724     0.341232963
     6.230000000     1.243241805     0.067953814     0.339290070
     6.240000000     1.232669964     0.044549232     0.337449673
     6.250000000     1.219968878     0.020874513     0.335713181
     6.260000000     1.205192097    -0.002807869     0.334079057
     6.270000000     1.188402531    -0.026219234     0.332542596
     6.280000000     1.169672552    -0.049083227     0.331095745
     6.290000000     1.149084001    -0.071142170     0.329726989
     6.300000000     1.126728073    -0.092169807     0.328421295
     6.310000000     1.102705042    -0.111979610     0.327160134
     6.320000000     1.077123844    -0.130428543     0.325921581
     6.330000000     1.050101493    -0.147416712     0.324680500
     6.340000000     1.021762330    -0.162883796     0.323408815
     6.350000000     0.992237131    -0.176803395     0.322075856
     6.360000000     0.961662069    -0.189176480     0.320648799
     6.370000000     0.930177565    -0.200024965     0.319093170
     6.380000000     0.897927043    -0.209386124     0.317373415
     6.390000000     0.865055623    -0.217308168     0.315453526
     6.400000000     0.831708781    -0.223847007     0.313297706
     6.410000000     0.798031007    -0.229063922     0.310871060
     6.420000000     0.764164485    -0.233023828     0.308140297
     6.430000000     0.730247837    -0.235793807     0.305074424
     6.440000000     0.696414945    -0.237441718     0.301645413
     6.450000000     0.662793876    -0.238034836     0.297828834
     6.460000000     0.629505933    -0.237638573     0.293604422
     6.470000000     0.596664835    -0.236315394     0.288956582
     6.480000000     0.564376052    -0.234124027     0.283874800
     6.490000000     0.532736277    -0.231119051     0.278353969
     6.500000000     0.501833053    -0.227350852     0.272394600
     6.510000000     0.471744544    -0.222865924     0.266002930
     6.520000000     0.442539438    -0.217707444     0.259190916
     6.530000000     0.414276981    -0.211916053     0.251976121
     6.540000000     0.387007118    -0.205530754     0.244381479
     6.550000000     0.360770742    -0.198589855     0.236434971
     6.560000000     0.335600017    -0.191131867     0.228169195
     6.570000000     0.311518782    -0.183196260     0.219620857
     6.580000000     0.288542997    -0.174823991     0.210830191
     6.590000000     0.266681244    -0.166057749     0.201840314
     6.600000000     0.245935244    -0.156941871     0.192696552
     6.610000000     0.226300402    -0.147521968     0.183445726
     6.620000000     0.207766352    -0.137844290     0.174135436
     6.630000000     0.190317503    -0.127954958     0.164813351
     6.640000000     0.173933580    -0.117899130     0.155526515
     6.650000000     0.158590153    -0.107720215     0.146320692
     6.660000000     0.144259142    -0.097459199     0.137239760
     6.670000000     0.130909314    -0.087154111     0.128325155
     6.680000000     0.118506747    -0.076839659     0.119615394
     6.690000000     0.107015284    -0.066547012     0.111145665
     6.700000000     0.096396950    -0.056303718     0.102947496
     6.710000000     0.086612356    -0.046133737     0.095048508
     6.720000000     0.077621075    -0.036057560     0.087472249
     6.730000000     0.069381995    -0.026092399     0.080238107
     6.740000000     0.061853652    -0.016252426     0.073361298
     6.750000000     0.054994529    -0.006549047     0.066852936
     6.760000000     0.048763347     0.003008810     0.060720151
     6.770000000     0.043119321     0.012414405     0.054966280
     6.780000000     0.038022392     0.021662897     0.049591101
     6.790000000     0.033433447     0.030751076     0.044591109
     6.800000000     0.029314499     0.039677117     0.039959823
     6.810000000     0.025628855     0.048440355     0.035688118
     6.820000000     0.022341257     0.057041085     0.031764570
     6.830000000     0.019417994     0.065480395     0.028175806
     6.840000000     0.016826999     0.073760007     0.024906854
     6.850000000     0.014537918     0.081882155     0.021941486
     6.860000000     0.012522161     0.089849474     0.019262541
     6.870000000     0.010752925     0.097664904     0.016852239
     6.880000000     0.009205205     0.105331616     0.014692458
     6.890000000     0.007855789     0.112852944     0.012764999
     6.900000000     0.006683224     0.120232332     0.011051812
     6.910000000     0.005667781     0.127473291     0.009535199
     6.920000000     0.004791400     0.134579359     0.008197984
     6.930000000     0.004037628     0.141554076     0.007023652
     6.940000000     0.003391542     0.148400958     0.005996469
     6.950000000     0.002839673     0.155123479     0.005101559
     6.960000000     0.002369918     0.161725057     0.004324974
     6.970000000     0.001971452     0.168209041     0.003653725
     6.980000000     0.001634639     0.174578704     0.003075806
     6.990000000     0.001350938     0.180837238     0.002580190
     7.000000000     0.001112813     0.186987748     0.002156819
     7.010000000     0.000913647     0.193033249     0.001796571
     7.020000000     0.000747653     0.198976668     0.001491225
     7.030000000     0.000609797     0.204820839     0.001233418
     7.040000000     0.000495712     0.210568506     0.001016591
     7.050000000     0.000401635     0.216222322     0.000834931
     7.060000000     0.000324332     0.221784855     0.000683320
     7.070000000     0.000261037     0.227258584     0.000557273
     7.080000000     0.000209395     0.232645903     0.000452880
     7.090000000     0.000167410     0.237949126     0.000366749
     7.100000000     0.000133397     0.243170485     0.000295957
     7.110000000     0.000105941     0.248312137     0.000237992
     7.120000000     0.000083855     0.253376162     0.000190710
     7.130000000     0.000066152     0.258364569     0.000152286
     7.140000000     0.000052013     0.263279297     0.000121179
     7.150000000     0.000040759     0.268122218     0.000096089
     7.160000000     0.000031834     0.272895140     0.000075929
     7.170000000     0.000024780     0.277599807     0.000059789
     7.180000000     0.000019225     0.282237905     0.000046916
     7.190000000     0.000014866     0.286811061     0.000036687
     7.200000000     0.000011456     0.291320849     0.000028589
     7.210000000     0.000008800     0.295768786     0.000022201
     7.220000000     0.000006737     0.300156343     0.000017181
     7.230000000     0.000005140     0.304484938     0.000013250
     7.240000000     0.000003909     0.308755943     0.000010183
     7.250000000     0.000002963     0.312970686     0.000007799
     7.260000000     0.000002238     0.317130452     0.000005953
     7.270000000     0.000001685     0.321236481     0.000004528
     7.280000000     0.000001265     0.325289976     0.000003432
     7.290000000     0.000000946     0.329292102     0.000002593
     7.300000000     0.000000705     0.333243984     0.000001952
     7.310000000     0.000000524     0.337146715     0.000001464
     7.320000000     0.000000388     0.341001352     0.000001095
     7.330000000     0.000000286     0.344808919     0.000000816
     7.340000000     0.000000211     0.348570410     0.000000606
     7.350000000     0.000000154     0.352286787     0.000000448
     7.360000000     0.000000113     0.355958985     0.000000331
     7.370000000     0.000000082     0.359587909     0.000000243
     7.380000000     0.000000060     0.363174438     0.000000178
     7.390000000     0.000000043     0.366719426     0.000000130
     7.400000000     0.000000031     0.370223700     0.000000094
     7.410000000     0.000000022     0.373688064     0.000000068
     7.420000000     0.000000016     0.377113300     0.000000049
     7.430000000     0.000000011     0.380500166     0.000000036
     7.440000000     0.000000008     0.383849399     0.000000026
     7.450000000     0.000000006     0.387161717     0.000000018
     7.460000000     0.000000004     0.390437815     0.000000013
     7.470000000     0.000000003     0.393678372     0.000000009
     7.480000000     0.000000002     0.396884045     0.000000007
     7.490000000     0.000000001     0.400055478     0.000000005
     7.500000000     0.000000001     0.403193292     0.000000003
     7.510000000     0.000000001     0.406298096     0.000000002
     7.520000000     0.000000000     0.409370481     0.000000002
     7.530000000     0.000000000     0.412411022     0.000000001
     7.540000000     0.000000000     0.415420280     0.000000001
     7.550000000     0.000000000     0.418398802     0.000000001
     7.560000000     0.000000000     0.421347118     0.000000000
     7.570000000     0.000000000     0.424265750     0.000000000
     7.580000000     0.000000000     0.427155201     0.000000000
     7.590000000     0.000000000     0.430015965     0.000000000
     7.600000000     0.000000000     0.432848523     0.000000000
     7.610000000     0.000000000     0.435653344     0.000000000
     7.620000000     0.000000000     0.438430885     0.000000000
     7.630000000     0.000000000     0.441181592     0.000000000
     7.640000000     0.000000000     0.443905903     0.000000000
     7.650000000     0.000000000     0.446604241     0.000000000
     7.660000000     0.000000000     0.449277022     0.000000000
     7.670000000     0.000000000     0.451924652     0.000000000
     7.680000000     0.000000000     0.454547527     0.000000000
     7.690000000     0.000000000     0.457146033     0.000000000
     7.700000000     0.000000000     0.459720550     0.000000000
     7.710000000     0.000000000     0.462271446     0.000000000
     7.720000000     0.000000000     0.464799082     0.000000000
     7.730000000     0.000000000     0.467303812     0.000000000
     7.740000000     0.000000000     0.469785980     0.000000000
     7.750000000     0.000000000     0.472245925     0.000000000
     7.760000000     0.000000000     0.474683976     0.000000000
     7.770000000     0.000000000     0.477100456     0.000000000
     7.780000000     0.000000000     0.479495681     0.000000000
     7.790000000     0.000000000     0.481869961     0.000000000
     7.800000000     0.000000000     0.484223598     0.000000000
     7.810000000     0.000000000     0.486556888     0.000000000
     7.820000000     0.000000000     0.488870121     0.000000000
     7.830000000     0.000000000     0.491163581     0.000000000
     7.840000000     0.000000000     0.493437547     0.000000000
     7.850000000     0.000000000     0.495692289     0.000000000
     7.860000000     0.000000000     0.497928076     0.000000000
     7.870000000     0.000000000     0.500145168     0.000000000
     7.880000000     0.000000000     0.502343822     0.000000000
     7.890000000     0.000000000     0.504524289     0.000000000
     7.900000000     0.000000000     0.506686814     0.000000000
     7.910000000     0.000000000     0.508831638     0.000000000
     7.920000000     0.000000000     0.510958999     0.000000000
     7.930000000     0.000000000     0.513069127     0.000000000
     7.940000000     0.000000000     0.515162250     0.000000000
     7.950000000     0.000000000     0.517238590     0.000000000
     7.960000000     0.000000000     0.519298368     0.000000000
     7.970000000     0.000000000     0.521341796     0.000000000
     7.980000000     0.000000000     0.523369086     0.000000000
     7.990000000     0.000000000     0.525380443     0.000000000
     8.000000000     0.000000000     0.527376071     0.000000000
     8.010000000     0.000000000     0.529356169     0.000000000
     8.020000000     0.000000000     0.531320931     0.000000000
     8.030000000     0.000000000     0.533270550     0.000000000
     8.040000000     0.000000000     0.535205213     0.000000000
     8.050000000     0.000000000     0.537125106     0.000000000
     8.060000000     0.000000000     0.539030409     0.000000000
     8.070000000     0.000000000     0.540921301     0.000000000
     8.080000000     0.000000000     0.542797958     0.000000000
     8.090000000     0.000000000     0.544660550     0.000000000
     8.100000000     0.000000000     0.546509248     0.000000000
     8.110000000     0.000000000     0.548344217     0.000000000
     8.120000000     0.000000000     0.550165620     0.000000000
     8.130000000     0.000000000     0.551973618     0.000000000
     8.140000000     0.000000000     0.553768368     0.000000000
     8.150000000     0.000000000     0.555550025     0.000000000
     8.160000000     0.000000000     0.557318741     0.000000000
     8.170000000     0.000000000     0.559074667     0.000000000
     8.180000000     0.000000000     0.560817950     0.000000000
     8.190000000     0.000000000     0.562548734     0.000000000
     8.200000000     0.000000000     0.564267161     0.000000000
     8.210000000     0.000000000     0.565973372     0.000000000
     8.220000000     0.000000000     0.567667505     0.000000000
     8.230000000     0.000000000     0.569349694     0.000000000
     8.240000000     0.000000000     0.571020074     0.000000000
     8.250000000     0.000000000     0.572678776     0.000000000
     8.260000000     0.000000000     0.574325929     0.000000000
     8.270000000     0.000000000     0.575961659     0.000000000
     8.280000000     0.000000000     0.577586091     0.000000000
     8.290000000     0.000000000     0.579199350     0.000000000
     8.300000000     0.000000000     0.580801556     0.000000000
     8.310000000     0.000000000     0.582392828     0.000000000
     8.320000000     0.000000000     0.583973283     0.000000000
     8.330000000     0.000000000     0.585543038     0.000000000
     8.340000000     0.000000000     0.587102206     0.000000000
     8.350000000     0.000000000     0.588650898     0.000000000
     8.360000000     0.000000000     0.590189227     0.000000000
     8.370000000     0.000000000     0.591717300     0.000000000
     8.380000000     0.000000000     0.593235224     0.000000000
     8.390000000     0.000000000     0.594743104     0.000000000
     8.400000000     0.000000000     0.596241046     0.000000000
     8.410000000     0.000000000     0.597729150     0.000000000
     8.420000000     0.000000000     0.599207519     0.000000000
     8.430000000     0.000000000     0.600676251     0.000000000
     8.440000000     0.000000000     0.602135445     0.000000000
     8.450000000     0.000000000     0.603585196     0.000000000
     8.460000000     0.000000000     0.605025600     0.000000000
     8.470000000     0.000000000     0.606456751     0.000000000
     8.480000000     0.000000000     0.607878741     0.000000000
     8.490000000     0.000000000     0.609291662     0.000000000
     8.500000000     0.000000000     0.610695602     0.000000000
     8.510000000     0.000000000     0.612090652     0.000000000
     8.520000000     0.000000000     0.613476897     0.000000000
     8.530000000     0.000000000     0.614854424     0.000000000
     8.540000000     0.000000000     0.616223319     0.000000000
     8.550000000     0.000000000     0.617583664     0.000000000
     8.560000000     0.000000000     0.618935542     0.000000000
     8.570000000     0.000000000     0.620279035     0.000000000
     8.580000000     0.000000000     0.621614223     0.000000000
     8.590000000     0.000000000     0.622941186     0.000000000
     8.600000000     0.000000000     0.624260000     0.000000000
     8.610000000     0.000000000     0.625570745     0.000000000
     8.620000000     0.000000000     0.626873494     0.000000000
     8.630000000     0.000000000     0.628168325     0.000000000
     8.640000000     0.000000000     0.629455310     0.000000000
     8.650000000     0.000000000     0.630734523     0.000000000
     8.660000000     0.000000000     0.632006036     0.000000000
     8.670000000     0.000000000     0.633269920     0.000000000
     8.680000000     0.000000000     0.634526246     0.000000000
     8.690000000     0.000000000     0.635775082     0.000000000
     8.700000000     0.000000000     0.637016497     0.000000000
     8.710000000     0.000000000     0.638250559     0.000000000
     8.720000000     0.000000000     0.639477335     0.000000000
     8.730000000     0.000000000     0.640696889     0.000000000
     8.740000000     0.000000000     0.641909288     0.000000000
     8.750000000     0.000000000     0.643114595     0.000000000
     8.760000000     0.000000000     0.644312874     0.000000000
     8.770000000     0.000000000     0.645504187     0.000000000
     8.780000000     0.000000000     0.646688596     0.000000000
     8.790000000     0.000000000     0.647866162     0.000000000
     8.800000000     0.000000000     0.649036946     0.000000000
     8.810000000     0.000000000     0.650201006     0.000000000
     8.820000000     0.000000000     0.651358402     0.000000000
     8.830000000     0.000000000     0.652509191     0.000000000
     8.840000000     0.000000000     0.653653432     0.000000000
     8.850000000     0.000000000     0.654791180     0.000000000
     8.860000000     0.000000000     0.655922492     0.000000000
     8.870000000     0.000000000     0.657047422     0.000000000
     8.880000000     0.000000000     0.658166026     0.000000000
     8.890000000     0.000000000     0.659278358     0.000000000
     8.900000000     0.000000000     0.660384470     0.000000000
     8.910000000     0.000000000     0.661484416     0.000000000
     8.920000000     0.000000000     0.662578247     0.000000000
     8.930000000     0.000000000     0.663666016     0.000000000
     8.940000000     0.000000000     0.664747772     0.000000000
     8.950000000     0.000000000     0.665823566     0.000000000
     8.960000000     0.000000000     0.666893447     0.000000000
     8.970000000     0.000000000     0.667957466     0.000000000
     8.980000000     0.000000000     0.669015669     0.000000000
     8.990000000     0.000000000     0.670068106     0.000000000
     9.000000000     0.000000000     0.671114824     0.000000000
