 # Column 1: omega
 # Column 2: eps2(omega)
 # Column 3: eps1(omega)
 # Column 4: JDOS(omega)
     0.000000000    -0.000000000     1.014531880     0.000000000
     0.010000000     0.000000000     1.014531971     0.000000000
     0.020000000     0.000000000     1.014532247     0.000000000
     0.030000000     0.000000000     1.014532705     0.000000000
     0.040000000     0.000000000     1.014533348     0.000000000
     0.050000000     0.000000000     1.014534173     0.000000000
     0.060000000     0.000000000     1.014535183     0.000000000
     0.070000000     0.000000000     1.014536377     0.000000000
     0.080000000     0.000000000     1.014537754     0.000000000
     0.090000000     0.000000000     1.014539316     0.000000000
     0.100000000     0.000000000     1.014541062     0.000000000
     0.110000000     0.000000000     1.014542993     0.000000000
     0.120000000     0.000000000     1.014545108     0.000000000
     0.130000000     0.000000000     1.014547409     0.000000000
     0.140000000     0.000000000     1.014549895     0.000000000
     0.150000000     0.000000000     1.014552566     0.000000000
     0.160000000     0.000000000     1.014555424     0.000000000
     0.170000000     0.000000000     1.014558468     0.000000000
     0.180000000     0.000000000     1.014561698     0.000000000
     0.190000000     0.000000000     1.014565116     0.000000000
     0.200000000     0.000000000     1.014568722     0.000000000
     0.210000000     0.000000000     1.014572515     0.000000000
     0.220000000     0.000000000     1.014576497     0.000000000
     0.230000000     0.000000000     1.014580668     0.000000000
     0.240000000     0.000000000     1.014585028     0.000000000
     0.250000000     0.000000000     1.014589579     0.000000000
     0.260000000     0.000000000     1.014594320     0.000000000
     0.270000000     0.000000000     1.014599252     0.000000000
     0.280000000     0.000000000     1.014604376     0.000000000
     0.290000000     0.000000000     1.014609693     0.000000000
     0.300000000     0.000000000     1.014615202     0.000000000
     0.310000000     0.000000000     1.014620906     0.000000000
     0.320000000     0.000000000     1.014626804     0.000000000
     0.330000000     0.000000000     1.014632898     0.000000000
     0.340000000     0.000000000     1.014639188     0.000000000
     0.350000000     0.000000000     1.014645674     0.000000000
     0.360000000     0.000000000     1.014652359     0.000000000
     0.370000000     0.000000000     1.014659242     0.000000000
     0.380000000     0.000000000     1.014666325     0.000000000
     0.390000000     0.000000000     1.014673608     0.000000000
     0.400000000     0.000000000     1.014681093     0.000000000
     0.410000000     0.000000000     1.014688780     0.000000000
     0.420000000     0.000000000     1.014696670     0.000000000
     0.430000000     0.000000000     1.014704765     0.000000000
     0.440000000     0.000000000     1.014713066     0.000000000
     0.450000000     0.000000000     1.014721573     0.000000000
     0.460000000     0.000000000     1.014730288     0.000000000
     0.470000000     0.000000000     1.014739212     0.000000000
     0.480000000     0.000000000     1.014748346     0.000000000
     0.490000000     0.000000000     1.014757692     0.000000000
     0.500000000     0.000000000     1.014767250     0.000000000
     0.510000000     0.000000000     1.014777023     0.000000000
     0.520000000     0.000000000     1.014787011     0.000000000
     0.530000000     0.000000000     1.014797215     0.000000000
     0.540000000     0.000000000     1.014807638     0.000000000
     0.550000000     0.000000000     1.014818280     0.000000000
     0.560000000     0.000000000     1.014829144     0.000000000
     0.570000000     0.000000000     1.014840230     0.000000000
     0.580000000     0.000000000     1.014851541     0.000000000
     0.590000000     0.000000000     1.014863077     0.000000000
     0.600000000     0.000000000     1.014874841     0.000000000
     0.610000000     0.000000000     1.014886834     0.000000000
     0.620000000     0.000000000     1.014899058     0.000000000
     0.630000000     0.000000000     1.014911515     0.000000000
     0.640000000     0.000000000     1.014924207     0.000000000
     0.650000000     0.000000000     1.014937135     0.000000000
     0.660000000     0.000000000     1.014950301     0.000000000
     0.670000000     0.000000000     1.014963708     0.000000000
     0.680000000     0.000000000     1.014977358     0.000000000
     0.690000000     0.000000000     1.014991251     0.000000000
     0.700000000     0.000000000     1.015005392     0.000000000
     0.710000000     0.000000000     1.015019781     0.000000000
     0.720000000     0.000000000     1.015034421     0.000000000
     0.730000000     0.000000000     1.015049315     0.000000000
     0.740000000     0.000000000     1.015064464     0.000000000
     0.750000000     0.000000000     1.015079872     0.000000000
     0.760000000     0.000000000     1.015095539     0.000000000
     0.770000000     0.000000000     1.015111470     0.000000000
     0.780000000     0.000000000     1.015127667     0.000000000
     0.790000000     0.000000000     1.015144132     0.000000000
     0.800000000     0.000000000     1.015160868     0.000000000
     0.810000000     0.000000000     1.015177877     0.000000000
     0.820000000     0.000000000     1.015195164     0.000000000
     0.830000000     0.000000000     1.015212730     0.000000000
     0.840000000     0.000000000     1.015230578     0.000000000
     0.850000000     0.000000000     1.015248712     0.000000000
     0.860000000     0.000000000     1.015267135     0.000000000
     0.870000000     0.000000000     1.015285849     0.000000000
     0.880000000     0.000000000     1.015304859     0.000000000
     0.890000000     0.000000000     1.015324168     0.000000000
     0.900000000     0.000000000     1.015343779     0.000000000
     0.910000000     0.000000000     1.015363695     0.000000000
     0.920000000     0.000000000     1.015383920     0.000000000
     0.930000000     0.000000000     1.015404459     0.000000000
     0.940000000     0.000000000     1.015425314     0.000000000
     0.950000000     0.000000000     1.015446491     0.000000000
     0.960000000     0.000000000     1.015467991     0.000000000
     0.970000000     0.000000000     1.015489821     0.000000000
     0.980000000     0.000000000     1.015511984     0.000000000
     0.990000000     0.000000000     1.015534485     0.000000000
     1.000000000     0.000000000     1.015557327     0.000000000
     1.010000000     0.000000000     1.015580516     0.000000000
     1.020000000     0.000000000     1.015604055     0.000000000
     1.030000000     0.000000000     1.015627951     0.000000000
     1.040000000     0.000000000     1.015652208     0.000000000
     1.050000000     0.000000000     1.015676831     0.000000000
     1.060000000     0.000000000     1.015701824     0.000000000
     1.070000000     0.000000000     1.015727195     0.000000000
     1.080000000     0.000000000     1.015752947     0.000000000
     1.090000000     0.000000000     1.015779086     0.000000000
     1.100000000     0.000000000     1.015805619     0.000000000
     1.110000000     0.000000000     1.015832552     0.000000000
     1.120000000     0.000000000     1.015859889     0.000000000
     1.130000000     0.000000000     1.015887638     0.000000000
     1.140000000     0.000000000     1.015915806     0.000000000
     1.150000000     0.000000000     1.015944397     0.000000000
     1.160000000     0.000000000     1.015973421     0.000000000
     1.170000000     0.000000000     1.016002882     0.000000000
     1.180000000     0.000000000     1.016032789     0.000000000
     1.190000000     0.000000000     1.016063150     0.000000000
     1.200000000     0.000000000     1.016093970     0.000000000
     1.210000000     0.000000000     1.016125259     0.000000000
     1.220000000     0.000000000     1.016157025     0.000000000
     1.230000000     0.000000000     1.016189275     0.000000000
     1.240000000     0.000000000     1.016222018     0.000000000
     1.250000000     0.000000000     1.016255264     0.000000000
     1.260000000     0.000000000     1.016289020     0.000000000
     1.270000000     0.000000000     1.016323296     0.000000000
     1.280000000     0.000000000     1.016358103     0.000000000
     1.290000000     0.000000000     1.016393449     0.000000000
     1.300000000     0.000000000     1.016429345     0.000000000
     1.310000000     0.000000000     1.016465801     0.000000000
     1.320000000     0.000000000     1.016502828     0.000000000
     1.330000000     0.000000000     1.016540438     0.000000000
     1.340000000     0.000000000     1.016578642     0.000000000
     1.350000000     0.000000000     1.016617451     0.000000000
     1.360000000     0.000000000     1.016656878     0.000000000
     1.370000000     0.000000000     1.016696935     0.000000000
     1.380000000     0.000000000     1.016737636     0.000000000
     1.390000000     0.000000000     1.016778994     0.000000000
     1.400000000     0.000000000     1.016821023     0.000000000
     1.410000000     0.000000000     1.016863737     0.000000000
     1.420000000     0.000000000     1.016907151     0.000000000
     1.430000000     0.000000000     1.016951280     0.000000000
     1.440000000     0.000000001     1.016996141     0.000000000
     1.450000000     0.000000001     1.017041749     0.000000001
     1.460000000     0.000000001     1.017088122     0.000000001
     1.470000000     0.000000002     1.017135277     0.000000001
     1.480000000     0.000000003     1.017183231     0.000000002
     1.490000000     0.000000004     1.017232005     0.000000002
     1.500000000     0.000000005     1.017281618     0.000000003
     1.510000000     0.000000007     1.017332089     0.000000005
     1.520000000     0.000000010     1.017383439     0.000000007
     1.530000000     0.000000014     1.017435690     0.000000009
     1.540000000     0.000000020     1.017488864     0.000000013
     1.550000000     0.000000027     1.017542985     0.000000018
     1.560000000     0.000000037     1.017598077     0.000000024
     1.570000000     0.000000051     1.017654164     0.000000033
     1.580000000     0.000000069     1.017711273     0.000000045
     1.590000000     0.000000093     1.017769430     0.000000061
     1.600000000     0.000000124     1.017828662     0.000000081
     1.610000000     0.000000167     1.017889000     0.000000109
     1.620000000     0.000000222     1.017950473     0.000000145
     1.630000000     0.000000295     1.018013112     0.000000192
     1.640000000     0.000000389     1.018076950     0.000000254
     1.650000000     0.000000512     1.018142020     0.000000334
     1.660000000     0.000000672     1.018208357     0.000000437
     1.670000000     0.000000877     1.018275997     0.000000570
     1.680000000     0.000001141     1.018344979     0.000000740
     1.690000000     0.000001477     1.018415341     0.000000957
     1.700000000     0.000001906     1.018487124     0.000001231
     1.710000000     0.000002449     1.018560370     0.000001578
     1.720000000     0.000003134     1.018635124     0.000002014
     1.730000000     0.000003995     1.018711431     0.000002560
     1.740000000     0.000005073     1.018789339     0.000003240
     1.750000000     0.000006416     1.018868897     0.000004084
     1.760000000     0.000008085     1.018950156     0.000005126
     1.770000000     0.000010149     1.019033170     0.000006407
     1.780000000     0.000012691     1.019117993     0.000007974
     1.790000000     0.000015811     1.019204684     0.000009885
     1.800000000     0.000019625     1.019293302     0.000012204
     1.810000000     0.000024269     1.019383908     0.000015006
     1.820000000     0.000029903     1.019476566     0.000018377
     1.830000000     0.000036712     1.019571342     0.000022414
     1.840000000     0.000044911     1.019668304     0.000027230
     1.850000000     0.000054745     1.019767522     0.000032951
     1.860000000     0.000066499     1.019869068     0.000039718
     1.870000000     0.000080497     1.019973017     0.000047690
     1.880000000     0.000097106     1.020079443     0.000057043
     1.890000000     0.000116744     1.020188425     0.000067973
     1.900000000     0.000139881     1.020300040     0.000080696
     1.910000000     0.000167045     1.020414367     0.000095450
     1.920000000     0.000198824     1.020531486     0.000112492
     1.930000000     0.000235875     1.020651475     0.000132108
     1.940000000     0.000278924     1.020774411     0.000154605
     1.950000000     0.000328769     1.020900370     0.000180318
     1.960000000     0.000386286     1.021029422     0.000209607
     1.970000000     0.000452431     1.021161632     0.000242866
     1.980000000     0.000528237     1.021297060     0.000280518
     1.990000000     0.000614820     1.021435753     0.000323021
     2.000000000     0.000713374     1.021577746     0.000370873
     2.010000000     0.000825171     1.021723058     0.000424613
     2.020000000     0.000951553     1.021871687     0.000484828
     2.030000000     0.001093929     1.022023602     0.000552163
     2.040000000     0.001253763     1.022178742     0.000627324
     2.050000000     0.001432566     1.022337006     0.000711089
     2.060000000     0.001631877     1.022498242     0.000804326
     2.070000000     0.001853249     1.022662239     0.000907998
     2.080000000     0.002098230     1.022828716     0.001023187
     2.090000000     0.002368335     1.022997311     0.001151111
     2.100000000     0.002665023     1.023167564     0.001293144
     2.110000000     0.002989667     1.023338903     0.001450846
     2.120000000     0.003343523     1.023510637     0.001625988
     2.130000000     0.003727692     1.023681938     0.001820582
     2.140000000     0.004143088     1.023851841     0.002036920
     2.150000000     0.004590400     1.024019235     0.002277610
     2.160000000     0.005070052     1.024182879     0.002545615
     2.170000000     0.005582169     1.024341414     0.002844296
     2.180000000     0.006126538     1.024493393     0.003177460
     2.190000000     0.006702576     1.024637317     0.003549401
     2.200000000     0.007309302     1.024771674     0.003964951
     2.210000000     0.007945307     1.024894973     0.004429525
     2.220000000     0.008608741     1.025005747     0.004949168
     2.230000000     0.009297297     1.025102537     0.005530593
     2.240000000     0.010008207     1.025183808     0.006181224
     2.250000000     0.010738248     1.025247831     0.006909228
     2.260000000     0.011483756     1.025292511     0.007723540
     2.270000000     0.012240651     1.025315208     0.008633881
     2.280000000     0.013004470     1.025312572     0.009650764
     2.290000000     0.013770414     1.025280441     0.010785483
     2.300000000     0.014533400     1.025213840     0.012050098
     2.310000000     0.015288129     1.025107099     0.013457387
     2.320000000     0.016029152     1.024954119     0.015020794
     2.330000000     0.016750952     1.024748762     0.016754348
     2.340000000     0.017448027     1.024485362     0.018672560
     2.350000000     0.018114974     1.024159301     0.020790295
     2.360000000     0.018746580     1.023767618     0.023122627
     2.370000000     0.019337905     1.023309556     0.025684657
     2.380000000     0.019884365     1.022786993     0.028491315
     2.390000000     0.020381812     1.022204672     0.031557129
     2.400000000     0.020826602     1.021570166     0.034895978
     2.410000000     0.021215654     1.020893553     0.038520813
     2.420000000     0.021546501     1.020186827     0.042443372
     2.430000000     0.021817324     1.019463083     0.046673863
     2.440000000     0.022026978     1.018735629     0.051220650
     2.450000000     0.022174995     1.018017106     0.056089918
     2.460000000     0.022261584     1.017318777     0.061285352
     2.470000000     0.022287608     1.016650030     0.066807806
     2.480000000     0.022254550     1.016018132     0.072654996
     2.490000000     0.022164469     1.015428213     0.078821201
     2.500000000     0.022019943     1.014883398     0.085297007
     2.510000000     0.021824004     1.014385048     0.092069068
     2.520000000     0.021580064     1.013933021     0.099119922
     2.530000000     0.021291841     1.013525936     0.106427855
     2.540000000     0.020963273     1.013161419     0.113966818
     2.550000000     0.020598444     1.012836326     0.121706414
     2.560000000     0.020201500     1.012546953     0.129611951
     2.570000000     0.019776577     1.012289248     0.137644569
     2.580000000     0.019327731     1.012059010     0.145761443
     2.590000000     0.018858874     1.011852091     0.153916065
     2.600000000     0.018373722     1.011664577     0.162058606
     2.610000000     0.017875750     1.011492940     0.170136353
     2.620000000     0.017368156     1.011334156     0.178094213
     2.630000000     0.016853837     1.011185774     0.185875295
     2.640000000     0.016335375     1.011045933     0.193421541
     2.650000000     0.015815034     1.010913339     0.200674413
     2.660000000     0.015294757     1.010787204     0.207575622
     2.670000000     0.014776187     1.010667163     0.214067879
     2.680000000     0.014260679     1.010553188     0.220095663
     2.690000000     0.013749328     1.010445494     0.225605995
     2.700000000     0.013242997     1.010344473     0.230549192
     2.710000000     0.012742349     1.010250629     0.234879598
     2.720000000     0.012247882     1.010164537     0.238556263
     2.730000000     0.011759962     1.010086823     0.241543579
     2.740000000     0.011278856     1.010018146     0.243811837
     2.750000000     0.010804766     1.009959195     0.245337699
     2.760000000     0.010337856     1.009910694     0.246104588
     2.770000000     0.009878278     1.009873399     0.246102968
     2.780000000     0.009426199     1.009848093     0.245330522
     2.790000000     0.008981809     1.009835570     0.243792213
     2.800000000     0.008545343     1.009836605     0.241500238
     2.810000000     0.008117089     1.009851910     0.238473862
     2.820000000     0.007697387     1.009882092     0.234739148
     2.830000000     0.007286636     1.009927594     0.230328579
     2.840000000     0.006885288     1.009988663     0.225280581
     2.850000000     0.006493842     1.010065313     0.219638964
     2.860000000     0.006112836     1.010157315     0.213452283
     2.870000000     0.005742835     1.010264200     0.206773136
     2.880000000     0.005384418     1.010385282     0.199657416
     2.890000000     0.005038168     1.010519687     0.192163524
     2.900000000     0.004704651     1.010666400     0.184351570
     2.910000000     0.004384409     1.010824304     0.176282564
     2.920000000     0.004077940     1.010992232     0.168017624
     2.930000000     0.003785692     1.011169000     0.159617205
     2.940000000     0.003508045     1.011353448     0.151140376
     2.950000000     0.003245306     1.011544463     0.142644135
     2.960000000     0.002997697     1.011741003     0.134182802
     2.970000000     0.002765352     1.011942106     0.125807469
     2.980000000     0.002548310     1.012146902     0.117565535
     2.990000000     0.002346517     1.012354612     0.109500322
     3.000000000     0.002159819     1.012564546     0.101650774
     3.010000000     0.001987969     1.012776103     0.094051245
     3.020000000     0.001830631     1.012988756     0.086731367
     3.030000000     0.001687380     1.013202051     0.079716008
     3.040000000     0.001557715     1.013415593     0.073025298
     3.050000000     0.001441064     1.013629038     0.066674736
     3.060000000     0.001336794     1.013842080     0.060675352
     3.070000000     0.001244222     1.014054447     0.055033937
     3.080000000     0.001162626     1.014265887     0.049753314
     3.090000000     0.001091259     1.014476164     0.044832649
     3.100000000     0.001029360     1.014685057     0.040267793
     3.110000000     0.000976165     1.014892354     0.036051651
     3.120000000     0.000930925     1.015097858     0.032174556
     3.130000000     0.000892917     1.015301397     0.028624651
     3.140000000     0.000861456     1.015502834     0.025388268
     3.150000000     0.000835909     1.015702085     0.022450301
     3.160000000     0.000815709     1.015899143     0.019794554
     3.170000000     0.000800364     1.016094095     0.017404080
     3.180000000     0.000789471     1.016287149     0.015261489
     3.190000000     0.000782727     1.016478644     0.013349226
     3.200000000     0.000779938     1.016669058     0.011649828
     3.210000000     0.000781026     1.016858998     0.010146144
     3.220000000     0.000786043     1.017049186     0.008821519
     3.230000000     0.000795174     1.017240421     0.007659964
     3.240000000     0.000808743     1.017433539     0.006646273
     3.250000000     0.000827218     1.017629361     0.005766132
     3.260000000     0.000851218     1.017828646     0.005006187
     3.270000000     0.000881508     1.018032053     0.004354099
     3.280000000     0.000919005     1.018240105     0.003798566
     3.290000000     0.000964772     1.018453183     0.003329334
     3.300000000     0.001020018     1.018671524     0.002937190
     3.310000000     0.001086089     1.018895238     0.002613940
     3.320000000     0.001164460     1.019124326     0.002352376
     3.330000000     0.001256724     1.019358709     0.002146239
     3.340000000     0.001364580     1.019598248     0.001990169
     3.350000000     0.001489813     1.019842762     0.001879659
     3.360000000     0.001634277     1.020092041     0.001811002
     3.370000000     0.001799871     1.020345855     0.001781244
     3.380000000     0.001988510     1.020603950     0.001788133
     3.390000000     0.002202100     1.020866048     0.001830080
     3.400000000     0.002442501     1.021131835     0.001906114
     3.410000000     0.002711495     1.021400948     0.002015857
     3.420000000     0.003010743     1.021672964     0.002159491
     3.430000000     0.003341751     1.021947375     0.002337745
     3.440000000     0.003705821     1.022223572     0.002551883
     3.450000000     0.004104013     1.022500817     0.002803703
     3.460000000     0.004537099     1.022778226     0.003095544
     3.470000000     0.005005521     1.023054740     0.003430301
     3.480000000     0.005509354     1.023329099     0.003811448
     3.490000000     0.006048265     1.023599829     0.004243073
     3.500000000     0.006621479     1.023865218     0.004729911
     3.510000000     0.007227758     1.024123309     0.005277394
     3.520000000     0.007865374     1.024371890     0.005891701
     3.530000000     0.008532100     1.024608503     0.006579808
     3.540000000     0.009225209     1.024830442     0.007349553
     3.550000000     0.009941473     1.025034759     0.008209694
     3.560000000     0.010677190     1.025218262     0.009169962
     3.570000000     0.011428206     1.025377499     0.010241125
     3.580000000     0.012189960     1.025508727     0.011435037
     3.590000000     0.012957531     1.025607877     0.012764683
     3.600000000     0.013725706     1.025670520     0.014244216
     3.610000000     0.014489048     1.025691871     0.015888977
     3.620000000     0.015241982     1.025666849     0.017715509
     3.630000000     0.015978880     1.025590239     0.019741543
     3.640000000     0.016694158     1.025456986     0.021985968
     3.650000000     0.017382374     1.025262616     0.024468780
     3.660000000     0.018038326     1.025003792     0.027210998
     3.670000000     0.018657154     1.024678944     0.030234559
     3.680000000     0.019234430     1.024288893     0.033562173
     3.690000000     0.019766247     1.023837352     0.037217154
     3.700000000     0.020249301     1.023331182     0.041223210
     3.710000000     0.020680958     1.022780300     0.045604200
     3.720000000     0.021059311     1.022197177     0.050383860
     3.730000000     0.021383217     1.021595983     0.055585485
     3.740000000     0.021652326     1.020991486     0.061231586
     3.750000000     0.021867092     1.020397904     0.067343514
     3.760000000     0.022028755     1.019827902     0.073941056
     3.770000000     0.022139326     1.019291895     0.081042006
     3.780000000     0.022201538     1.018797722     0.088661725
     3.790000000     0.022218790     1.018350670     0.096812681
     3.800000000     0.022195076     1.017953747     0.105503994
     3.810000000     0.022134901     1.017608093     0.114740981
     3.820000000     0.022043189     1.017313400     0.124524713
     3.830000000     0.021925178     1.017068281     0.134851602
     3.840000000     0.021786318     1.016870545     0.145713019
     3.850000000     0.021632160     1.016717383     0.157094953
     3.860000000     0.021468249     1.016605493     0.168977729
     3.870000000     0.021300017     1.016531150     0.181335791
     3.880000000     0.021132687     1.016490277     0.194137561
     3.890000000     0.020971176     1.016478490     0.207345376
     3.900000000     0.020820015     1.016491156     0.220915522
     3.910000000     0.020683275     1.016523442     0.234798370
     3.920000000     0.020564510     1.016570373     0.248938602
     3.930000000     0.020466706     1.016626885     0.263275555
     3.940000000     0.020392251     1.016687893     0.277743666
     3.950000000     0.020342911     1.016748370     0.292273022
     3.960000000     0.020319828     1.016803445     0.306790011
     3.970000000     0.020323523     1.016848528     0.321218065
     3.980000000     0.020353914     1.016879455     0.335478495
     3.990000000     0.020410347     1.016892643     0.349491392
     4.000000000     0.020491628     1.016885242     0.363176596
     4.010000000     0.020596079     1.016855260     0.376454704
     4.020000000     0.020721581     1.016801638     0.389248115
     4.030000000     0.020865638     1.016724249     0.401482082
     4.040000000     0.021025438     1.016623821     0.413085751
     4.050000000     0.021197914     1.016501770     0.423993183
     4.060000000     0.021379813     1.016359972     0.434144321
     4.070000000     0.021567754     1.016200491     0.443485895
     4.080000000     0.021758297     1.016025305     0.451972239
     4.090000000     0.021948001     1.015836064     0.459566018
     4.100000000     0.022133474     1.015633930     0.466238824
     4.110000000     0.022311436     1.015419510     0.471971661
     4.120000000     0.022478756     1.015192904     0.476755277
     4.130000000     0.022632501     1.014953860     0.480590366
     4.140000000     0.022769967     1.014702016     0.483487604
     4.150000000     0.022888714     1.014437173     0.485467550
     4.160000000     0.022986587     1.014159569     0.486560389
     4.170000000     0.023061736     1.013870094     0.486805525
     4.180000000     0.023112628     1.013570397     0.486251054
     4.190000000     0.023138056     1.013262882     0.484953090
     4.200000000     0.023137138     1.012950582     0.482974988
     4.210000000     0.023109316     1.012636946     0.480386463
     4.220000000     0.023054344     1.012325577     0.477262623
     4.230000000     0.022972278     1.012019974     0.473682934
     4.240000000     0.022863461     1.011723311     0.469730133
     4.250000000     0.022728494     1.011438287     0.465489112
     4.260000000     0.022568224     1.011167044     0.461045782
     4.270000000     0.022383707     1.010911151     0.456485946
     4.280000000     0.022176185     1.010671642     0.451894180
     4.290000000     0.021947055     1.010449087     0.447352759
     4.300000000     0.021697839     1.010243697     0.442940625
     4.310000000     0.021430150     1.010055429     0.438732415
     4.320000000     0.021145660     1.009884089     0.434797559
     4.330000000     0.020846075     1.009729419     0.431199459
     4.340000000     0.020533098     1.009591138     0.427994754
     4.350000000     0.020208407     1.009468952     0.425232671
     4.360000000     0.019873625     1.009362524     0.422954478
     4.370000000     0.019530302     1.009271433     0.421193031
     4.380000000     0.019179886     1.009195122     0.419972417
     4.390000000     0.018823718     1.009132869     0.419307705
     4.400000000     0.018463006     1.009083783     0.419204779
     4.410000000     0.018098824     1.009046824     0.419660287
     4.420000000     0.017732102     1.009020861     0.420661673
     4.430000000     0.017363621     1.009004732     0.422187307
     4.440000000     0.016994019     1.008997313     0.424206709
     4.450000000     0.016623791     1.008997584     0.426680865
     4.460000000     0.016253299     1.009004672     0.429562629
     4.470000000     0.015882778     1.009017888     0.432797216
     4.480000000     0.015512358     1.009036732     0.436322782
     4.490000000     0.015142070     1.009060897     0.440071088
     4.500000000     0.014771870     1.009090253     0.443968242
     4.510000000     0.014401654     1.009124825     0.447935525
     4.520000000     0.014031280     1.009164768     0.451890286
     4.530000000     0.013660589     1.009210344     0.455746912
     4.540000000     0.013289426     1.009261896     0.459417853
     4.550000000     0.012917660     1.009319831     0.462814705
     4.560000000     0.012545203     1.009384608     0.465849332
     4.570000000     0.012172032     1.009456729     0.468435019
     4.580000000     0.011798205     1.009536751     0.470487644
     4.590000000     0.011423879     1.009625288     0.471926848
     4.600000000     0.011049321     1.009723031     0.472677184
     4.610000000     0.010674922     1.009830753     0.472669240
     4.620000000     0.010301207     1.009949317     0.471840691
     4.630000000     0.009928843     1.010079671     0.470137293
     4.640000000     0.009558639     1.010222827     0.467513766
     4.650000000     0.009191555     1.010379827     0.463934568
     4.660000000     0.008828694     1.010551707     0.459374540
     4.670000000     0.008471302     1.010739443     0.453819390
     4.680000000     0.008120762     1.010943899     0.447266028
     4.690000000     0.007778585     1.011165787     0.439722718
     4.700000000     0.007446396     1.011405627     0.431209052
     4.710000000     0.007125925     1.011663725     0.421755740
     4.720000000     0.006818987     1.011940163     0.411404222
     4.730000000     0.006527467     1.012234804     0.400206098
     4.740000000     0.006253298     1.012547304     0.388222391
     4.750000000     0.005998441     1.012877137     0.375522658
     4.760000000     0.005764866     1.013223614     0.362183970
     4.770000000     0.005554521     1.013585922     0.348289767
     4.780000000     0.005369317     1.013963142     0.333928629
     4.790000000     0.005211094     1.014354286     0.319192985
     4.800000000     0.005081606     1.014758311     0.304177777
     4.810000000     0.004982490     1.015174146     0.288979122
     4.820000000     0.004915246     1.015600703     0.273692988
     4.830000000     0.004881217     1.016036884     0.258413921
     4.840000000     0.004881564     1.016481588     0.243233841
     4.850000000     0.004917255     1.016933701     0.228240930
     4.860000000     0.004989046     1.017392091     0.213518642
     4.870000000     0.005097472     1.017855586     0.199144836
     4.880000000     0.005242841     1.018322957     0.185191058
     4.890000000     0.005425227     1.018792887     0.171721971
     4.900000000     0.005644480     1.019263940     0.158794948
     4.910000000     0.005900227     1.019734533     0.146459811
     4.920000000     0.006191887     1.020202897     0.134758736
     4.930000000     0.006518689     1.020667053     0.123726291
     4.940000000     0.006879698     1.021124787     0.113389618
     4.950000000     0.007273841     1.021573641     0.103768730
     4.960000000     0.007699940     1.022010925     0.094876915
     4.970000000     0.008156753     1.022433750     0.086721228
     4.980000000     0.008643009     1.022839098     0.079303052
     4.990000000     0.009157456     1.023223918     0.072618711
     5.000000000     0.009698901     1.023585274     0.066660107
     5.010000000     0.010266253     1.023920509     0.061415379
     5.020000000     0.010858565     1.024227447     0.056869553
     5.030000000     0.011475073     1.024504582     0.053005165
     5.040000000     0.012115224     1.024751254     0.049802867
     5.050000000     0.012778704     1.024967779     0.047241965
     5.060000000     0.013465456     1.025155502     0.045300921
     5.070000000     0.014175688     1.025316789     0.043957777
     5.080000000     0.014909869     1.025454935     0.043190521
     5.090000000     0.015668716     1.025574019     0.042977377
     5.100000000     0.016453172     1.025678711     0.043297026
     5.110000000     0.017264365     1.025774053     0.044128756
     5.120000000     0.018103563     1.025865213     0.045452548
     5.130000000     0.018972114     1.025957214     0.047249098
     5.140000000     0.019871377     1.026054646     0.049499785
     5.150000000     0.020802652     1.026161359     0.052186596
     5.160000000     0.021767092     1.026280184     0.055292001
     5.170000000     0.022765623     1.026412679     0.058798805
     5.180000000     0.023798857     1.026558968     0.062689977
     5.190000000     0.024867008     1.026717647     0.066948463
     5.200000000     0.025969816     1.026885797     0.071556993
     5.210000000     0.027106470     1.027059051     0.076497896
     5.220000000     0.028275553     1.027231704     0.081752919
     5.230000000     0.029474989     1.027396830     0.087303072
     5.240000000     0.030702007     1.027546382     0.093128490
     5.250000000     0.031953127     1.027671290     0.099208329
     5.260000000     0.033224155     1.027761567     0.105520689
     5.270000000     0.034510197     1.027806445     0.112042580
     5.280000000     0.035805701     1.027794612     0.118749927
     5.290000000     0.037104501     1.027714550     0.125617604
     5.300000000     0.038399887     1.027555021     0.132619527
     5.310000000     0.039684693     1.027305699     0.139728766
     5.320000000     0.040951387     1.026957920     0.146917709
     5.330000000     0.042192177     1.026505496     0.154158254
     5.340000000     0.043399134     1.025945496     0.161422037
     5.350000000     0.044564302     1.025278889     0.168680683
     5.360000000     0.045679824     1.024510930     0.175906081
     5.370000000     0.046738064     1.023651193     0.183070681
     5.380000000     0.047731724     1.022713172     0.190147796
     5.390000000     0.048653956     1.021713475     0.197111916
     5.400000000     0.049498465     1.020670635     0.203939015
     5.410000000     0.050259602     1.019603670     0.210606856
     5.420000000     0.050932446     1.018530567     0.217095281
     5.430000000     0.051512872     1.017466863     0.223386479
     5.440000000     0.051997606     1.016424513     0.229465228
     5.450000000     0.052384262     1.015411200     0.235319106
     5.460000000     0.052671372     1.014430145     0.240938660
     5.470000000     0.052858391     1.013480440     0.246317538
     5.480000000     0.052945701     1.012557852     0.251452565
     5.490000000     0.052934588     1.011655997     0.256343775
     5.500000000     0.052827221     1.010767746     0.260994387
     5.510000000     0.052626607     1.009886718     0.265410721
     5.520000000     0.052336544     1.009008663     0.269602066
     5.530000000     0.051961563     1.008132566     0.273580484
     5.540000000     0.051506859     1.007261282     0.277360568
     5.550000000     0.050978222     1.006401585     0.280959148
     5.560000000     0.050381953     1.005563595     0.284394946
     5.570000000     0.049724782     1.004759651     0.287688196
     5.580000000     0.049013785     1.004002823     0.290860233
     5.590000000     0.048256289     1.003305336     0.293933048
     5.600000000     0.047459781     1.002677183     0.296928833
     5.610000000     0.046631824     1.002125170     0.299869520
     5.620000000     0.045779960     1.001652502     0.302776313
     5.630000000     0.044911624     1.001258917     0.305669243
     5.640000000     0.044034063     1.000941249     0.308566740
     5.650000000     0.043154255     1.000694260     0.311485238
     5.660000000     0.042278837     1.000511540     0.314438825
     5.670000000     0.041414037     1.000386313     0.317438937
     5.680000000     0.040565622     1.000312019     0.320494115
     5.690000000     0.039738846     1.000282630     0.323609825
     5.700000000     0.038938417     1.000292697     0.326788341
     5.710000000     0.038168474     1.000337193     0.330028704
     5.720000000     0.037432568     1.000411264     0.333326753
     5.730000000     0.036733669     1.000509978     0.336675219
     5.740000000     0.036074173     1.000628163     0.340063899
     5.750000000     0.035455928     1.000760387     0.343479883
     5.760000000     0.034880266     1.000901065     0.346907841
     5.770000000     0.034348055     1.001044679     0.350330367
     5.780000000     0.033859745     1.001186047     0.353728348
     5.790000000     0.033415436     1.001320596     0.357081382
     5.800000000     0.033014942     1.001444597     0.360368195
     5.810000000     0.032657861     1.001555322     0.363567087
     5.820000000     0.032343651     1.001651136     0.366656360
     5.830000000     0.032071695     1.001731500     0.369614738
     5.840000000     0.031841373     1.001796923     0.372421765
     5.850000000     0.031652124     1.001848869     0.375058168
     5.860000000     0.031503500     1.001889641     0.377506180
     5.870000000     0.031395214     1.001922255     0.379749815
     5.880000000     0.031327177     1.001950302     0.381775097
     5.890000000     0.031299522     1.001977799     0.383570224
     5.900000000     0.031312616     1.002009018     0.385125692
     5.910000000     0.031367063     1.002048291     0.386434349
     5.920000000     0.031463690     1.002099792     0.387491409
     5.930000000     0.031603529     1.002167314     0.388294410
     5.940000000     0.031787775     1.002254049     0.388843139
     5.950000000     0.032017751     1.002362387     0.389139511
     5.960000000     0.032294856     1.002493749     0.389187427
     5.970000000     0.032620506     1.002648452     0.388992607
     5.980000000     0.032996077     1.002825621     0.388562414
     5.990000000     0.033422845     1.003023127     0.387905666
     6.000000000     0.033901922     1.003237591     0.387032458
     6.010000000     0.034434206     1.003464417     0.385953981
     6.020000000     0.035020321     1.003697900     0.384682366
     6.030000000     0.035660579     1.003931376     0.383230528
     6.040000000     0.036354936     1.004157424     0.381612047
     6.050000000     0.037102968     1.004368101     0.379841049
     6.060000000     0.037903850     1.004555191     0.377932120
     6.070000000     0.038756345     1.004710465     0.375900228
     6.080000000     0.039658807     1.004825927     0.373760661
     6.090000000     0.040609188     1.004894053     0.371528969
     6.100000000     0.041605051     1.004908033     0.369220919
     6.110000000     0.042643597     1.004862003     0.366852432
     6.120000000     0.043721686     1.004751283     0.364439525
     6.130000000     0.044835868     1.004572585     0.361998233
     6.140000000     0.045982410     1.004324189     0.359544510
     6.150000000     0.047157324     1.004006036     0.357094108
     6.160000000     0.048356389     1.003619716     0.354662431
     6.170000000     0.049575172     1.003168354     0.352264351
     6.180000000     0.050809039     1.002656395     0.349914010
     6.190000000     0.052053164     1.002089320     0.347624574
     6.200000000     0.053302521     1.001473326     0.345407979
     6.210000000     0.054551885     1.000814988     0.343274650
     6.220000000     0.055795812     1.000120916     0.341233200
     6.230000000     0.057028621     0.999397411     0.339290138
     6.240000000     0.058244377     0.998650105     0.337449565
     6.250000000     0.059436863     0.997883622     0.335712894
     6.260000000     0.060599564     0.997101258     0.334078592
     6.270000000     0.061725650     0.996304724     0.332541956
     6.280000000     0.062807968     0.995493958     0.331094940
     6.290000000     0.063839043     0.994667025     0.329726030
     6.300000000     0.064811097     0.993820103     0.328420198
     6.310000000     0.065716072     0.992947551     0.327158917
     6.320000000     0.066545684     0.992042073     0.325920265
     6.330000000     0.067291479     0.991094968     0.324679110
     6.340000000     0.067944923     0.990096499     0.323407374
     6.350000000     0.068497494     0.989036373     0.322074390
     6.360000000     0.068940804     0.987904361     0.320647335
     6.370000000     0.069266726     0.986691025     0.319091732
     6.380000000     0.069467538     0.985388554     0.317372026
     6.390000000     0.069536069     0.983991645     0.315452206
     6.400000000     0.069465861     0.982498372     0.313296474
     6.410000000     0.069251317     0.980910965     0.310869929
     6.420000000     0.068887851     0.979236387     0.308139278
     6.430000000     0.068372031     0.977486627     0.305073522
     6.440000000     0.067701700     0.975678617     0.301644629
     6.450000000     0.066876085     0.973833728     0.297828164
     6.460000000     0.065895879     0.971976850     0.293603858
     6.470000000     0.064763296     0.970135120     0.288956111
     6.480000000     0.063482103     0.968336432     0.283874406
     6.490000000     0.062057614     0.966607872     0.278353632
     6.500000000     0.060496656     0.964974288     0.272394297
     6.510000000     0.058807502     0.963457109     0.266002637
     6.520000000     0.056999780     0.962073548     0.259190608
     6.530000000     0.055084341     0.960836198     0.251975770
     6.540000000     0.053073116     0.959753015     0.244381061
     6.550000000     0.050978941     0.958827592     0.236434460
     6.560000000     0.048815370     0.958059651     0.228168569
     6.570000000     0.046596472     0.957445635     0.219620096
     6.580000000     0.044336624     0.956979337     0.210829277
     6.590000000     0.042050297     0.956652506     0.201839235
     6.600000000     0.039751851     0.956455400     0.192695298
     6.610000000     0.037455331     0.956377280     0.183444291
     6.620000000     0.035174276     0.956406826     0.174133820
     6.630000000     0.032921552     0.956532503     0.164811556
     6.640000000     0.030709190     0.956742853     0.155524549
     6.650000000     0.028548261     0.957026744     0.146318566
     6.660000000     0.026448764     0.957373560     0.137237488
     6.670000000     0.024419545     0.957773343     0.128322754
     6.680000000     0.022468239     0.958216898     0.119612884
     6.690000000     0.020601240     0.958695851     0.111143068
     6.700000000     0.018823690     0.959202680     0.102944834
     6.710000000     0.017139501     0.959730716     0.095045805
     6.720000000     0.015551384     0.960274122     0.087469529
     6.730000000     0.014060910     0.960827848     0.080235392
     6.740000000     0.012668578     0.961387580     0.073358612
     6.750000000     0.011373900     0.961949674     0.066850298
     6.760000000     0.010175493     0.962511092     0.060717582
     6.770000000     0.009071183     0.963069328     0.054963797
     6.780000000     0.008058106     0.963622344     0.049588719
     6.790000000     0.007132819     0.964168504     0.044588841
     6.800000000     0.006291403     0.964706519     0.039957680
     6.810000000     0.005529566     0.965235391     0.035686107
     6.820000000     0.004842740     0.965754370     0.031762697
     6.830000000     0.004226176     0.966262911     0.028174074
     6.840000000     0.003675024     0.966760640     0.024905264
     6.850000000     0.003184409     0.967247322     0.021940036
     6.860000000     0.002749502     0.967722841     0.019261229
     6.870000000     0.002365571     0.968187169     0.016851060
     6.880000000     0.002028034     0.968640358     0.014691407
     6.890000000     0.001732497     0.969082515     0.012764070
     6.900000000     0.001474784     0.969513797     0.011050997
     6.910000000     0.001250962     0.969934397     0.009534490
     6.920000000     0.001057354     0.970344533     0.008197371
     6.930000000     0.000890550     0.970744447     0.007023129
     6.940000000     0.000747410     0.971134392     0.005996025
     6.950000000     0.000625063     0.971514633     0.005101187
     6.960000000     0.000520899     0.971885439     0.004324665
     6.970000000     0.000432564     0.972247083     0.003653472
     6.980000000     0.000357944     0.972599837     0.003075602
     6.990000000     0.000295154     0.972943972     0.002580028
     7.000000000     0.000242523     0.973279755     0.002156693
     7.010000000     0.000198578     0.973607447     0.001796474
     7.020000000     0.000162025     0.973927307     0.001491154
     7.030000000     0.000131737     0.974239585     0.001233368
     7.040000000     0.000106736     0.974544524     0.001016557
     7.050000000     0.000086177     0.974842362     0.000834910
     7.060000000     0.000069335     0.975133328     0.000683310
     7.070000000     0.000055590     0.975417644     0.000557271
     7.080000000     0.000044415     0.975695526     0.000452883
     7.090000000     0.000035362     0.975967180     0.000366757
     7.100000000     0.000028057     0.976232806     0.000295968
     7.110000000     0.000022184     0.976492598     0.000238005
     7.120000000     0.000017479     0.976746742     0.000190723
     7.130000000     0.000013724     0.976995416     0.000152300
     7.140000000     0.000010739     0.977238794     0.000121193
     7.150000000     0.000008374     0.977477040     0.000096102
     7.160000000     0.000006507     0.977710315     0.000075941
     7.170000000     0.000005039     0.977938773     0.000059800
     7.180000000     0.000003889     0.978162562     0.000046927
     7.190000000     0.000002991     0.978381823     0.000036696
     7.200000000     0.000002292     0.978596694     0.000028597
     7.210000000     0.000001751     0.978807307     0.000022208
     7.220000000     0.000001333     0.979013788     0.000017187
     7.230000000     0.000001011     0.979216260     0.000013255
     7.240000000     0.000000764     0.979414840     0.000010187
     7.250000000     0.000000576     0.979609641     0.000007803
     7.260000000     0.000000432     0.979800772     0.000005956
     7.270000000     0.000000324     0.979988338     0.000004530
     7.280000000     0.000000241     0.980172440     0.000003434
     7.290000000     0.000000179     0.980353176     0.000002594
     7.300000000     0.000000133     0.980530638     0.000001953
     7.310000000     0.000000098     0.980704918     0.000001465
     7.320000000     0.000000072     0.980876103     0.000001096
     7.330000000     0.000000053     0.981044276     0.000000817
     7.340000000     0.000000039     0.981209519     0.000000606
     7.350000000     0.000000028     0.981371909     0.000000449
     7.360000000     0.000000020     0.981531523     0.000000331
     7.370000000     0.000000015     0.981688434     0.000000243
     7.380000000     0.000000011     0.981842710     0.000000178
     7.390000000     0.000000008     0.981994421     0.000000130
     7.400000000     0.000000005     0.982143631     0.000000095
     7.410000000     0.000000004     0.982290405     0.000000069
     7.420000000     0.000000003     0.982434803     0.000000050
     7.430000000     0.000000002     0.982576884     0.000000036
     7.440000000     0.000000001     0.982716707     0.000000026
     7.450000000     0.000000001     0.982854325     0.000000018
     7.460000000     0.000000001     0.982989793     0.000000013
     7.470000000     0.000000000     0.983123162     0.000000009
     7.480000000     0.000000000     0.983254482     0.000000007
     7.490000000     0.000000000     0.983383803     0.000000005
     7.500000000     0.000000000     0.983511171     0.000000003
     7.510000000     0.000000000     0.983636631     0.000000002
     7.520000000     0.000000000     0.983760227     0.000000002
     7.530000000     0.000000000     0.983882003     0.000000001
     7.540000000     0.000000000     0.984002000     0.000000001
     7.550000000     0.000000000     0.984120257     0.000000001
     7.560000000     0.000000000     0.984236814     0.000000000
     7.570000000     0.000000000     0.984351708     0.000000000
     7.580000000     0.000000000     0.984464977     0.000000000
     7.590000000     0.000000000     0.984576655     0.000000000
     7.600000000     0.000000000     0.984686777     0.000000000
     7.610000000     0.000000000     0.984795377     0.000000000
     7.620000000     0.000000000     0.984902487     0.000000000
     7.630000000     0.000000000     0.985008138     0.000000000
     7.640000000     0.000000000     0.985112362     0.000000000
     7.650000000     0.000000000     0.985215188     0.000000000
     7.660000000     0.000000000     0.985316645     0.000000000
     7.670000000     0.000000000     0.985416761     0.000000000
     7.680000000     0.000000000     0.985515563     0.000000000
     7.690000000     0.000000000     0.985613079     0.000000000
     7.700000000     0.000000000     0.985709334     0.000000000
     7.710000000     0.000000000     0.985804353     0.000000000
     7.720000000     0.000000000     0.985898161     0.000000000
     7.730000000     0.000000000     0.985990781     0.000000000
     7.740000000     0.000000000     0.986082237     0.000000000
     7.750000000     0.000000000     0.986172551     0.000000000
     7.760000000     0.000000000     0.986261746     0.000000000
     7.770000000     0.000000000     0.986349842     0.000000000
     7.780000000     0.000000000     0.986436861     0.000000000
     7.790000000     0.000000000     0.986522823     0.000000000
     7.800000000     0.000000000     0.986607748     0.000000000
     7.810000000     0.000000000     0.986691655     0.000000000
     7.820000000     0.000000000     0.986774562     0.000000000
     7.830000000     0.000000000     0.986856489     0.000000000
     7.840000000     0.000000000     0.986937452     0.000000000
     7.850000000     0.000000000     0.987017470     0.000000000
     7.860000000     0.000000000     0.987096560     0.000000000
     7.870000000     0.000000000     0.987174738     0.000000000
     7.880000000     0.000000000     0.987252020     0.000000000
     7.890000000     0.000000000     0.987328422     0.000000000
     7.900000000     0.000000000     0.987403960     0.000000000
     7.910000000     0.000000000     0.987478648     0.000000000
     7.920000000     0.000000000     0.987552501     0.000000000
     7.930000000     0.000000000     0.987625535     0.000000000
     7.940000000     0.000000000     0.987697761     0.000000000
     7.950000000     0.000000000     0.987769196     0.000000000
     7.960000000     0.000000000     0.987839850     0.000000000
     7.970000000     0.000000000     0.987909739     0.000000000
     7.980000000     0.000000000     0.987978874     0.000000000
     7.990000000     0.000000000     0.988047269     0.000000000
     8.000000000     0.000000000     0.988114934     0.000000000
     8.010000000     0.000000000     0.988181883     0.000000000
     8.020000000     0.000000000     0.988248126     0.000000000
     8.030000000     0.000000000     0.988313676     0.000000000
     8.040000000     0.000000000     0.988378543     0.000000000
     8.050000000     0.000000000     0.988442738     0.000000000
     8.060000000     0.000000000     0.988506273     0.000000000
     8.070000000     0.000000000     0.988569157     0.000000000
     8.080000000     0.000000000     0.988631400     0.000000000
     8.090000000     0.000000000     0.988693013     0.000000000
     8.100000000     0.000000000     0.988754006     0.000000000
     8.110000000     0.000000000     0.988814387     0.000000000
     8.120000000     0.000000000     0.988874167     0.000000000
     8.130000000     0.000000000     0.988933354     0.000000000
     8.140000000     0.000000000     0.988991958     0.000000000
     8.150000000     0.000000000     0.989049987     0.000000000
     8.160000000     0.000000000     0.989107451     0.000000000
     8.170000000     0.000000000     0.989164356     0.000000000
     8.180000000     0.000000000     0.989220713     0.000000000
     8.190000000     0.000000000     0.989276528     0.000000000
     8.200000000     0.000000000     0.989331810     0.000000000
     8.210000000     0.000000000     0.989386566     0.000000000
     8.220000000     0.000000000     0.989440805     0.000000000
     8.230000000     0.000000000     0.989494533     0.000000000
     8.240000000     0.000000000     0.989547758     0.000000000
     8.250000000     0.000000000     0.989600488     0.000000000
     8.260000000     0.000000000     0.989652729     0.000000000
     8.270000000     0.000000000     0.989704487     0.000000000
     8.280000000     0.000000000     0.989755771     0.000000000
     8.290000000     0.000000000     0.989806587     0.000000000
     8.300000000     0.000000000     0.989856940     0.000000000
     8.310000000     0.000000000     0.989906838     0.000000000
     8.320000000     0.000000000     0.989956287     0.000000000
     8.330000000     0.000000000     0.990005293     0.000000000
     8.340000000     0.000000000     0.990053862     0.000000000
     8.350000000     0.000000000     0.990101999     0.000000000
     8.360000000     0.000000000     0.990149712     0.000000000
     8.370000000     0.000000000     0.990197005     0.000000000
     8.380000000     0.000000000     0.990243884     0.000000000
     8.390000000     0.000000000     0.990290355     0.000000000
     8.400000000     0.000000000     0.990336423     0.000000000
     8.410000000     0.000000000     0.990382093     0.000000000
     8.420000000     0.000000000     0.990427371     0.000000000
     8.430000000     0.000000000     0.990472261     0.000000000
     8.440000000     0.000000000     0.990516769     0.000000000
     8.450000000     0.000000000     0.990560900     0.000000000
     8.460000000     0.000000000     0.990604658     0.000000000
     8.470000000     0.000000000     0.990648049     0.000000000
     8.480000000     0.000000000     0.990691077     0.000000000
     8.490000000     0.000000000     0.990733746     0.000000000
     8.500000000     0.000000000     0.990776061     0.000000000
     8.510000000     0.000000000     0.990818027     0.000000000
     8.520000000     0.000000000     0.990859648     0.000000000
     8.530000000     0.000000000     0.990900929     0.000000000
     8.540000000     0.000000000     0.990941872     0.000000000
     8.550000000     0.000000000     0.990982484     0.000000000
     8.560000000     0.000000000     0.991022767     0.000000000
     8.570000000     0.000000000     0.991062726     0.000000000
     8.580000000     0.000000000     0.991102365     0.000000000
     8.590000000     0.000000000     0.991141687     0.000000000
     8.600000000     0.000000000     0.991180696     0.000000000
     8.610000000     0.000000000     0.991219397     0.000000000
     8.620000000     0.000000000     0.991257793     0.000000000
     8.630000000     0.000000000     0.991295887     0.000000000
     8.640000000     0.000000000     0.991333684     0.000000000
     8.650000000     0.000000000     0.991371186     0.000000000
     8.660000000     0.000000000     0.991408397     0.000000000
     8.670000000     0.000000000     0.991445321     0.000000000
     8.680000000     0.000000000     0.991481960     0.000000000
     8.690000000     0.000000000     0.991518319     0.000000000
     8.700000000     0.000000000     0.991554400     0.000000000
     8.710000000     0.000000000     0.991590206     0.000000000
     8.720000000     0.000000000     0.991625742     0.000000000
     8.730000000     0.000000000     0.991661009     0.000000000
     8.740000000     0.000000000     0.991696011     0.000000000
     8.750000000     0.000000000     0.991730751     0.000000000
     8.760000000     0.000000000     0.991765232     0.000000000
     8.770000000     0.000000000     0.991799457     0.000000000
     8.780000000     0.000000000     0.991833429     0.000000000
     8.790000000     0.000000000     0.991867150     0.000000000
     8.800000000     0.000000000     0.991900623     0.000000000
     8.810000000     0.000000000     0.991933851     0.000000000
     8.820000000     0.000000000     0.991966837     0.000000000
     8.830000000     0.000000000     0.991999583     0.000000000
     8.840000000     0.000000000     0.992032092     0.000000000
     8.850000000     0.000000000     0.992064367     0.000000000
     8.860000000     0.000000000     0.992096410     0.000000000
     8.870000000     0.000000000     0.992128224     0.000000000
     8.880000000     0.000000000     0.992159811     0.000000000
     8.890000000     0.000000000     0.992191173     0.000000000
     8.900000000     0.000000000     0.992222313     0.000000000
     8.910000000     0.000000000     0.992253233     0.000000000
     8.920000000     0.000000000     0.992283936     0.000000000
     8.930000000     0.000000000     0.992314424     0.000000000
     8.940000000     0.000000000     0.992344699     0.000000000
     8.950000000     0.000000000     0.992374763     0.000000000
     8.960000000     0.000000000     0.992404620     0.000000000
     8.970000000     0.000000000     0.992434269     0.000000000
     8.980000000     0.000000000     0.992463715     0.000000000
     8.990000000     0.000000000     0.992492959     0.000000000
     9.000000000     0.000000000     0.992522002     0.000000000
