     0.000000000    -0.000000000     4.515400536     0.000000000
     0.010000000     0.000000000     4.515415647     0.000000000
     0.020000000     0.000000000     4.515460982     0.000000000
     0.030000000     0.000000000     4.515536543     0.000000000
     0.040000000     0.000000000     4.515642337     0.000000000
     0.050000000     0.000000000     4.515778368     0.000000000
     0.060000000     0.000000000     4.515944648     0.000000000
     0.070000000     0.000000000     4.516141186     0.000000000
     0.080000000     0.000000000     4.516367997     0.000000000
     0.090000000     0.000000000     4.516625094     0.000000000
     0.100000000     0.000000000     4.516912496     0.000000000
     0.110000000     0.000000000     4.517230221     0.000000000
     0.120000000     0.000000000     4.517578291     0.000000000
     0.130000000     0.000000000     4.517956729     0.000000000
     0.140000000     0.000000000     4.518365560     0.000000000
     0.150000000     0.000000000     4.518804812     0.000000000
     0.160000000     0.000000000     4.519274514     0.000000000
     0.170000000     0.000000000     4.519774698     0.000000000
     0.180000000     0.000000000     4.520305398     0.000000000
     0.190000000     0.000000000     4.520866649     0.000000000
     0.200000000     0.000000000     4.521458490     0.000000000
     0.210000000     0.000000000     4.522080960     0.000000000
     0.220000000     0.000000000     4.522734102     0.000000000
     0.230000000     0.000000000     4.523417959     0.000000000
     0.240000000     0.000000000     4.524132579     0.000000000
     0.250000000     0.000000000     4.524878011     0.000000000
     0.260000000     0.000000000     4.525654304     0.000000000
     0.270000000     0.000000000     4.526461513     0.000000000
     0.280000000     0.000000000     4.527299692     0.000000000
     0.290000000     0.000000000     4.528168901     0.000000000
     0.300000000     0.000000000     4.529069197     0.000000000
     0.310000000     0.000000000     4.530000644     0.000000000
     0.320000000     0.000000000     4.530963307     0.000000000
     0.330000000     0.000000000     4.531957252     0.000000000
     0.340000000     0.000000000     4.532982549     0.000000000
     0.350000000     0.000000000     4.534039269     0.000000000
     0.360000000     0.000000000     4.535127487     0.000000000
     0.370000000     0.000000000     4.536247279     0.000000000
     0.380000000     0.000000000     4.537398725     0.000000000
     0.390000000     0.000000000     4.538581905     0.000000000
     0.400000000     0.000000000     4.539796906     0.000000000
     0.410000000     0.000000000     4.541043812     0.000000000
     0.420000000     0.000000000     4.542322714     0.000000000
     0.430000000     0.000000000     4.543633704     0.000000000
     0.440000000     0.000000000     4.544976877     0.000000000
     0.450000000     0.000000000     4.546352330     0.000000000
     0.460000000     0.000000000     4.547760163     0.000000000
     0.470000000     0.000000000     4.549200480     0.000000000
     0.480000000     0.000000000     4.550673387     0.000000000
     0.490000000     0.000000000     4.552178992     0.000000000
     0.500000000     0.000000000     4.553717409     0.000000000
     0.510000000     0.000000000     4.555288750     0.000000000
     0.520000000     0.000000000     4.556893136     0.000000000
     0.530000000     0.000000000     4.558530686     0.000000000
     0.540000000     0.000000000     4.560201525     0.000000000
     0.550000000     0.000000000     4.561905781     0.000000000
     0.560000000     0.000000000     4.563643585     0.000000000
     0.570000000     0.000000000     4.565415070     0.000000000
     0.580000000     0.000000000     4.567220375     0.000000000
     0.590000000     0.000000000     4.569059640     0.000000000
     0.600000000     0.000000000     4.570933011     0.000000000
     0.610000000     0.000000000     4.572840637     0.000000000
     0.620000000     0.000000000     4.574782668     0.000000000
     0.630000000     0.000000000     4.576759262     0.000000000
     0.640000000     0.000000000     4.578770578     0.000000000
     0.650000000     0.000000000     4.580816780     0.000000000
     0.660000000     0.000000000     4.582898037     0.000000000
     0.670000000     0.000000000     4.585014520     0.000000000
     0.680000000     0.000000001     4.587166406     0.000000000
     0.690000000     0.000000001     4.589353877     0.000000000
     0.700000000     0.000000001     4.591577117     0.000000000
     0.710000000     0.000000002     4.593836318     0.000000000
     0.720000000     0.000000003     4.596131673     0.000000000
     0.730000000     0.000000004     4.598463383     0.000000000
     0.740000000     0.000000006     4.600831653     0.000000000
     0.750000000     0.000000009     4.603236693     0.000000000
     0.760000000     0.000000013     4.605678719     0.000000000
     0.770000000     0.000000019     4.608157950     0.000000000
     0.780000000     0.000000027     4.610674614     0.000000000
     0.790000000     0.000000039     4.613228944     0.000000000
     0.800000000     0.000000055     4.615821176     0.000000000
     0.810000000     0.000000077     4.618451557     0.000000000
     0.820000000     0.000000109     4.621120337     0.000000000
     0.830000000     0.000000152     4.623827773     0.000000000
     0.840000000     0.000000212     4.626574129     0.000000000
     0.850000000     0.000000295     4.629359677     0.000000000
     0.860000000     0.000000408     4.632184695     0.000000000
     0.870000000     0.000000561     4.635049468     0.000000000
     0.880000000     0.000000768     4.637954291     0.000000000
     0.890000000     0.000001048     4.640899465     0.000000000
     0.900000000     0.000001422     4.643885298     0.000000001
     0.910000000     0.000001922     4.646912110     0.000000001
     0.920000000     0.000002587     4.649980227     0.000000001
     0.930000000     0.000003466     4.653089984     0.000000002
     0.940000000     0.000004623     4.656241727     0.000000002
     0.950000000     0.000006139     4.659435811     0.000000003
     0.960000000     0.000008115     4.662672599     0.000000004
     0.970000000     0.000010681     4.665952468     0.000000005
     0.980000000     0.000013996     4.669275802     0.000000006
     0.990000000     0.000018258     4.672642998     0.000000008
     1.000000000     0.000023713     4.676054462     0.000000011
     1.010000000     0.000030662     4.679510614     0.000000014
     1.020000000     0.000039472     4.683011885     0.000000018
     1.030000000     0.000050588     4.686558716     0.000000023
     1.040000000     0.000064548     4.690151563     0.000000029
     1.050000000     0.000081996     4.693790893     0.000000038
     1.060000000     0.000103701     4.697477187     0.000000048
     1.070000000     0.000130573     4.701210935     0.000000061
     1.080000000     0.000163683     4.704992645     0.000000076
     1.090000000     0.000204284     4.708822835     0.000000096
     1.100000000     0.000253831     4.712702034     0.000000120
     1.110000000     0.000314008     4.716630787     0.000000150
     1.120000000     0.000386741     4.720609647     0.000000186
     1.130000000     0.000474227     4.724639181     0.000000230
     1.140000000     0.000578948     4.728719963     0.000000283
     1.150000000     0.000703692     4.732852579     0.000000346
     1.160000000     0.000851564     4.737037618     0.000000423
     1.170000000     0.001025995     4.741275676     0.000000515
     1.180000000     0.001230749     4.745567350     0.000000624
     1.190000000     0.001469916     4.749913235     0.000000754
     1.200000000     0.001747904     4.754313919     0.000000907
     1.210000000     0.002069416     4.758769976     0.000001087
     1.220000000     0.002439421     4.763281963     0.000001298
     1.230000000     0.002863114     4.767850405     0.000001545
     1.240000000     0.003345860     4.772475789     0.000001832
     1.250000000     0.003893130     4.777158549     0.000002165
     1.260000000     0.004510428     4.781899047     0.000002550
     1.270000000     0.005203193     4.786697558     0.000002994
     1.280000000     0.005976710     4.791554240     0.000003505
     1.290000000     0.006835994     4.796469104     0.000004090
     1.300000000     0.007785675     4.801441981     0.000004758
     1.310000000     0.008829880     4.806472475     0.000005520
     1.320000000     0.009972105     4.811559910     0.000006387
     1.330000000     0.011215095     4.816703261     0.000007370
     1.340000000     0.012560728     4.821901083     0.000008484
     1.350000000     0.014009903     4.827151412     0.000009743
     1.360000000     0.015562447     4.832451658     0.000011164
     1.370000000     0.017217040     4.837798476     0.000012765
     1.380000000     0.018971153     4.843187614     0.000014567
     1.390000000     0.020821019     4.848613747     0.000016594
     1.400000000     0.022761627     4.854070283     0.000018870
     1.410000000     0.024786753     4.859549163     0.000021424
     1.420000000     0.026889008     4.865040649     0.000024288
     1.430000000     0.029059937     4.870533124     0.000027499
     1.440000000     0.031290132     4.876012925     0.000031095
     1.450000000     0.033569383     4.881464256     0.000035122
     1.460000000     0.035886852     4.886869217     0.000039628
     1.470000000     0.038231269     4.892208033     0.000044668
     1.480000000     0.040591141     4.897459561     0.000050301
     1.490000000     0.042954975     4.902602164     0.000056594
     1.500000000     0.045311501     4.907615035     0.000063619
     1.510000000     0.047649883     4.912480013     0.000071453
     1.520000000     0.049959931     4.917183853     0.000080182
     1.530000000     0.052232281     4.921720785     0.000089897
     1.540000000     0.054458550     4.926095058     0.000100694
     1.550000000     0.056631461     4.930322979     0.000112676
     1.560000000     0.058744927     4.934433917     0.000125952
     1.570000000     0.060794097     4.938469732     0.000140635
     1.580000000     0.062775350     4.942482371     0.000156843
     1.590000000     0.064686255     4.946529741     0.000174694
     1.600000000     0.066525485     4.950670381     0.000194313
     1.610000000     0.068292692     4.954957845     0.000215821
     1.620000000     0.069988353     4.959435728     0.000239340
     1.630000000     0.071613585     4.964134125     0.000264990
     1.640000000     0.073169947     4.969067895     0.000292886
     1.650000000     0.074659229     4.974236678     0.000323138
     1.660000000     0.076083241     4.979626308     0.000355847
     1.670000000     0.077443619     4.985211089     0.000391107
     1.680000000     0.078741639     4.990956484     0.000428998
     1.690000000     0.079978064     4.996821830     0.000469589
     1.700000000     0.081153026     5.002762941     0.000512935
     1.710000000     0.082265946     5.008734535     0.000559076
     1.720000000     0.083315496     5.014692543     0.000608033
     1.730000000     0.084299608     5.020596378     0.000659815
     1.740000000     0.085215533     5.026411188     0.000714411
     1.750000000     0.086059932     5.032110036     0.000771793
     1.760000000     0.086829019     5.037675849     0.000831918
     1.770000000     0.087518733     5.043102900     0.000894729
     1.780000000     0.088124927     5.048397542     0.000960155
     1.790000000     0.088643596     5.053577975     0.001028113
     1.800000000     0.089071090     5.058672935     0.001098514
     1.810000000     0.089404347     5.063719370     0.001171260
     1.820000000     0.089641099     5.068759349     0.001246256
     1.830000000     0.089780074     5.073836603     0.001323403
     1.840000000     0.089821162     5.078993150     0.001402613
     1.850000000     0.089765545     5.084266478     0.001483804
     1.860000000     0.089615795     5.089687606     0.001566910
     1.870000000     0.089375923     5.095280188     0.001651884
     1.880000000     0.089051381     5.101060585     0.001738698
     1.890000000     0.088649018     5.107038679     0.001827354
     1.900000000     0.088176992     5.113219064     0.001917880
     1.910000000     0.087644633     5.119602319     0.002010340
     1.920000000     0.087062277     5.126186089     0.002104828
     1.930000000     0.086441049     5.132965869     0.002201478
     1.940000000     0.085792640     5.139935512     0.002300459
     1.950000000     0.085129043     5.147087521     0.002401978
     1.960000000     0.084462292     5.154413263     0.002506277
     1.970000000     0.083804189     5.161903193     0.002613630
     1.980000000     0.083166031     5.169547146     0.002724347
     1.990000000     0.082558360     5.177334700     0.002838759
     2.000000000     0.081990714     5.185255567     0.002957223
     2.010000000     0.081471417     5.193299937     0.003080110
     2.020000000     0.081007391     5.201458714     0.003207802
     2.030000000     0.080603998     5.209723567     0.003340683
     2.040000000     0.080264934     5.218086792     0.003479131
     2.050000000     0.079992144     5.226540993     0.003623508
     2.060000000     0.079785793     5.235078656     0.003774156
     2.070000000     0.079644270     5.243691722     0.003931383
     2.080000000     0.079564235     5.252371249     0.004095454
     2.090000000     0.079540701     5.261107261     0.004266585
     2.100000000     0.079567157     5.269888810     0.004444935
     2.110000000     0.079635715     5.278704239     0.004630592
     2.120000000     0.079737288     5.287541604     0.004823570
     2.130000000     0.079861795     5.296389211     0.005023803
     2.140000000     0.079998372     5.305236250     0.005231134
     2.150000000     0.080135603     5.314073504     0.005445317
     2.160000000     0.080261757     5.322894160     0.005666005
     2.170000000     0.080365018     5.331694674     0.005892757
     2.180000000     0.080433720     5.340475652     0.006125027
     2.190000000     0.080456564     5.349242596     0.006362173
     2.200000000     0.080422826     5.358006370     0.006603451
     2.210000000     0.080322540     5.366783213     0.006848023
     2.220000000     0.080146667     5.375594176     0.007094959
     2.230000000     0.079887233     5.384463966     0.007343242
     2.240000000     0.079537446     5.393419266     0.007591774
     2.250000000     0.079091777     5.402486765     0.007839387
     2.260000000     0.078546024     5.411691140     0.008084848
     2.270000000     0.077897340     5.421053329     0.008326871
     2.280000000     0.077144237     5.430589311     0.008564126
     2.290000000     0.076286564     5.440309576     0.008795251
     2.300000000     0.075325468     5.450219284     0.009018864
     2.310000000     0.074263325     5.460319020     0.009233578
     2.320000000     0.073103662     5.470605955     0.009438009
     2.330000000     0.071851061     5.481075201     0.009630791
     2.340000000     0.070511055     5.491721147     0.009810592
     2.350000000     0.069090011     5.502538624     0.009976127
     2.360000000     0.067595014     5.513523787     0.010126166
     2.370000000     0.066033746     5.524674672     0.010259556
     2.380000000     0.064414365     5.535991413     0.010375228
     2.390000000     0.062745388     5.547476173     0.010472211
     2.400000000     0.061035580     5.559132817     0.010549647
     2.410000000     0.059293846     5.570966438     0.010606797
     2.420000000     0.057529129     5.582982777     0.010643056
     2.430000000     0.055750323     5.595187649     0.010657963
     2.440000000     0.053966185     5.607586408     0.010651205
     2.450000000     0.052185262     5.620183522     0.010622627
     2.460000000     0.050415825     5.632982269     0.010572236
     2.470000000     0.048665805     5.645984583     0.010500208
     2.480000000     0.046942750     5.659191052     0.010406882
     2.490000000     0.045253774     5.672601032     0.010292767
     2.500000000     0.043605526     5.686212869     0.010158537
     2.510000000     0.042004155     5.700024184     0.010005022
     2.520000000     0.040455291     5.714032161     0.009833208
     2.530000000     0.038964025     5.728233819     0.009644223
     2.540000000     0.037534898     5.742626216     0.009439326
     2.550000000     0.036171897     5.757206598     0.009219894
     2.560000000     0.034878452     5.771972468     0.008987409
     2.570000000     0.033657445     5.786921619     0.008743437
     2.580000000     0.032511223     5.802052123     0.008489610
     2.590000000     0.031441612     5.817362298     0.008227610
     2.600000000     0.030449944     5.832850663     0.007959147
     2.610000000     0.029537088     5.848515882     0.007685938
     2.620000000     0.028703483     5.864356689     0.007409688
     2.630000000     0.027949181     5.880371821     0.007132067
     2.640000000     0.027273892     5.896559963     0.006854695
     2.650000000     0.026677036     5.912919726     0.006579124
     2.660000000     0.026157797     5.929449671     0.006306816
     2.670000000     0.025715180     5.946148397     0.006039135
     2.680000000     0.025348069     5.963014666     0.005777334
     2.690000000     0.025055288     5.980047553     0.005522539
     2.700000000     0.024835658     5.997246593     0.005275748
     2.710000000     0.024688057     6.014611895     0.005037821
     2.720000000     0.024611469     6.032144225     0.004809482
     2.730000000     0.024605033     6.049845045     0.004591312
     2.740000000     0.024668087     6.067716542     0.004383757
     2.750000000     0.024800197     6.085761655     0.004187130
     2.760000000     0.025001189     6.103984114     0.004001616
     2.770000000     0.025271157     6.122388482     0.003827282
     2.780000000     0.025610468     6.140980179     0.003664084
     2.790000000     0.026019759     6.159765437     0.003511882
     2.800000000     0.026499913     6.178751161     0.003370446
     2.810000000     0.027052031     6.197944656     0.003239472
     2.820000000     0.027677389     6.217353245     0.003118596
     2.830000000     0.028377384     6.236983818     0.003007404
     2.840000000     0.029153470     6.256842378     0.002905446
     2.850000000     0.030007090     6.276933653     0.002812248
     2.860000000     0.030939594     6.297260833     0.002727326
     2.870000000     0.031952156     6.317825459     0.002650194
     2.880000000     0.033045690     6.338627449     0.002580377
     2.890000000     0.034220756     6.359665275     0.002517421
     2.900000000     0.035477479     6.380936229     0.002460898
     2.910000000     0.036815465     6.402436793     0.002410417
     2.920000000     0.038233726     6.424163064     0.002365627
     2.930000000     0.039730610     6.446111212     0.002326225
     2.940000000     0.041303751     6.468277929     0.002291956
     2.950000000     0.042950024     6.490660790     0.002262621
     2.960000000     0.044665517     6.513258482     0.002238074
     2.970000000     0.046445525     6.536070834     0.002218221
     2.980000000     0.048284562     6.559098638     0.002203029
     2.990000000     0.050176381     6.582343299     0.002192511
     3.000000000     0.052114032     6.605806408     0.002186737
     3.010000000     0.054089924     6.629489352     0.002185822
     3.020000000     0.056095917     6.653393065     0.002189928
     3.030000000     0.058123424     6.677518007     0.002199255
     3.040000000     0.060163536     6.701864313     0.002214042
     3.050000000     0.062207156     6.726432074     0.002234560
     3.060000000     0.064245150     6.751221611     0.002261106
     3.070000000     0.066268504     6.776233688     0.002293997
     3.080000000     0.068268488     6.801469684     0.002333571
     3.090000000     0.070236822     6.826931793     0.002380173
     3.100000000     0.072165842     6.852623411     0.002434157
     3.110000000     0.074048663     6.878549786     0.002495878
     3.120000000     0.075879332     6.904718906     0.002565685
     3.130000000     0.077652971     6.931142469     0.002643923
     3.140000000     0.079365910     6.957836652     0.002730920
     3.150000000     0.081015795     6.984822426     0.002826991
     3.160000000     0.082601695     7.012125207     0.002932430
     3.170000000     0.084124168     7.039773847     0.003047504
     3.180000000     0.085585329     7.067799105     0.003172457
     3.190000000     0.086988884     7.096231889     0.003307501
     3.200000000     0.088340146     7.125101559     0.003452817
     3.210000000     0.089646045     7.154434529     0.003608550
     3.220000000     0.090915101     7.184253310     0.003774810
     3.230000000     0.092157401     7.214575995     0.003951670
     3.240000000     0.093384552     7.245416170     0.004139165
     3.250000000     0.094609624     7.276783147     0.004337291
     3.260000000     0.095847095     7.308682496     0.004546007
     3.270000000     0.097112773     7.341116783     0.004765233
     3.280000000     0.098423731     7.374086449     0.004994856
     3.290000000     0.099798226     7.407590776     0.005234725
     3.300000000     0.101255627     7.441628827     0.005484663
     3.310000000     0.102816337     7.476200287     0.005744460
     3.320000000     0.104501717     7.511306133     0.006013886
     3.330000000     0.106334007     7.546949084     0.006292692
     3.340000000     0.108336251     7.583133794     0.006580614
     3.350000000     0.110532214     7.619866829     0.006877381
     3.360000000     0.112946303     7.657156449     0.007182724
     3.370000000     0.115603471     7.695012283     0.007496377
     3.380000000     0.118529130     7.733444972     0.007818089
     3.390000000     0.121749043     7.772465849     0.008147630
     3.400000000     0.125289212     7.812086697     0.008484798
     3.410000000     0.129175757     7.852319580     0.008829425
     3.420000000     0.133434787     7.893176708     0.009181383
     3.430000000     0.138092255     7.934670267     0.009540590
     3.440000000     0.143173814     7.976812150     0.009907015
     3.450000000     0.148704663     8.019613567     0.010280676
     3.460000000     0.154709394     8.063084543     0.010661645
     3.470000000     0.161211842     8.107233368     0.011050044
     3.480000000     0.168234939     8.152066079     0.011446043
     3.490000000     0.175800586     8.197586038     0.011849855
     3.500000000     0.183929540     8.243793646     0.012261725
     3.510000000     0.192641326     8.290686176     0.012681922
     3.520000000     0.201954179     8.338257706     0.013110727
     3.530000000     0.211885022     8.386499093     0.013548417
     3.540000000     0.222449480     8.435398004     0.013995247
     3.550000000     0.233661937     8.484938997     0.014451437
     3.560000000     0.245535633     8.535103698     0.014917150
     3.570000000     0.258082806     8.585871120     0.015392472
     3.580000000     0.271314868     8.637218156     0.015877395
     3.590000000     0.285242616     8.689120265     0.016371795
     3.600000000     0.299876470     8.741552391     0.016875420
     3.610000000     0.315226718     8.794490145     0.017387866
     3.620000000     0.331303771     8.847911296     0.017908571
     3.630000000     0.348118405     8.901797575     0.018436803
     3.640000000     0.365681962     8.956136752     0.018971648
     3.650000000     0.384006517     9.010924800     0.019512016
     3.660000000     0.403104970     9.066167820     0.020056634
     3.670000000     0.422991056     9.121883309     0.020604061
     3.680000000     0.443679246     9.178100280     0.021152690
     3.690000000     0.465184532     9.234857888     0.021700771
     3.700000000     0.487522076     9.292202447     0.022246430
     3.710000000     0.510706712     9.350183102     0.022787690
     3.720000000     0.534752292     9.408846825     0.023322505
     3.730000000     0.559670887     9.468233669     0.023848791
     3.740000000     0.585471826     9.528373310     0.024364459
     3.750000000     0.612160610     9.589283684     0.024867454
     3.760000000     0.639737695     9.650972165     0.025355791
     3.770000000     0.668197189     9.713439196     0.025827598
     3.780000000     0.697525479     9.776683739     0.026281143
     3.790000000     0.727699842     9.840709395     0.026714880
     3.800000000     0.758687078     9.905529656     0.027127472
     3.810000000     0.790442219     9.971170640     0.027517824
     3.820000000     0.822907366    10.037669883     0.027885103
     3.830000000     0.856010716    10.105070545     0.028228753
     3.840000000     0.889665839    10.173411532     0.028548510
     3.850000000     0.923771255    10.242715269     0.028844401
     3.860000000     0.958210377    10.312975795     0.029116744
     3.870000000     0.992851855    10.384150054     0.029366130
     3.880000000     1.027550380    10.456154607     0.029593412
     3.890000000     1.062147958    10.528868742     0.029799674
     3.900000000     1.096475701    10.602143436     0.029986199
     3.910000000     1.130356119    10.675814438     0.030154434
     3.920000000     1.163605928    10.749717083     0.030305945
     3.930000000     1.196039332    10.823700560     0.030442369
     3.940000000     1.227471778    10.897640015     0.030565368
     3.950000000     1.257724104    10.971445874     0.030676576
     3.960000000     1.286627046    11.045070639     0.030777553
     3.970000000     1.314026023    11.118514037     0.030869732
     3.980000000     1.339786126    11.191827532     0.030954377
     3.990000000     1.363797242    11.265119066     0.031032542
     4.000000000     1.385979202    11.338558535     0.031105036
     4.010000000     1.406286909    11.412384039     0.031172396
     4.020000000     1.424715330    11.486908285     0.031234867
     4.030000000     1.441304322    11.562523647     0.031292389
     4.040000000     1.456143202    11.639703501     0.031344599
     4.050000000     1.469375035    11.718996956     0.031390834
     4.060000000     1.481200610    11.801014550     0.031430148
     4.070000000     1.491882091    11.886404114     0.031461339
     4.080000000     1.501746337    11.975818443     0.031482981
     4.090000000     1.511187933    12.069878962     0.031493463
     4.100000000     1.520671947    12.169141087     0.031491040
     4.110000000     1.530736466    12.274066929     0.031473879
     4.120000000     1.541994967    12.385009250     0.031440119
     4.130000000     1.555138566    12.502207968     0.031387926
     4.140000000     1.570938212    12.625797780     0.031315550
     4.150000000     1.590246857    12.755823642     0.031221380
     4.160000000     1.614001635    12.892260088     0.031103999
     4.170000000     1.643226051    13.035030710     0.030962230
     4.180000000     1.679032165    13.184025179     0.030795180
     4.190000000     1.722622719    13.339112415     0.030602274
     4.200000000     1.775293111    13.500149646     0.030383284
     4.210000000     1.838433095    13.666987785     0.030138344
     4.220000000     1.913528038    13.839473852     0.029867963
     4.230000000     2.002159536    14.017451110     0.029573026
     4.240000000     2.106005139    14.200757432     0.029254781
     4.250000000     2.226836929    14.389222263     0.028914824
     4.260000000     2.366518652    14.582662552     0.028555075
     4.270000000     2.527001103    14.780878156     0.028177743
     4.280000000     2.710315470    14.983647384     0.027785288
     4.290000000     2.918564330    15.190723410     0.027380381
     4.300000000     3.153910057    15.401832167     0.026965855
     4.310000000     3.418560391    15.616672008     0.026544655
     4.320000000     3.714751037    15.834914844     0.026119793
     4.330000000     4.044725153    16.056207861     0.025694301
     4.340000000     4.410709760    16.280174365     0.025271180
     4.350000000     4.814889097    16.506411942     0.024853362
     4.360000000     5.259375134    16.734486067     0.024443672
     4.370000000     5.746175490    16.963917473     0.024044792
     4.380000000     6.277159122    17.194161884     0.023659238
     4.390000000     6.854020269    17.424581017     0.023289335
     4.400000000     7.478241175    17.654404071     0.022937206
     4.410000000     8.151054213    17.882679555     0.022604759
     4.420000000     8.873404098    18.108218328     0.022293687
     4.430000000     9.645910867    18.329530397     0.022005470
     4.440000000    10.468834370    18.544759854     0.021741383
     4.450000000    11.342040963    18.751623804     0.021502504
     4.460000000    12.264973102    18.947361636     0.021289733
     4.470000000    13.236622446    19.128700149     0.021103810
     4.480000000    14.255507060    19.291838260     0.020945328
     4.490000000    15.319653173    19.432452807     0.020814761
     4.500000000    16.426581904    19.545725432     0.020712477
     4.510000000    17.573301259    19.626390592     0.020638764
     4.520000000    18.756303606    19.668806949     0.020593842
     4.530000000    19.971568755    19.667058983     0.020577885
     4.540000000    21.214572721    19.615101471     0.020591031
     4.550000000    22.480302148    19.506964396     0.020633399
     4.560000000    23.763274375    19.337036171     0.020705093
     4.570000000    25.057563072    19.100434518     0.020806216
     4.580000000    26.356829376    18.793454072     0.020936869
     4.590000000    27.654358463    18.414048498     0.021097158
     4.600000000    28.943101493    17.962269282     0.021287191
     4.610000000    30.215722899    17.440555615     0.021507081
     4.620000000    31.464652958    16.853764379     0.021756939
     4.630000000    32.682145624    16.208856973     0.022036875
     4.640000000    33.860341537    15.514220988     0.022346988
     4.650000000    34.991336095    14.778686687     0.022687365
     4.660000000    36.067252376    14.010377319     0.023058073
     4.670000000    37.080318591    13.215583654     0.023459154
     4.680000000    38.022949600    12.397860981     0.023890618
     4.690000000    38.887831833    11.557510891     0.024352435
     4.700000000    39.668010769    10.691543749     0.024844534
     4.710000000    40.356979884     9.794139947     0.025366789
     4.720000000    40.948769777     8.857555273     0.025919020
     4.730000000    41.438035953     7.873357556     0.026500981
     4.740000000    41.820143537     6.833841732     0.027112356
     4.750000000    42.091247054     5.733449170     0.027752752
     4.760000000    42.248363293     4.570015064     0.028421692
     4.770000000    42.289435214     3.345686142     0.029118607
     4.780000000    42.213384918     2.067389844     0.029842828
     4.790000000    42.020153773     0.746792593     0.030593584
     4.800000000    41.710728016    -0.600248864     0.031369988
     4.810000000    41.287148392    -1.954673298     0.032171036
     4.820000000    40.752502769    -3.295513985     0.032995599
     4.830000000    40.110901071    -4.601351659     0.033842419
     4.840000000    39.367432342    -5.851750507     0.034710104
     4.850000000    38.528104250    -7.028518702     0.035597129
     4.860000000    37.599765871    -8.116670122     0.036501833
     4.870000000    36.590015081    -9.105016461     0.037422425
     4.880000000    35.507092380    -9.986379158     0.038356986
     4.890000000    34.359763386   -10.757465276     0.039303475
     4.900000000    33.157192603   -11.418488889     0.040259746
     4.910000000    31.908811348   -11.972633509     0.041223555
     4.920000000    30.624182873   -12.425443795     0.042192581
     4.930000000    29.312867817   -12.784214236     0.043164442
     4.940000000    27.984293068   -13.057418289     0.044136720
     4.950000000    26.647626984   -13.254200825     0.045106984
     4.960000000    25.311663674   -13.383942748     0.046072819
     4.970000000    23.984718709   -13.455898846     0.047031852
     4.980000000    22.674538260   -13.478906411     0.047981783
     4.990000000    21.388223168   -13.461160692     0.048920412
     5.000000000    20.132168997   -13.410052736     0.049845677
     5.010000000    18.912022604   -13.332064930     0.050755671
     5.020000000    17.732655260   -13.232719555     0.051648679
     5.030000000    16.598151905   -13.116575720     0.052523201
     5.040000000    15.511815671   -12.987269841     0.053377970
     5.050000000    14.476186438   -12.847593980     0.054211975
     5.060000000    13.493071893   -12.699604703     0.055024473
     5.070000000    12.563589324   -12.544752980     0.055814998
     5.080000000    11.688216209   -12.384023828     0.056583364
     5.090000000    10.866847614   -12.218073667     0.057329669
     5.100000000    10.098858377   -12.047354428     0.058054277
     5.110000000     9.383168150   -11.872216140     0.058757816
     5.120000000     8.718307464   -11.692983659     0.059441149
     5.130000000     8.102483171   -11.510007254     0.060105353
     5.140000000     7.533641827   -11.323690216     0.060751690
     5.150000000     7.009529802   -11.134498710     0.061381567
     5.160000000     6.527749158   -10.942959695     0.061996500
     5.170000000     6.085808579   -10.749652073     0.062598069
     5.180000000     5.681168885   -10.555194895     0.063187872
     5.190000000     5.311282892   -10.360234879     0.063767479
     5.200000000     4.973629557   -10.165434228     0.064338380
     5.210000000     4.665742550    -9.971458799     0.064901946
     5.220000000     4.385233528    -9.778966259     0.065459373
     5.230000000     4.129810480    -9.588593772     0.066011649
     5.240000000     3.897291619    -9.400944933     0.066559508
     5.250000000     3.685615324    -9.216575931     0.067103405
     5.260000000     3.492846647    -9.035981185     0.067643481
     5.270000000     3.317180935    -8.859578911     0.068179549
     5.280000000     3.156945044    -8.687697219     0.068711080
     5.290000000     3.010596607    -8.520561518     0.069237200
     5.300000000     2.876721786    -8.358284166     0.069756694
     5.310000000     2.754031834    -8.200857558     0.070268020
     5.320000000     2.641358789    -8.048152017     0.070769332
     5.330000000     2.537650516    -7.899919917     0.071258510
     5.340000000     2.441965299    -7.755807226     0.071733196
     5.350000000     2.353466109    -7.615372930     0.072190840
     5.360000000     2.271414659    -7.478115688     0.072628753
     5.370000000     2.195165286    -7.343505639     0.073044157
     5.380000000     2.124158743    -7.211018142     0.073434244
     5.390000000     2.057915884    -7.080165606     0.073796240
     5.400000000     1.996031299    -6.950523871     0.074127461
     5.410000000     1.938166897    -6.821750612     0.074425377
     5.420000000     1.884045468    -6.693594615     0.074687665
     5.430000000     1.833444246    -6.565896182     0.074912265
     5.440000000     1.786188528    -6.438579965     0.075097428
     5.450000000     1.742145375    -6.311642227     0.075241758
     5.460000000     1.701217475    -6.185134864     0.075344249
     5.470000000     1.663337222    -6.059148631     0.075404313
     5.480000000     1.628461086    -5.933797862     0.075421797
     5.490000000     1.596564352    -5.809208566     0.075396997
     5.500000000     1.567636299    -5.685511070     0.075330658
     5.510000000     1.541675880    -5.562837442     0.075223972
     5.520000000     1.518687990    -5.441322889     0.075078558
     5.530000000     1.498680338    -5.321109487     0.074896444
     5.540000000     1.481660994    -5.202350148     0.074680038
     5.550000000     1.467636601    -5.085210827     0.074432088
     5.560000000     1.456611290    -4.969869439     0.074155648
     5.570000000     1.448586253    -4.856510780     0.073854026
     5.580000000     1.443559961    -4.745317643     0.073530740
     5.590000000     1.441528975    -4.636459113     0.073189465
     5.600000000     1.442489280    -4.530077736     0.072833980
     5.610000000     1.446438059    -4.426277628     0.072468119
     5.620000000     1.453375826    -4.325115616     0.072095715
     5.630000000     1.463308797    -4.226597047     0.071720552
     5.640000000     1.476251399    -4.130676971     0.071346319
     5.650000000     1.492228793    -4.037266165     0.070976564
     5.660000000     1.511279297    -3.946240325     0.070614656
     5.670000000     1.533456583    -3.857450125     0.070263747
     5.680000000     1.558831535    -3.770729960     0.069926744
     5.690000000     1.587493662    -3.685904175     0.069606284
     5.700000000     1.619551952    -3.602790932     0.069304715
     5.710000000     1.655135088    -3.521205135     0.069024081
     5.720000000     1.694390937    -3.440962525     0.068766115
     5.730000000     1.737485259    -3.361886801     0.068532240
     5.740000000     1.784599569    -3.283820639     0.068323568
     5.750000000     1.835928146    -3.206640042     0.068140913
     5.760000000     1.891674161    -3.130270120     0.067984803
     5.770000000     1.952044944    -3.054699533     0.067855502
     5.780000000     2.017246426    -2.979990707     0.067753028
     5.790000000     2.087476813    -2.906283358     0.067677185
     5.800000000     2.162919566    -2.833789763     0.067627587
     5.810000000     2.243735818    -2.762781310     0.067603697
     5.820000000     2.330056335    -2.693567145     0.067604854
     5.830000000     2.421973189    -2.626467108     0.067630313
     5.840000000     2.519531333    -2.561782630     0.067679277
     5.850000000     2.622720251    -2.499770567     0.067750936
     5.860000000     2.731465925    -2.440625678     0.067844495
     5.870000000     2.845623329    -2.384477079     0.067959210
     5.880000000     2.964969698    -2.331402139     0.068094418
     5.890000000     3.089198798    -2.281457987     0.068249560
     5.900000000     3.217916443    -2.234726699     0.068424209
     5.910000000     3.350637463    -2.191366646     0.068618083
     5.920000000     3.486784336    -2.151660463     0.068831064
     5.930000000     3.625687644    -2.116050505     0.069063206
     5.940000000     3.766588490    -2.085155208     0.069314741
     5.950000000     3.908642976    -2.059763482     0.069586076
     5.960000000     4.050928763    -2.040808050     0.069877789
     5.970000000     4.192453723    -2.029321487     0.070190621
     5.980000000     4.332166585    -2.026380329     0.070525460
     5.990000000     4.468969467    -2.033042971     0.070883320
     6.000000000     4.601732082    -2.050286579     0.071265322
     6.010000000     4.729307372    -2.078947004     0.071672668
     6.020000000     4.850548275    -2.119664185     0.072106609
     6.030000000     4.964325266    -2.172834095     0.072568420
     6.040000000     5.069544292    -2.238567463     0.073059365
     6.050000000     5.165164688    -2.316655866     0.073580668
     6.060000000     5.250216650    -2.406547076     0.074133479
     6.070000000     5.323817841    -2.507333316     0.074718848
     6.080000000     5.385188714    -2.617756905     0.075337693
     6.090000000     5.433666170    -2.736237037     0.075990774
     6.100000000     5.468715212    -2.860918974     0.076678676
     6.110000000     5.489938281    -2.989743632     0.077401780
     6.120000000     5.497082060    -3.120532670     0.078160260
     6.130000000     5.490041573    -3.251082401     0.078954061
     6.140000000     5.468861490    -3.379259316     0.079782900
     6.150000000     5.433734617    -3.503090184     0.080646261
     6.160000000     5.384997642    -3.620840315     0.081543400
     6.170000000     5.323124277    -3.731074306     0.082473352
     6.180000000     5.248715981    -3.832694758     0.083434942
     6.190000000     5.162490554    -3.924956129     0.084426804
     6.200000000     5.065268897    -4.007453257     0.085447394
     6.210000000     4.957960304    -4.080086932     0.086495019
     6.220000000     4.841546664    -4.143011791     0.087567859
     6.230000000     4.717065965    -4.196574061     0.088663991
     6.240000000     4.585595506    -4.241247720     0.089781420
     6.250000000     4.448235187    -4.277577050     0.090918104
     6.260000000     4.306091255    -4.306131412     0.092071983
     6.270000000     4.160260824    -4.327474819     0.093241000
     6.280000000     4.011817468    -4.342149508     0.094423131
     6.290000000     3.861798123    -4.350670133     0.095616403
     6.300000000     3.711191492    -4.353524078     0.096818911
     6.310000000     3.560928090    -4.351173897     0.098028833
     6.320000000     3.411872019    -4.344059390     0.099244444
     6.330000000     3.264814501    -4.332598522     0.100464116
     6.340000000     3.120469162    -4.317187546     0.101686323
     6.350000000     2.979469001    -4.298201013     0.102909642
     6.360000000     2.842364962    -4.275992092     0.104132739
     6.370000000     2.709625972    -4.250893200     0.105354366
     6.380000000     2.581640307    -4.223216691     0.106573341
     6.390000000     2.458718111    -4.193255425     0.107788538
     6.400000000     2.341094910    -4.161283243     0.108998863
     6.410000000     2.228935914    -4.127555527     0.110203240
     6.420000000     2.122340966    -4.092310122     0.111400585
     6.430000000     2.021349945    -4.055768744     0.112589794
     6.440000000     1.925948464    -4.018138890     0.113769717
     6.450000000     1.836073746    -3.979616066     0.114939150
     6.460000000     1.751620512    -3.940386012     0.116096816
     6.470000000     1.672446806    -3.900626566     0.117241363
     6.480000000     1.598379644    -3.860508805     0.118371353
     6.490000000     1.529220423    -3.820197247     0.119485267
     6.500000000     1.464750023    -3.779849029     0.120581508
     6.510000000     1.404733571    -3.739612221     0.121658414
     6.520000000     1.348924834    -3.699623527     0.122714272
     6.530000000     1.297070224    -3.660005745     0.123747335
     6.540000000     1.248912403    -3.620865329     0.124755854
     6.550000000     1.204193511    -3.582290318     0.125738097
     6.560000000     1.162657999    -3.544348871     0.126692384
     6.570000000     1.124055101    -3.507088499     0.127617117
     6.580000000     1.088140956    -3.470536075     0.128510810
     6.590000000     1.054680393    -3.434698599     0.129372124
     6.600000000     1.023448418    -3.399564657     0.130199892
     6.610000000     0.994231401    -3.365106490     0.130993143
     6.620000000     0.966828006    -3.331282596     0.131751133
     6.630000000     0.941049878    -3.298040817     0.132473348
     6.640000000     0.916722099    -3.265321912     0.133159529
     6.650000000     0.893683455    -3.233063535     0.133809663
     6.660000000     0.871786510    -3.201204468     0.134423993
     6.670000000     0.850897522    -3.169688734     0.135002999
     6.680000000     0.830896221    -3.138469135     0.135547388
     6.690000000     0.811675449    -3.107509700     0.136058068
     6.700000000     0.793140695    -3.076786674     0.136536126
     6.710000000     0.775209546    -3.046287919     0.136982786
     6.720000000     0.757811044    -3.016010914     0.137399381
     6.730000000     0.740884996    -2.985959787     0.137787308
     6.740000000     0.724381222    -2.956141928     0.138147990
     6.750000000     0.708258778    -2.926564723     0.138482830
     6.760000000     0.692485149    -2.897232823     0.138793176
     6.770000000     0.677035429    -2.868146169     0.139080279
     6.780000000     0.661891504    -2.839298808     0.139345263
     6.790000000     0.647041236    -2.810678454     0.139589088
     6.800000000     0.632477669    -2.782266682     0.139812533
     6.810000000     0.618198251    -2.754039713     0.140016175
     6.820000000     0.604204088    -2.725969736     0.140200379
     6.830000000     0.590499237    -2.698026750     0.140365294
     6.840000000     0.577090037    -2.670180826     0.140510857
     6.850000000     0.563984478    -2.642404603     0.140636803
     6.860000000     0.551191635    -2.614675743     0.140742685
     6.870000000     0.538721134    -2.586979018     0.140827896
     6.880000000     0.526582693    -2.559307768     0.140891700
     6.890000000     0.514785702    -2.531664558     0.140933262
     6.900000000     0.503338877    -2.504060984     0.140951691
     6.910000000     0.492249964    -2.476516731     0.140946075
     6.920000000     0.481525507    -2.449058023     0.140915522
     6.930000000     0.471170675    -2.421715672     0.140859203
     6.940000000     0.461189147    -2.394522929     0.140776389
     6.950000000     0.451583059    -2.367513328     0.140666488
     6.960000000     0.442352992    -2.340718665     0.140529077
     6.970000000     0.433498027    -2.314167253     0.140363934
     6.980000000     0.425015828    -2.287882514     0.140171058
     6.990000000     0.416902776    -2.261881962     0.139950691
     7.000000000     0.409154129    -2.236176610     0.139703328
     7.010000000     0.401764214    -2.210770808     0.139429723
     7.020000000     0.394726630    -2.185662532     0.139130889
     7.030000000     0.388034464    -2.160844112     0.138808096
     7.040000000     0.381680511    -2.136303378     0.138462850
     7.050000000     0.375657487    -2.112025092     0.138096887
     7.060000000     0.369958228    -2.087992525     0.137712141
     7.070000000     0.364575866    -2.064188939     0.137310729
     7.080000000     0.359503984    -2.040598775     0.136894914
     7.090000000     0.354736739    -2.017208379     0.136467077
     7.100000000     0.350268945    -1.994006213     0.136029691
     7.110000000     0.346096120    -1.970982590     0.135585278
     7.120000000     0.342214502    -1.948129107     0.135136389
     7.130000000     0.338621011    -1.925437969     0.134685565
     7.140000000     0.335313189    -1.902901422     0.134235315
     7.150000000     0.332289097    -1.880511482     0.133788086
     7.160000000     0.329547186    -1.858260065     0.133346245
     7.170000000     0.327086144    -1.836139527     0.132912060
     7.180000000     0.324904720    -1.814143558     0.132487684
     7.190000000     0.323001540    -1.792268281     0.132075147
     7.200000000     0.321374919    -1.770513371     0.131676351
     7.210000000     0.320022671    -1.748883001     0.131293067
     7.220000000     0.318941929    -1.727386441     0.130926934
     7.230000000     0.318128981    -1.706038192     0.130579474
     7.240000000     0.317579125    -1.684857590     0.130252088
     7.250000000     0.317286551    -1.663867904     0.129946079
     7.260000000     0.317244248    -1.643095013     0.129662655
     7.270000000     0.317443946    -1.622565803     0.129402949
     7.280000000     0.317876093    -1.602306471     0.129168029
     7.290000000     0.318529857    -1.582340910     0.128958915
     7.300000000     0.319393168    -1.562689329     0.128776589
     7.310000000     0.320452791    -1.543367234     0.128622007
     7.320000000     0.321694418    -1.524384788     0.128496108
     7.330000000     0.323102797    -1.505746550     0.128399820
     7.340000000     0.324661871    -1.487451509     0.128334063
     7.350000000     0.326354940    -1.469493366     0.128299750
     7.360000000     0.328164829    -1.451860995     0.128297784
     7.370000000     0.330074067    -1.434539088     0.128329047
     7.380000000     0.332065071    -1.417509018     0.128394395
     7.390000000     0.334120321    -1.400749934     0.128494644
     7.400000000     0.336222540    -1.384240086     0.128630552
     7.410000000     0.338354859    -1.367958264     0.128802804
     7.420000000     0.340500975    -1.351885220     0.129011992
     7.430000000     0.342645304    -1.336004864     0.129258595
     7.440000000     0.344773108    -1.320305086     0.129542960
     7.450000000     0.346870624    -1.304778085     0.129865281
     7.460000000     0.348925173    -1.289420207     0.130225581
     7.470000000     0.350925253    -1.274231309     0.130623698
     7.480000000     0.352860631    -1.259213799     0.131059272
     7.490000000     0.354722415    -1.244371460     0.131531730
     7.500000000     0.356503120    -1.229708198     0.132040288
     7.510000000     0.358196723    -1.215226862     0.132583944
     7.520000000     0.359798716    -1.200928203     0.133161483
     7.530000000     0.361306137    -1.186810077     0.133771484
     7.540000000     0.362717611    -1.172866943     0.134412338
     7.550000000     0.364033367    -1.159089683     0.135082257
     7.560000000     0.365255260    -1.145465750     0.135779304
     7.570000000     0.366386773    -1.131979608     0.136501416
     7.580000000     0.367433017    -1.118613386     0.137246435
     7.590000000     0.368400720    -1.105347658     0.138012141
     7.600000000     0.369298200    -1.092162239     0.138796284
     7.610000000     0.370135331    -1.079036964     0.139596626
     7.620000000     0.370923498    -1.065952403     0.140410974
     7.630000000     0.371675530    -1.052890534     0.141237217
     7.640000000     0.372405630    -1.039835396     0.142073362
     7.650000000     0.373129288    -1.026773692     0.142917566
     7.660000000     0.373863177    -1.013695302     0.143768168
     7.670000000     0.374625043    -1.000593590     0.144623711
     7.680000000     0.375433587    -0.987465431     0.145482965
     7.690000000     0.376308324    -0.974310882     0.146344945
     7.700000000     0.377269451    -0.961132532     0.147208920
     7.710000000     0.378337697    -0.947934636     0.148074418
     7.720000000     0.379534174    -0.934722189     0.148941226
     7.730000000     0.380880227    -0.921500141     0.149809381
     7.740000000     0.382397279    -0.908272896     0.150679161
     7.750000000     0.384106679    -0.895044220     0.151551063
     7.760000000     0.386029554    -0.881817544     0.152425783
     7.770000000     0.388186666    -0.868596621     0.153304183
     7.780000000     0.390598267    -0.855386366     0.154187268
     7.790000000     0.393283964    -0.842193682     0.155076143
     7.800000000     0.396262590    -0.829028061     0.155971978
     7.810000000     0.399552072    -0.815901780     0.156875972
     7.820000000     0.403169313    -0.802829631     0.157789307
     7.830000000     0.407130073    -0.789828209     0.158713111
     7.840000000     0.411448848    -0.776914915     0.159648418
     7.850000000     0.416138759    -0.764106887     0.160596127
     7.860000000     0.421211440    -0.751420087     0.161556966
     7.870000000     0.426676924    -0.738868704     0.162531458
     7.880000000     0.432543533    -0.726464936     0.163519887
     7.890000000     0.438817768    -0.714219114     0.164522273
     7.900000000     0.445504207    -0.702140043     0.165538343
     7.910000000     0.452605394    -0.690235412     0.166567518
     7.920000000     0.460121753    -0.678512180     0.167608890
     7.930000000     0.468051490    -0.666976892     0.168661215
     7.940000000     0.476390525    -0.655636028     0.169722910
     7.950000000     0.485132426    -0.644496447     0.170792047
     7.960000000     0.494268368    -0.633566037     0.171866365
     7.970000000     0.503787117    -0.622854550     0.172943275
     7.980000000     0.513675033    -0.612374502     0.174019881
     7.990000000     0.523916108    -0.602141955     0.175092997
     8.000000000     0.534492036    -0.592176992     0.176159182
     8.010000000     0.545382315    -0.582503745     0.177214762
     8.020000000     0.556564384    -0.573149948     0.178255876
     8.030000000     0.568013799    -0.564146074     0.179278515
     8.040000000     0.579704439    -0.555524164     0.180278567
     8.050000000     0.591608741    -0.547316442     0.181251868
     8.060000000     0.603697964    -0.539553823     0.182194252
     8.070000000     0.615942473    -0.532264401     0.183101610
     8.080000000     0.628312036    -0.525472021     0.183969942
     8.090000000     0.640776124    -0.519195081     0.184795412
     8.100000000     0.653304211    -0.513445687     0.185574407
     8.110000000     0.665866055    -0.508229238     0.186303588
     8.120000000     0.678431967    -0.503544413     0.186979940
     8.130000000     0.690973034    -0.499383424     0.187600820
     8.140000000     0.703461316    -0.495732327     0.188163994
     8.150000000     0.715869982    -0.492571243     0.188667677
     8.160000000     0.728173405    -0.489874423     0.189110557
     8.170000000     0.740347190    -0.487610273     0.189491817
     8.180000000     0.752368144    -0.485741564     0.189811146
     8.190000000     0.764214197    -0.484226115     0.190068739
     8.200000000     0.775864253    -0.483018119     0.190265294
     8.210000000     0.787298001    -0.482070203     0.190401992
     8.220000000     0.798495685    -0.481336070     0.190480477
     8.230000000     0.809437835    -0.480773481     0.190502818
     8.240000000     0.820104986    -0.480347220     0.190471470
     8.250000000     0.830477392    -0.480031734     0.190389229
     8.260000000     0.840534742    -0.479813151     0.190259172
     8.270000000     0.850255906    -0.479690514     0.190084606
     8.280000000     0.859618720    -0.479676110     0.189869004
     8.290000000     0.868599818    -0.479794882     0.189615946
     8.300000000     0.877174534    -0.480082968     0.189329055
     8.310000000     0.885316876    -0.480585459     0.189011938
     8.320000000     0.892999581    -0.481353509     0.188668135
     8.330000000     0.900194260    -0.482440933     0.188301059
     8.340000000     0.906871630    -0.483900440     0.187913963
     8.350000000     0.913001830    -0.485779654     0.187509892
     8.360000000     0.918554826    -0.488117136     0.187091663
     8.370000000     0.923500875    -0.490938687     0.186661839
     8.380000000     0.927811068    -0.494254279     0.186222720
     8.390000000     0.931457904    -0.498055991     0.185776343
     8.400000000     0.934415910    -0.502317232     0.185324485
     8.410000000     0.936662261    -0.506993426     0.184868684
     8.420000000     0.938177409    -0.512024083     0.184410254
     8.430000000     0.938945680    -0.517335983     0.183950325
     8.440000000     0.938955833    -0.522847032     0.183489867
     8.450000000     0.938201560    -0.528470292     0.183029734
     8.460000000     0.936681914    -0.534117738     0.182570705
     8.470000000     0.934401647    -0.539703446     0.182113522
     8.480000000     0.931371448    -0.545146071     0.181658934
     8.490000000     0.927608082    -0.550370650     0.181207734
     8.500000000     0.923134406    -0.555309835     0.180760792
     8.510000000     0.917979275    -0.559904705     0.180319089
     8.520000000     0.912177342    -0.564105304     0.179883736
     8.530000000     0.905768729    -0.567871044     0.179455999
     8.540000000     0.898798612    -0.571171038     0.179037301
     8.550000000     0.891316702    -0.573984383     0.178629232
     8.560000000     0.883376634    -0.576300273     0.178233542
     8.570000000     0.875035297    -0.578117727     0.177852130
     8.580000000     0.866352091    -0.579444716     0.177487028
     8.590000000     0.857388144    -0.580296508     0.177140376
     8.600000000     0.848205505    -0.580693270     0.176814396
     8.610000000     0.838866307    -0.580657154     0.176511355
     8.620000000     0.829431949    -0.580209292     0.176233536
     8.630000000     0.819962279    -0.579367225     0.175983197
     8.640000000     0.810514821    -0.578143248     0.175762536
     8.650000000     0.801144034    -0.576544026     0.175573653
     8.660000000     0.791900643    -0.574571564     0.175418519
     8.670000000     0.782831035    -0.572225391     0.175298938
     8.680000000     0.773976730    -0.569505563     0.175216525
     8.690000000     0.765373959    -0.566415944     0.175172679
     8.700000000     0.757053329    -0.562967244     0.175168565
     8.710000000     0.749039597    -0.559179351     0.175205097
     8.720000000     0.741351560    -0.555082683     0.175282934
     8.730000000     0.734002052    -0.550718488     0.175402475
     8.740000000     0.726998055    -0.546138143     0.175563856
     8.750000000     0.720340925    -0.541401634     0.175766965
     8.760000000     0.714026722    -0.536575375     0.176011447
     8.770000000     0.708046640    -0.531729516     0.176296717
     8.780000000     0.702387530    -0.526934863     0.176621986
     8.790000000     0.697032502    -0.522259509     0.176986273
     8.800000000     0.691961589    -0.517765312     0.177388432
     8.810000000     0.687152470    -0.513504416     0.177827175
     8.820000000     0.682581222    -0.509516056     0.178301096
     8.830000000     0.678223086    -0.505823928     0.178808693
     8.840000000     0.674053234    -0.502434421     0.179348397
     8.850000000     0.670047514    -0.499335950     0.179918587
     8.860000000     0.666183153    -0.496499585     0.180517617
     8.870000000     0.662439405    -0.493881006     0.181143831
     8.880000000     0.658798120    -0.491423676     0.181795580
     8.890000000     0.655244237    -0.489062926     0.182471237
     8.900000000     0.651766159    -0.486730523     0.183169204
     8.910000000     0.648356040    -0.484359186     0.183887928
     8.920000000     0.645009942    -0.481886602     0.184625896
     8.930000000     0.641727883    -0.479258540     0.185381646
     8.940000000     0.638513769    -0.476430887     0.186153761
     8.950000000     0.635375214    -0.473370577     0.186940869
     8.960000000     0.632323251    -0.470055527     0.187741638
     8.970000000     0.629371962    -0.466473797     0.188554764
     8.980000000     0.626538015    -0.462622282     0.189378969
     8.990000000     0.623840140    -0.458505220     0.190212984
     9.000000000     0.621298557    -0.454132833     0.191055539
     9.010000000     0.618934373    -0.449520325     0.191905352
     9.020000000     0.616768962    -0.444687354     0.192761116
     9.030000000     0.614823351    -0.439657962     0.193621484
     9.040000000     0.613117628    -0.434460762     0.194485061
     9.050000000     0.611670384    -0.429129141     0.195350393
     9.060000000     0.610498206    -0.423701168     0.196215956
     9.070000000     0.609615232    -0.418219030     0.197080152
     9.080000000     0.609032775    -0.412727900     0.197941306
     9.090000000     0.608759031    -0.407274367     0.198797662
     9.100000000     0.608798857    -0.401904607     0.199647387
     9.110000000     0.609153646    -0.396662581     0.200488575
     9.120000000     0.609821265    -0.391588466     0.201319260
     9.130000000     0.610796091    -0.386717440     0.202137421
     9.140000000     0.612069102    -0.382078841     0.202941003
     9.150000000     0.613628041    -0.377695616     0.203727928
     9.160000000     0.615457633    -0.373583974     0.204496123
     9.170000000     0.617539848    -0.369753189     0.205243536
     9.180000000     0.619854199    -0.366205592     0.205968158
     9.190000000     0.622378068    -0.362936848     0.206668052
     9.200000000     0.625087041    -0.359936645     0.207341370
     9.210000000     0.627955256    -0.357189878     0.207986378
     9.220000000     0.630955743    -0.354678298     0.208601479
     9.230000000     0.634060756    -0.352382486     0.209185224
     9.240000000     0.637242087    -0.350283892     0.209736333
     9.250000000     0.640471362    -0.348366658     0.210253704
     9.260000000     0.643720306    -0.346618951     0.210736419
     9.270000000     0.646960988    -0.345033635     0.211183749
     9.280000000     0.650166035    -0.343608224     0.211595147
     9.290000000     0.653308819    -0.342344171     0.211970245
     9.300000000     0.656363618    -0.341245672     0.212308841
     9.310000000     0.659305754    -0.340318181     0.212610879
     9.320000000     0.662111706    -0.339566913     0.212876433
     9.330000000     0.664759211    -0.338995547     0.213105678
     9.340000000     0.667227344    -0.338605317     0.213298867
     9.350000000     0.669496583    -0.338394586     0.213456297
     9.360000000     0.671548873    -0.338358889     0.213578280
     9.370000000     0.673367671    -0.338491337     0.213665112
     9.380000000     0.674937993    -0.338783183     0.213717041
     9.390000000     0.676246454    -0.339224370     0.213734237
     9.400000000     0.677281299    -0.339803871     0.213716763
     9.410000000     0.678032439    -0.340509784     0.213664555
     9.420000000     0.678491475    -0.341329174     0.213577398
     9.430000000     0.678651721    -0.342247817     0.213454913
     9.440000000     0.678508219    -0.343249936     0.213296542
     9.450000000     0.678057751    -0.344318099     0.213101549
     9.460000000     0.677298835    -0.345433317     0.212869021
     9.470000000     0.676231721    -0.346575364     0.212597871
     9.480000000     0.674858364    -0.347723316     0.212286855
     9.490000000     0.673182399    -0.348856250     0.211934595
     9.500000000     0.671209090    -0.349954044     0.211539601
     9.510000000     0.668945271    -0.350998201     0.211100305
     9.520000000     0.666399279    -0.351972581     0.210615093
     9.530000000     0.663580863    -0.352863891     0.210082354
     9.540000000     0.660501088    -0.353661857     0.209500514
     9.550000000     0.657172230    -0.354358996     0.208868089
     9.560000000     0.653607651    -0.354950055     0.208183728
     9.570000000     0.649821678    -0.355431236     0.207446261
     9.580000000     0.645829466    -0.355799385     0.206654748
     9.590000000     0.641646867    -0.356051320     0.205808520
     9.600000000     0.637290288    -0.356183420     0.204907219
     9.610000000     0.632776556    -0.356191509     0.203950839
     9.620000000     0.628122783    -0.356071027     0.202939753
     9.630000000     0.623346236    -0.355817403     0.201874738
     9.640000000     0.618464215    -0.355426533     0.200756993
     9.650000000     0.613493936    -0.354895295     0.199588150
     9.660000000     0.608452429    -0.354222000     0.198370276
     9.670000000     0.603356436    -0.353406732     0.197105862
     9.680000000     0.598222330    -0.352451529     0.195797814
     9.690000000     0.593066034    -0.351360395     0.194449424
     9.700000000     0.587902961    -0.350139118     0.193064344
     9.710000000     0.582747951    -0.348794954     0.191646539
     9.720000000     0.577615229    -0.347336207     0.190200253
     9.730000000     0.572518356    -0.345771765     0.188729947
     9.740000000     0.567470198    -0.344110651     0.187240250
     9.750000000     0.562482895    -0.342361607     0.185735899
     9.760000000     0.557567828    -0.340532691     0.184221677
     9.770000000     0.552735599    -0.338630886     0.182702352
     9.780000000     0.547995999    -0.336661683     0.181182617
     9.790000000     0.543357987    -0.334628658     0.179667030
     9.800000000     0.538829660    -0.332533115     0.178159960
     9.810000000     0.534418230    -0.330373886     0.176665535
     9.820000000     0.530129990    -0.328147429     0.175187598
     9.830000000     0.525970294    -0.325848299     0.173729666
     9.840000000     0.521943523    -0.323470042     0.172294900
     9.850000000     0.518053062    -0.321006432     0.170886079
     9.860000000     0.514301283    -0.318452920     0.169505586
     9.870000000     0.510689521    -0.315808077     0.168155394
     9.880000000     0.507218069    -0.313074818     0.166837071
     9.890000000     0.503886178    -0.310261203     0.165551779
     9.900000000     0.500692061    -0.307380688     0.164300295
     9.910000000     0.497632917    -0.304451748     0.163083023
     9.920000000     0.494704966    -0.301496906     0.161900022
     9.930000000     0.491903491    -0.298541239     0.160751032
     9.940000000     0.489222907    -0.295610520     0.159635512
     9.950000000     0.486656826    -0.292729176     0.158552668
     9.960000000     0.484198155    -0.289918313     0.157501495
     9.970000000     0.481839194    -0.287194010     0.156480813
     9.980000000     0.479571744    -0.284566122     0.155489304
     9.990000000     0.477387236    -0.282037724     0.154525550
    10.000000000     0.475276856    -0.279605300     0.153588067
    10.010000000     0.473231676    -0.277259644     0.152675340
    10.020000000     0.471242792    -0.274987362     0.151785855
    10.030000000     0.469301458    -0.272772760     0.150918125
    10.040000000     0.467399213    -0.270599807     0.150070717
    10.050000000     0.465528007    -0.268453886     0.149242272
    10.060000000     0.463680317    -0.266323058     0.148431530
    10.070000000     0.461849244    -0.264198715     0.147637338
    10.080000000     0.460028610    -0.262075620     0.146858670
    10.090000000     0.458213028    -0.259951479     0.146094633
    10.100000000     0.456397961    -0.257826239     0.145344477
    10.110000000     0.454579764    -0.255701316     0.144607599
    10.120000000     0.452755707    -0.253578876     0.143883544
    10.130000000     0.450923982    -0.251461203     0.143172009
    10.140000000     0.449083687    -0.249350148     0.142472840
    10.150000000     0.447234806    -0.247246637     0.141786027
    10.160000000     0.445378158    -0.245150236     0.141111703
    10.170000000     0.443515346    -0.243058856     0.140450135
    10.180000000     0.441648681    -0.240968659     0.139801717
    10.190000000     0.439781107    -0.238874249     0.139166963
    10.200000000     0.437916108    -0.236769126     0.138546493
    10.210000000     0.436057612    -0.234646327     0.137941028
    10.220000000     0.434209895    -0.232499086     0.137351370
    10.230000000     0.432377469    -0.230321393     0.136778396
    10.240000000     0.430564985    -0.228108338     0.136223041
    10.250000000     0.428777127    -0.225856294     0.135686282
    10.260000000     0.427018512    -0.223563036     0.135169127
    10.270000000     0.425293597    -0.221227947     0.134672595
    10.280000000     0.423606587    -0.218852367     0.134197700
    10.290000000     0.421961354    -0.216440059     0.133745440
    10.300000000     0.420361365    -0.213997627     0.133316774
    10.310000000     0.418809616    -0.211534671     0.132912612
    10.320000000     0.417308577    -0.209063531     0.132533794
    10.330000000     0.415860151    -0.206598514     0.132181082
    10.340000000     0.414465634    -0.204154706     0.131855141
    10.350000000     0.413125694    -0.201746508     0.131556529
    10.360000000     0.411840355    -0.199386150     0.131285686
    10.370000000     0.410608992    -0.197082436     0.131042925
    10.380000000     0.409430332    -0.194839889     0.130828424
    10.390000000     0.408302471    -0.192658469     0.130642221
    10.400000000     0.407222890    -0.190533873     0.130484211
    10.410000000     0.406188482    -0.188458398     0.130354144
    10.420000000     0.405195588    -0.186422230     0.130251629
    10.430000000     0.404240036    -0.184414975     0.130176135
    10.440000000     0.403317190    -0.182427200     0.130126997
    10.450000000     0.402421999    -0.180451754     0.130103425
    10.460000000     0.401549060    -0.178484710     0.130104515
    10.470000000     0.400692674    -0.176525820     0.130129258
    10.480000000     0.399846920    -0.174578477     0.130176554
    10.490000000     0.399005724    -0.172649249     0.130245229
    10.500000000     0.398162937    -0.170747084     0.130334047
    10.510000000     0.397312416    -0.168882317     0.130441728
    10.520000000     0.396448103    -0.167065589     0.130566967
    10.530000000     0.395564114    -0.165306800     0.130708445
    10.540000000     0.394654825    -0.163614162     0.130864851
    10.550000000     0.393714954    -0.161993427     0.131034893
    10.560000000     0.392739650    -0.160447348     0.131217315
    10.570000000     0.391724572    -0.158975394     0.131410911
    10.580000000     0.390665963    -0.157573723     0.131614535
    10.590000000     0.389560725    -0.156235399     0.131827111
    10.600000000     0.388406478    -0.154950797     0.132047641
    10.610000000     0.387201611    -0.153708143     0.132275214
    10.620000000     0.385945323    -0.152494153     0.132509004
    10.630000000     0.384637651    -0.151294723     0.132748277
    10.640000000     0.383279483    -0.150095672     0.132992387
    10.650000000     0.381872553    -0.148883498     0.133240776
    10.660000000     0.380419429    -0.147646097     0.133492966
    10.670000000     0.378923473    -0.146373376     0.133748556
    10.680000000     0.377388795    -0.145057665     0.134007210
    10.690000000     0.375820190    -0.143693893     0.134268649
    10.700000000     0.374223056    -0.142279512     0.134532643
    10.710000000     0.372603302    -0.140814227     0.134798993
    10.720000000     0.370967250    -0.139299596     0.135067523
    10.730000000     0.369321516    -0.137738583     0.135338066
    10.740000000     0.367672898    -0.136135106     0.135610452
    10.750000000     0.366028244    -0.134493622     0.135884492
    10.760000000     0.364394332    -0.132818725     0.136159970
    10.770000000     0.362777742    -0.131114803     0.136436630
    10.780000000     0.361184730    -0.129385755     0.136714165
    10.790000000     0.359621112    -0.127634829     0.136992210
    10.800000000     0.358092156    -0.125864624     0.137270332
    10.810000000     0.356602476    -0.124077278     0.137548028
    10.820000000     0.355155948    -0.122274826     0.137824717
    10.830000000     0.353755629    -0.120459670     0.138099743
    10.840000000     0.352403704    -0.118635062     0.138372368
    10.850000000     0.351101435    -0.116805484     0.138641781
    10.860000000     0.349849134    -0.114976833     0.138907095
    10.870000000     0.348646159    -0.113156355     0.139167360
    10.880000000     0.347490911    -0.111352323     0.139421561
    10.890000000     0.346380867    -0.109573522     0.139668634
    10.900000000     0.345312615    -0.107828630     0.139907470
    10.910000000     0.344281915    -0.106125624     0.140136930
    10.920000000     0.343283765    -0.104471314     0.140355852
    10.930000000     0.342312488    -0.102871081     0.140563065
    10.940000000     0.341361826    -0.101328844     0.140757401
    10.950000000     0.340425043    -0.099847230     0.140937702
    10.960000000     0.339495034    -0.098427869     0.141102838
    10.970000000     0.338564446    -0.097071711     0.141251710
    10.980000000     0.337625785    -0.095779259     0.141383263
    10.990000000     0.336671542    -0.094550655     0.141496493
    11.000000000     0.335694300    -0.093385573     0.141590453
    11.010000000     0.334686842    -0.092282955     0.141664257
    11.020000000     0.333642253    -0.091240656     0.141717087
    11.030000000     0.332554012    -0.090255092     0.141748188
    11.040000000     0.331416065    -0.089320993     0.141756871
    11.050000000     0.330222898    -0.088431349     0.141742514
    11.060000000     0.328969584    -0.087577571     0.141704550
    11.070000000     0.327651825    -0.086749853     0.141642472
    11.080000000     0.326265974    -0.085937680     0.141555817
    11.090000000     0.324809044    -0.085130390     0.141444163
    11.100000000     0.323278705    -0.084317724     0.141307122
    11.110000000     0.321673265    -0.083490303     0.141144325
    11.120000000     0.319991646    -0.082640015     0.140955419
    11.130000000     0.318233344    -0.081760287     0.140740051
    11.140000000     0.316398383    -0.080846238     0.140497865
    11.150000000     0.314487271    -0.079894718     0.140228487
    11.160000000     0.312500943    -0.078904200     0.139931521
    11.170000000     0.310440707    -0.077874573     0.139606539
    11.180000000     0.308308195    -0.076806859     0.139253081
    11.190000000     0.306105312    -0.075702923     0.138870642
    11.200000000     0.303834189    -0.074565236     0.138458678
    11.210000000     0.301497153    -0.073396722     0.138016598
    11.220000000     0.299096684    -0.072200676     0.137543771
    11.230000000     0.296635402    -0.070980695     0.137039525
    11.240000000     0.294116043    -0.069740564     0.136503153
    11.250000000     0.291541455    -0.068484049     0.135933921
    11.260000000     0.288914591    -0.067214563     0.135331073
    11.270000000     0.286238516    -0.065934771     0.134693842
    11.280000000     0.283516409    -0.064646172     0.134021462
    11.290000000     0.280751577    -0.063348747     0.133313177
    11.300000000     0.277947458    -0.062040732     0.132568258
    11.310000000     0.275107635    -0.060718541     0.131786011
    11.320000000     0.272235838    -0.059376845     0.130965796
    11.330000000     0.269335943    -0.058008788     0.130107035
    11.340000000     0.266411967    -0.056606309     0.129209229
    11.350000000     0.263468054    -0.055160553     0.128271969
    11.360000000     0.260508455    -0.053662363     0.127294950
    11.370000000     0.257537492    -0.052102816     0.126277978
    11.380000000     0.254559525    -0.050473806     0.125220985
    11.390000000     0.251578900    -0.048768622     0.124124031
    11.400000000     0.248599898    -0.046982461     0.122987318
    11.410000000     0.245626672    -0.045112828     0.121811190
    11.420000000     0.242663185    -0.043159746     0.120596141
    11.430000000     0.239713141    -0.041125731     0.119342811
    11.440000000     0.236779921    -0.039015539     0.118051994
    11.450000000     0.233866514    -0.036835706     0.116724630
    11.460000000     0.230975463    -0.034593964     0.115361803
    11.470000000     0.228108808    -0.032298618     0.113964738
    11.480000000     0.225268042    -0.029957997     0.112534794
    11.490000000     0.222454078    -0.027580033     0.111073453
    11.500000000     0.219667229    -0.025172014     0.109582311
    11.510000000     0.216907201    -0.022740486     0.108063070
    11.520000000     0.214173095    -0.020291254     0.106517522
    11.530000000     0.211463434    -0.017829425     0.104947537
    11.540000000     0.208776195    -0.015359429     0.103355049
    11.550000000     0.206108860    -0.012884997     0.101742043
    11.560000000     0.203458476    -0.010409094     0.100110538
    11.570000000     0.200821730    -0.007933844     0.098462575
    11.580000000     0.198195031    -0.005460466     0.096800200
    11.590000000     0.195574601    -0.002989272     0.095125452
    11.600000000     0.192956565    -0.000519706     0.093440350
    11.610000000     0.190337056     0.001949588     0.091746884
    11.620000000     0.187712308     0.004420711     0.090046998
    11.630000000     0.185078751     0.006896499     0.088342590
    11.640000000     0.182433106     0.009380579     0.086635500
    11.650000000     0.179772467     0.011877466     0.084927503
    11.660000000     0.177094378     0.014392668     0.083220312
    11.670000000     0.174396903     0.016932739     0.081515573
    11.680000000     0.171678676     0.019505231     0.079814864
    11.690000000     0.168938951     0.022118534     0.078119700
    11.700000000     0.166177636     0.024781586     0.076431535
    11.710000000     0.163395309     0.027503498     0.074751767
    11.720000000     0.160593233     0.030293135     0.073081741
    11.730000000     0.157773357     0.033158682     0.071422759
    11.740000000     0.154938304     0.036107235     0.069776083
    11.750000000     0.152091357     0.039144440     0.068142943
    11.760000000     0.149236439     0.042274184     0.066524539
    11.770000000     0.146378087     0.045498397     0.064922051
    11.780000000     0.143521425     0.048817000     0.063336636
    11.790000000     0.140672138     0.052228039     0.061769435
    11.800000000     0.137836454     0.055728043     0.060221571
    11.810000000     0.135021122     0.059312580     0.058694147
    11.820000000     0.132233407     0.062976953     0.057188245
    11.830000000     0.129481089     0.066716935     0.055704922
    11.840000000     0.126772475     0.070529414     0.054245200
    11.850000000     0.124116428     0.074412855     0.052810058
    11.860000000     0.121522406     0.078367481     0.051400429
    11.870000000     0.119000527     0.082395173     0.050017182
    11.880000000     0.116561635     0.086499095     0.048661118
    11.890000000     0.114217405     0.090683137     0.047332953
    11.900000000     0.111980453     0.094951277     0.046033311
    11.910000000     0.109864464     0.099306982     0.044762714
    11.920000000     0.107884347     0.103752733     0.043521567
    11.930000000     0.106056396     0.108289759     0.042310159
    11.940000000     0.104398466     0.112917966     0.041128645
    11.950000000     0.102930161     0.117636053     0.039977051
    11.960000000     0.101673023     0.122441749     0.038855266
    11.970000000     0.100650719     0.127332106     0.037763041
    11.980000000     0.099889225     0.132303776     0.036699993
    11.990000000     0.099416983     0.137353227     0.035665607
    12.000000000     0.099265040     0.142476868     0.034659242
    12.010000000     0.099467144     0.147671090     0.033680144
    12.020000000     0.100059793     0.152932232     0.032727448
    12.030000000     0.101082218     0.158256522     0.031800199
    12.040000000     0.102576292     0.163640010     0.030897360
    12.050000000     0.104586352     0.169078524     0.030017829
    12.060000000     0.107158909     0.174567656     0.029160456
    12.070000000     0.110342255     0.180102778     0.028324057
    12.080000000     0.114185934     0.185679071     0.027507433
    12.090000000     0.118740086     0.191291538     0.026709387
    12.100000000     0.124054641     0.196934980     0.025928735
    12.110000000     0.130178382     0.202603889     0.025164329
    12.120000000     0.137157861     0.208292249     0.024415066
    12.130000000     0.145036187     0.213993210     0.023679900
    12.140000000     0.153851696     0.219698648     0.022957859
    12.150000000     0.163636517     0.225398606     0.022248049
    12.160000000     0.174415072     0.231080620     0.021549665
    12.170000000     0.186202529     0.236728949     0.020861994
    12.180000000     0.199003257     0.242323700     0.020184422
    12.190000000     0.212809313     0.247839863     0.019516438
    12.200000000     0.227599027     0.253246262     0.018857626
    12.210000000     0.243335712     0.258504424     0.018207675
    12.220000000     0.259966577     0.263567387     0.017566367
    12.230000000     0.277421874     0.268378423     0.016933576
    12.240000000     0.295614345     0.272869679     0.016309266
    12.250000000     0.314439000     0.276960712     0.015693480
    12.260000000     0.333773290     0.280556924     0.015086332
    12.270000000     0.353477679     0.283547948     0.014488005
    12.280000000     0.373396656     0.285806115     0.013898738
    12.290000000     0.393360195     0.287185253     0.013318817
    12.300000000     0.413185656     0.287520198     0.012748570
    12.310000000     0.432680104     0.286627537     0.012188357
    12.320000000     0.451643029     0.284308214     0.011638561
    12.330000000     0.469869410     0.280352710     0.011099579
    12.340000000     0.487153060     0.274549490     0.010571818
    12.350000000     0.503290191     0.266697242     0.010055687
    12.360000000     0.518083101     0.256621148     0.009551589
    12.370000000     0.531343904     0.244192817     0.009059914
    12.380000000     0.542898195     0.229352685     0.008581041
    12.390000000     0.552588559     0.212132610     0.008115322
    12.400000000     0.560277817     0.192675313     0.007663090
    12.410000000     0.565851931     0.171246543     0.007224646
    12.420000000     0.569222457     0.148235967     0.006800261
    12.430000000     0.570328503     0.124143918     0.006390171
    12.440000000     0.569138106     0.099553559     0.005994579
    12.450000000     0.565649005     0.075091009     0.005613646
    12.460000000     0.559888763     0.051378761     0.005247497
    12.470000000     0.551914264     0.028989409     0.004896217
    12.480000000     0.541810562     0.008406575     0.004559847
    12.490000000     0.529689147    -0.010001822     0.004238391
    12.500000000     0.515685656    -0.025995611     0.003931808
    12.510000000     0.499957114    -0.039460323     0.003640019
    12.520000000     0.482678762    -0.050393901     0.003362900
    12.530000000     0.464040589    -0.058886197     0.003100291
    12.540000000     0.444243644    -0.065095348     0.002851991
    12.550000000     0.423496238    -0.069224470     0.002617759
    12.560000000     0.402010134    -0.071500993     0.002397320
    12.570000000     0.379996826    -0.072159897     0.002190363
    12.580000000     0.357663989    -0.071431188     0.001996544
    12.590000000     0.335212196    -0.069531362     0.001815489
    12.600000000     0.312831950    -0.066658223     0.001646795
    12.610000000     0.290701112    -0.062988349     0.001490034
    12.620000000     0.268982744    -0.058676464     0.001344755
    12.630000000     0.247823410    -0.053856104     0.001210488
    12.640000000     0.227351937    -0.048641074     0.001086748
    12.650000000     0.207678638    -0.043127336     0.000973036
    12.660000000     0.188894977    -0.037395052     0.000868843
    12.670000000     0.171073654    -0.031510632     0.000773657
    12.680000000     0.154269070    -0.025528664     0.000686960
    12.690000000     0.138518120    -0.019493682     0.000608238
    12.700000000     0.123841276    -0.013441742     0.000536980
    12.710000000     0.110243902    -0.007401799     0.000472681
    12.720000000     0.097717732    -0.001396893     0.000414847
    12.730000000     0.086242483     0.004554833     0.000362996
    12.740000000     0.075787521     0.010439276     0.000316664
    12.750000000     0.066313558     0.016245654     0.000275399
    12.760000000     0.057774317     0.021965898     0.000238772
    12.770000000     0.050118139     0.027594154     0.000206372
    12.780000000     0.043289497     0.033126367     0.000177811
    12.790000000     0.037230387     0.038559935     0.000152721
    12.800000000     0.031881591     0.043893426     0.000130760
    12.810000000     0.027183788     0.049126344     0.000111607
    12.820000000     0.023078509     0.054258938     0.000094964
    12.830000000     0.019508937     0.059292045     0.000080557
    12.840000000     0.016420565     0.064226958     0.000068133
    12.850000000     0.013761693     0.069065325     0.000057464
    12.860000000     0.011483806     0.073809059     0.000048338
    12.870000000     0.009541823     0.078460274     0.000040568
    12.880000000     0.007894235     0.083021219     0.000033984
    12.890000000     0.006503158     0.087494241     0.000028432
    12.900000000     0.005334300     0.091881745     0.000023778
    12.910000000     0.004356861     0.096186163     0.000019901
    12.920000000     0.003543395     0.100409929     0.000016696
    12.930000000     0.002869616     0.104555467     0.000014070
    12.940000000     0.002314188     0.108625167     0.000011943
    12.950000000     0.001858497     0.112621382     0.000010243
    12.960000000     0.001486408     0.116546414     0.000008911
    12.970000000     0.001184031     0.120402509     0.000007894
    12.980000000     0.000939479     0.124191852     0.000007148
    12.990000000     0.000742647     0.127916566     0.000006634
    13.000000000     0.000584994     0.131578707     0.000006319
    13.010000000     0.000459346     0.135180262     0.000006176
    13.020000000     0.000359712     0.138723154     0.000006180
    13.030000000     0.000281116     0.142209237     0.000006313
    13.040000000     0.000219453     0.145640296     0.000006555
    13.050000000     0.000171349     0.149018054     0.000006893
    13.060000000     0.000134052     0.152344168     0.000007311
    13.070000000     0.000105324     0.155620233     0.000007800
    13.080000000     0.000083360     0.158847781     0.000008346
    13.090000000     0.000066706     0.162028286     0.000008941
    13.100000000     0.000054200     0.165163164     0.000009574
    13.110000000     0.000044917     0.168253776     0.000010237
    13.120000000     0.000038123     0.171301428     0.000010920
    13.130000000     0.000033240     0.174307374     0.000011615
    13.140000000     0.000029811     0.177272818     0.000012312
    13.150000000     0.000027480     0.180198918     0.000013003
    13.160000000     0.000025968     0.183086782     0.000013680
    13.170000000     0.000025059     0.185937477     0.000014333
    13.180000000     0.000024582     0.188752029     0.000014956
    13.190000000     0.000024407     0.191531422     0.000015539
    13.200000000     0.000024433     0.194276605     0.000016076
    13.210000000     0.000024580     0.196988495     0.000016560
    13.220000000     0.000024789     0.199667977     0.000016983
    13.230000000     0.000025012     0.202315908     0.000017341
    13.240000000     0.000025215     0.204933123     0.000017629
    13.250000000     0.000025371     0.207520431     0.000017843
    13.260000000     0.000025460     0.210078620     0.000017979
    13.270000000     0.000025467     0.212608457     0.000018036
    13.280000000     0.000025384     0.215110686     0.000018014
    13.290000000     0.000025204     0.217586023     0.000017911
    13.300000000     0.000024926     0.220035161     0.000017731
    13.310000000     0.000024548     0.222458762     0.000017474
    13.320000000     0.000024074     0.224857462     0.000017145
    13.330000000     0.000023508     0.227231863     0.000016748
    13.340000000     0.000022856     0.229582543     0.000016287
    13.350000000     0.000022125     0.231910053     0.000015769
    13.360000000     0.000021323     0.234214919     0.000015199
    13.370000000     0.000020460     0.236497646     0.000014585
    13.380000000     0.000019546     0.238758720     0.000013934
    13.390000000     0.000018590     0.240998609     0.000013253
    13.400000000     0.000017602     0.243217763     0.000012549
    13.410000000     0.000016593     0.245416621     0.000011830
    13.420000000     0.000015573     0.247595605     0.000011103
    13.430000000     0.000014550     0.249755126     0.000010374
    13.440000000     0.000013535     0.251895581     0.000009650
    13.450000000     0.000012534     0.254017358     0.000008937
    13.460000000     0.000011556     0.256120830     0.000008240
    13.470000000     0.000010608     0.258206362     0.000007563
    13.480000000     0.000009693     0.260274307     0.000006911
    13.490000000     0.000008819     0.262325008     0.000006288
    13.500000000     0.000007987     0.264358799     0.000005695
    13.510000000     0.000007202     0.266376002     0.000005135
    13.520000000     0.000006466     0.268376933     0.000004610
    13.530000000     0.000005779     0.270361897     0.000004120
    13.540000000     0.000005142     0.272331190     0.000003666
    13.550000000     0.000004555     0.274285100     0.000003247
    13.560000000     0.000004017     0.276223907     0.000002864
    13.570000000     0.000003527     0.278147883     0.000002515
    13.580000000     0.000003083     0.280057294     0.000002198
    13.590000000     0.000002683     0.281952394     0.000001913
    13.600000000     0.000002324     0.283833436     0.000001657
    13.610000000     0.000002005     0.285700661     0.000001429
    13.620000000     0.000001721     0.287554306     0.000001227
    13.630000000     0.000001472     0.289394602     0.000001049
    13.640000000     0.000001252     0.291221771     0.000000893
    13.650000000     0.000001061     0.293036033     0.000000757
    13.660000000     0.000000895     0.294837598     0.000000638
    13.670000000     0.000000752     0.296626673     0.000000536
    13.680000000     0.000000629     0.298403459     0.000000448
    13.690000000     0.000000523     0.300168153     0.000000373
    13.700000000     0.000000434     0.301920944     0.000000309
    13.710000000     0.000000358     0.303662019     0.000000255
    13.720000000     0.000000294     0.305391559     0.000000210
    13.730000000     0.000000240     0.307109741     0.000000171
    13.740000000     0.000000196     0.308816737     0.000000139
    13.750000000     0.000000159     0.310512714     0.000000113
    13.760000000     0.000000128     0.312197838     0.000000091
    13.770000000     0.000000103     0.313872266     0.000000073
    13.780000000     0.000000082     0.315536157     0.000000059
    13.790000000     0.000000065     0.317189661     0.000000047
    13.800000000     0.000000052     0.318832927     0.000000037
    13.810000000     0.000000041     0.320466101     0.000000029
    13.820000000     0.000000032     0.322089324     0.000000023
    13.830000000     0.000000025     0.323702735     0.000000018
    13.840000000     0.000000020     0.325306469     0.000000014
    13.850000000     0.000000015     0.326900658     0.000000011
    13.860000000     0.000000012     0.328485431     0.000000008
    13.870000000     0.000000009     0.330060914     0.000000006
    13.880000000     0.000000007     0.331627231     0.000000005
    13.890000000     0.000000005     0.333184503     0.000000004
    13.900000000     0.000000004     0.334732847     0.000000003
    13.910000000     0.000000003     0.336272379     0.000000002
    13.920000000     0.000000002     0.337803212     0.000000002
    13.930000000     0.000000002     0.339325457     0.000000001
    13.940000000     0.000000001     0.340839221     0.000000001
    13.950000000     0.000000001     0.342344611     0.000000001
    13.960000000     0.000000001     0.343841729     0.000000000
    13.970000000     0.000000001     0.345330679     0.000000000
    13.980000000     0.000000000     0.346811558     0.000000000
    13.990000000     0.000000000     0.348284464     0.000000000
    14.000000000     0.000000000     0.349749494     0.000000000
    14.010000000     0.000000000     0.351206739     0.000000000
    14.020000000     0.000000000     0.352656292     0.000000000
    14.030000000     0.000000000     0.354098242     0.000000000
    14.040000000     0.000000000     0.355532678     0.000000000
    14.050000000     0.000000000     0.356959685     0.000000000
    14.060000000     0.000000000     0.358379349     0.000000000
    14.070000000     0.000000000     0.359791751     0.000000000
    14.080000000     0.000000000     0.361196973     0.000000000
    14.090000000     0.000000000     0.362595096     0.000000000
    14.100000000     0.000000000     0.363986197     0.000000000
    14.110000000     0.000000000     0.365370353     0.000000000
    14.120000000     0.000000000     0.366747640     0.000000000
    14.130000000     0.000000000     0.368118131     0.000000000
    14.140000000     0.000000000     0.369481899     0.000000000
    14.150000000     0.000000000     0.370839015     0.000000000
    14.160000000     0.000000000     0.372189549     0.000000000
    14.170000000     0.000000000     0.373533571     0.000000000
    14.180000000     0.000000000     0.374871147     0.000000000
    14.190000000     0.000000000     0.376202343     0.000000000
    14.200000000     0.000000000     0.377527225     0.000000000
    14.210000000     0.000000000     0.378845858     0.000000000
    14.220000000     0.000000000     0.380158302     0.000000000
    14.230000000     0.000000000     0.381464621     0.000000000
    14.240000000     0.000000000     0.382764876     0.000000000
    14.250000000     0.000000000     0.384059125     0.000000000
    14.260000000     0.000000000     0.385347427     0.000000000
    14.270000000     0.000000000     0.386629841     0.000000000
    14.280000000     0.000000000     0.387906423     0.000000000
    14.290000000     0.000000000     0.389177228     0.000000000
    14.300000000     0.000000000     0.390442312     0.000000000
    14.310000000     0.000000000     0.391701728     0.000000000
    14.320000000     0.000000000     0.392955530     0.000000000
    14.330000000     0.000000000     0.394203770     0.000000000
    14.340000000     0.000000000     0.395446499     0.000000000
    14.350000000     0.000000000     0.396683767     0.000000000
    14.360000000     0.000000000     0.397915626     0.000000000
    14.370000000     0.000000000     0.399142122     0.000000000
    14.380000000     0.000000000     0.400363306     0.000000000
    14.390000000     0.000000000     0.401579223     0.000000000
    14.400000000     0.000000000     0.402789922     0.000000000
    14.410000000     0.000000000     0.403995448     0.000000000
    14.420000000     0.000000000     0.405195846     0.000000000
    14.430000000     0.000000000     0.406391161     0.000000000
    14.440000000     0.000000000     0.407581437     0.000000000
    14.450000000     0.000000000     0.408766717     0.000000000
    14.460000000     0.000000000     0.409947044     0.000000000
    14.470000000     0.000000000     0.411122460     0.000000000
    14.480000000     0.000000000     0.412293006     0.000000000
    14.490000000     0.000000000     0.413458724     0.000000000
    14.500000000     0.000000000     0.414619653     0.000000000
    14.510000000     0.000000000     0.415775833     0.000000000
    14.520000000     0.000000000     0.416927303     0.000000000
    14.530000000     0.000000000     0.418074102     0.000000000
    14.540000000     0.000000000     0.419216268     0.000000000
    14.550000000     0.000000000     0.420353838     0.000000000
    14.560000000     0.000000000     0.421486849     0.000000000
    14.570000000     0.000000000     0.422615337     0.000000000
    14.580000000     0.000000000     0.423739339     0.000000000
    14.590000000     0.000000000     0.424858890     0.000000000
    14.600000000     0.000000000     0.425974024     0.000000000
    14.610000000     0.000000000     0.427084777     0.000000000
    14.620000000     0.000000000     0.428191182     0.000000000
    14.630000000     0.000000000     0.429293272     0.000000000
    14.640000000     0.000000000     0.430391082     0.000000000
    14.650000000     0.000000000     0.431484643     0.000000000
    14.660000000     0.000000000     0.432573988     0.000000000
    14.670000000     0.000000000     0.433659149     0.000000000
    14.680000000     0.000000000     0.434740157     0.000000000
    14.690000000     0.000000000     0.435817042     0.000000000
    14.700000000     0.000000000     0.436889837     0.000000000
    14.710000000     0.000000000     0.437958570     0.000000000
    14.720000000     0.000000000     0.439023272     0.000000000
    14.730000000     0.000000000     0.440083972     0.000000000
    14.740000000     0.000000000     0.441140699     0.000000000
    14.750000000     0.000000000     0.442193482     0.000000000
    14.760000000     0.000000000     0.443242349     0.000000000
    14.770000000     0.000000000     0.444287329     0.000000000
    14.780000000     0.000000000     0.445328448     0.000000000
    14.790000000     0.000000000     0.446365735     0.000000000
    14.800000000     0.000000000     0.447399216     0.000000000
    14.810000000     0.000000000     0.448428918     0.000000000
    14.820000000     0.000000000     0.449454867     0.000000000
    14.830000000     0.000000000     0.450477090     0.000000000
    14.840000000     0.000000000     0.451495611     0.000000000
    14.850000000     0.000000000     0.452510457     0.000000000
    14.860000000     0.000000000     0.453521653     0.000000000
    14.870000000     0.000000000     0.454529223     0.000000000
    14.880000000     0.000000000     0.455533192     0.000000000
    14.890000000     0.000000000     0.456533584     0.000000000
    14.900000000     0.000000000     0.457530424     0.000000000
    14.910000000     0.000000000     0.458523734     0.000000000
    14.920000000     0.000000000     0.459513539     0.000000000
    14.930000000     0.000000000     0.460499861     0.000000000
    14.940000000     0.000000000     0.461482724     0.000000000
    14.950000000     0.000000000     0.462462149     0.000000000
    14.960000000     0.000000000     0.463438161     0.000000000
    14.970000000     0.000000000     0.464410779     0.000000000
    14.980000000     0.000000000     0.465380028     0.000000000
    14.990000000     0.000000000     0.466345927     0.000000000
    15.000000000     0.000000000     0.467308500     0.000000000
