     0.000000000     0.000000000     1.920366116     0.000000000
     0.010000000     0.000000000     1.920374157     0.000000000
     0.020000000     0.000000000     1.920398281     0.000000000
     0.030000000     0.000000000     1.920438494     0.000000000
     0.040000000     0.000000000     1.920494806     0.000000000
     0.050000000     0.000000000     1.920567230     0.000000000
     0.060000000     0.000000000     1.920655783     0.000000000
     0.070000000     0.000000000     1.920760488     0.000000000
     0.080000000     0.000000000     1.920881369     0.000000000
     0.090000000     0.000000000     1.921018455     0.000000000
     0.100000000     0.000000000     1.921171780     0.000000000
     0.110000000     0.000000000     1.921341380     0.000000000
     0.120000000     0.000000000     1.921527297     0.000000000
     0.130000000     0.000000000     1.921729576     0.000000000
     0.140000000     0.000000000     1.921948267     0.000000000
     0.150000000     0.000000000     1.922183421     0.000000000
     0.160000000     0.000000000     1.922435098     0.000000000
     0.170000000     0.000000000     1.922703358     0.000000000
     0.180000000     0.000000000     1.922988267     0.000000000
     0.190000000     0.000000000     1.923289896     0.000000000
     0.200000000     0.000000000     1.923608320     0.000000000
     0.210000000     0.000000000     1.923943616     0.000000000
     0.220000000     0.000000000     1.924295869     0.000000000
     0.230000000     0.000000000     1.924665166     0.000000000
     0.240000000     0.000000000     1.925051599     0.000000000
     0.250000000     0.000000000     1.925455267     0.000000000
     0.260000000     0.000000000     1.925876270     0.000000000
     0.270000000     0.000000000     1.926314716     0.000000000
     0.280000000     0.000000000     1.926770715     0.000000000
     0.290000000     0.000000000     1.927244385     0.000000000
     0.300000000     0.000000000     1.927735847     0.000000000
     0.310000000     0.000000000     1.928245228     0.000000000
     0.320000000     0.000000000     1.928772659     0.000000000
     0.330000000     0.000000000     1.929318279     0.000000000
     0.340000000     0.000000000     1.929882230     0.000000000
     0.350000000     0.000000000     1.930464661     0.000000000
     0.360000000     0.000000000     1.931065726     0.000000000
     0.370000000     0.000000000     1.931685584     0.000000000
     0.380000000     0.000000000     1.932324403     0.000000000
     0.390000000     0.000000000     1.932982354     0.000000000
     0.400000000     0.000000000     1.933659616     0.000000000
     0.410000000     0.000000000     1.934356374     0.000000000
     0.420000000     0.000000000     1.935072819     0.000000000
     0.430000000     0.000000000     1.935809150     0.000000000
     0.440000000     0.000000000     1.936565571     0.000000000
     0.450000000     0.000000000     1.937342295     0.000000000
     0.460000000     0.000000000     1.938139542     0.000000000
     0.470000000     0.000000000     1.938957539     0.000000000
     0.480000000     0.000000000     1.939796520     0.000000000
     0.490000000     0.000000000     1.940656727     0.000000000
     0.500000000     0.000000000     1.941538413     0.000000000
     0.510000000     0.000000000     1.942441836     0.000000000
     0.520000000     0.000000000     1.943367263     0.000000000
     0.530000000     0.000000000     1.944314972     0.000000000
     0.540000000     0.000000000     1.945285248     0.000000000
     0.550000000     0.000000000     1.946278386     0.000000000
     0.560000000     0.000000000     1.947294692     0.000000000
     0.570000000     0.000000000     1.948334479     0.000000000
     0.580000000     0.000000000     1.949398074     0.000000000
     0.590000000     0.000000000     1.950485812     0.000000000
     0.600000000     0.000000000     1.951598039     0.000000000
     0.610000000     0.000000000     1.952735114     0.000000000
     0.620000000     0.000000000     1.953897407     0.000000000
     0.630000000     0.000000000     1.955085299     0.000000000
     0.640000000     0.000000000     1.956299185     0.000000000
     0.650000000     0.000000000     1.957539473     0.000000000
     0.660000000     0.000000000     1.958806581     0.000000000
     0.670000000     0.000000000     1.960100947     0.000000000
     0.680000000     0.000000000     1.961423017     0.000000000
     0.690000000     0.000000000     1.962773256     0.000000000
     0.700000000     0.000000000     1.964152143     0.000000000
     0.710000000     0.000000000     1.965560172     0.000000000
     0.720000000     0.000000000     1.966997854     0.000000000
     0.730000000     0.000000000     1.968465719     0.000000000
     0.740000000     0.000000000     1.969964313     0.000000000
     0.750000000     0.000000000     1.971494199     0.000000000
     0.760000000     0.000000000     1.973055961     0.000000000
     0.770000000     0.000000000     1.974650203     0.000000000
     0.780000000     0.000000001     1.976277548     0.000000000
     0.790000000     0.000000001     1.977938642     0.000000000
     0.800000000     0.000000001     1.979634152     0.000000000
     0.810000000     0.000000002     1.981364768     0.000000000
     0.820000000     0.000000002     1.983131205     0.000000000
     0.830000000     0.000000003     1.984934201     0.000000000
     0.840000000     0.000000005     1.986774523     0.000000000
     0.850000000     0.000000007     1.988652961     0.000000000
     0.860000000     0.000000009     1.990570336     0.000000000
     0.870000000     0.000000013     1.992527497     0.000000000
     0.880000000     0.000000018     1.994525324     0.000000000
     0.890000000     0.000000025     1.996564728     0.000000000
     0.900000000     0.000000035     1.998646653     0.000000001
     0.910000000     0.000000049     2.000772078     0.000000001
     0.920000000     0.000000067     2.002942017     0.000000001
     0.930000000     0.000000093     2.005157522     0.000000002
     0.940000000     0.000000127     2.007419683     0.000000002
     0.950000000     0.000000175     2.009729633     0.000000003
     0.960000000     0.000000239     2.012088544     0.000000004
     0.970000000     0.000000327     2.014497635     0.000000005
     0.980000000     0.000000446     2.016958170     0.000000006
     0.990000000     0.000000606     2.019471461     0.000000008
     1.000000000     0.000000823     2.022038871     0.000000011
     1.010000000     0.000001115     2.024661815     0.000000014
     1.020000000     0.000001507     2.027341762     0.000000018
     1.030000000     0.000002033     2.030080242     0.000000023
     1.040000000     0.000002738     2.032878840     0.000000029
     1.050000000     0.000003679     2.035739207     0.000000038
     1.060000000     0.000004935     2.038663058     0.000000048
     1.070000000     0.000006605     2.041652176     0.000000061
     1.080000000     0.000008821     2.044708417     0.000000076
     1.090000000     0.000011755     2.047833710     0.000000096
     1.100000000     0.000015630     2.051030062     0.000000120
     1.110000000     0.000020734     2.054299561     0.000000150
     1.120000000     0.000027440     2.057644381     0.000000186
     1.130000000     0.000036224     2.061066783     0.000000230
     1.140000000     0.000047700     2.064569122     0.000000283
     1.150000000     0.000062645     2.068153847     0.000000347
     1.160000000     0.000082050     2.071823509     0.000000423
     1.170000000     0.000107163     2.075580763     0.000000515
     1.180000000     0.000139558     2.079428371     0.000000624
     1.190000000     0.000181203     2.083369211     0.000000754
     1.200000000     0.000234556     2.087406274     0.000000907
     1.210000000     0.000302661     2.091542675     0.000001087
     1.220000000     0.000389284     2.095781653     0.000001298
     1.230000000     0.000499045     2.100126574     0.000001545
     1.240000000     0.000637599     2.104580941     0.000001832
     1.250000000     0.000811819     2.109148390     0.000002165
     1.260000000     0.001030024     2.113832697     0.000002550
     1.270000000     0.001302223     2.118637778     0.000002994
     1.280000000     0.001640397     2.123567694     0.000003505
     1.290000000     0.002058804     2.128626646     0.000004090
     1.300000000     0.002574319     2.133818979     0.000004758
     1.310000000     0.003206798     2.139149178     0.000005520
     1.320000000     0.003979462     2.144621863     0.000006387
     1.330000000     0.004919312     2.150241780     0.000007371
     1.340000000     0.006057540     2.156013796     0.000008484
     1.350000000     0.007429960     2.161942878     0.000009743
     1.360000000     0.009077417     2.168034081     0.000011164
     1.370000000     0.011046192     2.174292518     0.000012766
     1.380000000     0.013388353     2.180723334     0.000014568
     1.390000000     0.016162073     2.187331660     0.000016594
     1.400000000     0.019431855     2.194122567     0.000018870
     1.410000000     0.023268680     2.201101002     0.000021425
     1.420000000     0.027750028     2.208271711     0.000024289
     1.430000000     0.032959761     2.215639145     0.000027500
     1.440000000     0.038987843     2.223207341     0.000031097
     1.450000000     0.045929873     2.230979784     0.000035123
     1.460000000     0.053886409     2.238959234     0.000039630
     1.470000000     0.062962069     2.247147521     0.000044670
     1.480000000     0.073264387     2.255545293     0.000050304
     1.490000000     0.084902433     2.264151721     0.000056597
     1.500000000     0.097985165     2.272964133     0.000063622
     1.510000000     0.112619550     2.281977581     0.000071457
     1.520000000     0.128908450     2.291184315     0.000080186
     1.530000000     0.146948297     2.300573133     0.000089901
     1.540000000     0.166826595     2.310128599     0.000100699
     1.550000000     0.188619290     2.319830070     0.000112682
     1.560000000     0.212388058     2.329650503     0.000125958
     1.570000000     0.238177576     2.339555009     0.000140642
     1.580000000     0.266012845     2.349499093     0.000156850
     1.590000000     0.295896634     2.359426564     0.000174703
     1.600000000     0.327807142     2.369267098     0.000194322
     1.610000000     0.361695938     2.378933445     0.000215831
     1.620000000     0.397486281     2.388318309     0.000239350
     1.630000000     0.435071886     2.397290966     0.000265001
     1.640000000     0.474316217     2.405693710     0.000292898
     1.650000000     0.515052355     2.413338332     0.000323150
     1.660000000     0.557083514     2.420002908     0.000355860
     1.670000000     0.600184213     2.425429356     0.000391120
     1.680000000     0.644102138     2.429322378     0.000429011
     1.690000000     0.688560690     2.431350625     0.000469602
     1.700000000     0.733262185     2.431151080     0.000512948
     1.710000000     0.777891678     2.428337797     0.000559089
     1.720000000     0.822121333     2.422516022     0.000608046
     1.730000000     0.865615261     2.413302458     0.000659828
     1.740000000     0.908034726     2.400351779     0.000714423
     1.750000000     0.949043601     2.383388463     0.000771805
     1.760000000     0.988313945     2.362241761     0.000831930
     1.770000000     1.025531573     2.336880138     0.000894740
     1.780000000     1.060401474     2.307440272     0.000960165
     1.790000000     1.092652947     2.274244919     0.001028123
     1.800000000     1.122044313     2.237804058     0.001098524
     1.810000000     1.148367103     2.198795201     0.001171270
     1.820000000     1.171449587     2.158021650     0.001246266
     1.830000000     1.191159583     2.116351816     0.001323414
     1.840000000     1.207406453     2.074647393     0.001402625
     1.850000000     1.220142252     2.033691724     0.001483817
     1.860000000     1.229362002     1.994130605     0.001566925
     1.870000000     1.235103088     1.956435258     0.001651901
     1.880000000     1.237443810     1.920892098     0.001738718
     1.890000000     1.236501113     1.887617946     0.001827377
     1.900000000     1.232427594     1.856594484     0.001917908
     1.910000000     1.225407833     1.827713143     0.002010372
     1.920000000     1.215654174     1.800821420     0.002104865
     1.930000000     1.203402055     1.775763161     0.002201521
     1.940000000     1.188904998     1.752407855     0.002300508
     1.950000000     1.172429397     1.730666687     0.002402033
     1.960000000     1.154249213     1.710495659     0.002506337
     1.970000000     1.134640706     1.691888113     0.002613698
     1.980000000     1.113877317     1.674860370     0.002724420
     1.990000000     1.092224813     1.659434624     0.002838838
     2.000000000     1.069936786     1.645622865     0.002957308
     2.010000000     1.047250601     1.633414384     0.003080200
     2.020000000     1.024383861     1.622767985     0.003207897
     2.030000000     1.001531457     1.613608670     0.003340782
     2.040000000     0.978863232     1.605827741     0.003479232
     2.050000000     0.956522304     1.599285025     0.003623612
     2.060000000     0.934624050     1.593812209     0.003774260
     2.070000000     0.913255759     1.589216769     0.003931486
     2.080000000     0.892476918     1.585286400     0.004095555
     2.090000000     0.872320134     1.581794118     0.004266684
     2.100000000     0.852792608     1.578504176     0.004445030
     2.110000000     0.833878139     1.575178784     0.004630681
     2.120000000     0.815539575     1.571585502     0.004823653
     2.130000000     0.797721634     1.567505131     0.005023879
     2.140000000     0.780354033     1.562740048     0.005231202
     2.150000000     0.763354813     1.557123080     0.005445376
     2.160000000     0.746633789     1.550526977     0.005666056
     2.170000000     0.730096030     1.542874311     0.005892799
     2.180000000     0.713645276     1.534147132     0.006125060
     2.190000000     0.697187216     1.524395037     0.006362198
     2.200000000     0.680632538     1.513739840     0.006603468
     2.210000000     0.663899690     1.502374851     0.006848033
     2.220000000     0.646917286     1.490557309     0.007094963
     2.230000000     0.629626108     1.478593566     0.007343241
     2.240000000     0.611980668     1.466818081     0.007591769
     2.250000000     0.593950308     1.455568669     0.007839380
     2.260000000     0.575519829     1.445161320     0.008084840
     2.270000000     0.556689644     1.435868064     0.008326863
     2.280000000     0.537475490     1.427900689     0.008564119
     2.290000000     0.517907716     1.421401943     0.008795247
     2.300000000     0.498030190     1.416444422     0.009018865
     2.310000000     0.477898880     1.413036063     0.009233584
     2.320000000     0.457580164     1.411130299     0.009438020
     2.330000000     0.437148934     1.410638644     0.009630808
     2.340000000     0.416686558     1.411443679     0.009810617
     2.350000000     0.396278765     1.413410923     0.009976158
     2.360000000     0.376013525     1.416398714     0.010126204
     2.370000000     0.355978981     1.420265803     0.010259601
     2.380000000     0.336261488     1.424876761     0.010375279
     2.390000000     0.316943807     1.430105531     0.010472268
     2.400000000     0.298103501     1.435837539     0.010549708
     2.410000000     0.279811559     1.441970745     0.010606861
     2.420000000     0.262131272     1.448415947     0.010643123
     2.430000000     0.245117375     1.455096571     0.010658031
     2.440000000     0.228815452     1.461948104     0.010651272
     2.450000000     0.213261608     1.468917264     0.010622692
     2.460000000     0.198482394     1.475960978     0.010572298
     2.470000000     0.184494954     1.483045213     0.010500265
     2.480000000     0.171307387     1.490143713     0.010406933
     2.490000000     0.158919279     1.497236683     0.010292811
     2.500000000     0.147322387     1.504309513     0.010158571
     2.510000000     0.136501429     1.511351592     0.010005047
     2.520000000     0.126434964     1.518355293     0.009833222
     2.530000000     0.117096310     1.525315166     0.009644225
     2.540000000     0.108454489     1.532227364     0.009439316
     2.550000000     0.100475162     1.539089268     0.009219872
     2.560000000     0.093121532     1.545899305     0.008987374
     2.570000000     0.086355193     1.552656871     0.008743388
     2.580000000     0.080136920     1.559362350     0.008489548
     2.590000000     0.074427372     1.566017140     0.008227536
     2.600000000     0.069187711     1.572623642     0.007959061
     2.610000000     0.064380133     1.579185170     0.007685841
     2.620000000     0.059968303     1.585705727     0.007409579
     2.630000000     0.055917700     1.592189659     0.007131948
     2.640000000     0.052195879     1.598641208     0.006854568
     2.650000000     0.048772648     1.605064070     0.006578988
     2.660000000     0.045620178     1.611461027     0.006306674
     2.670000000     0.042713047     1.617833751     0.006038989
     2.680000000     0.040028228     1.624182805     0.005777184
     2.690000000     0.037545031     1.630507822     0.005522387
     2.700000000     0.035245013     1.636807801     0.005275595
     2.710000000     0.033111855     1.643081447     0.005037670
     2.720000000     0.031131224     1.649327492     0.004809333
     2.730000000     0.029290616     1.655544941     0.004591167
     2.740000000     0.027579195     1.661733243     0.004383618
     2.750000000     0.025987637     1.667892370     0.004186998
     2.760000000     0.024507966     1.674022837     0.004001492
     2.770000000     0.023133404     1.680125663     0.003827166
     2.780000000     0.021858227     1.686202306     0.003663978
     2.790000000     0.020677631     1.692254571     0.003511786
     2.800000000     0.019587615     1.698284494     0.003370360
     2.810000000     0.018584863     1.704294237     0.003239397
     2.820000000     0.017666657     1.710285971     0.003118532
     2.830000000     0.016830782     1.716261770     0.003007350
     2.840000000     0.016075453     1.722223533     0.002905402
     2.850000000     0.015399253     1.728172923     0.002812214
     2.860000000     0.014801071     1.734111340     0.002727300
     2.870000000     0.014280052     1.740039920     0.002650176
     2.880000000     0.013835560     1.745959549     0.002580367
     2.890000000     0.013467133     1.751870899     0.002517417
     2.900000000     0.013174454     1.757774464     0.002460899
     2.910000000     0.012957323     1.763670610     0.002410422
     2.920000000     0.012815626     1.769559620     0.002365635
     2.930000000     0.012749318     1.775441751     0.002326235
     2.940000000     0.012758397     1.781317277     0.002291967
     2.950000000     0.012842890     1.787186539     0.002262632
     2.960000000     0.013002830     1.793049968     0.002238084
     2.970000000     0.013238249     1.798908094     0.002218230
     2.980000000     0.013549160     1.804761534     0.002203035
     2.990000000     0.013935548     1.810610957     0.002192515
     3.000000000     0.014397365     1.816457026     0.002186738
     3.010000000     0.014934520     1.822300336     0.002185820
     3.020000000     0.015546878     1.828141344     0.002189922
     3.030000000     0.016234262     1.833980294     0.002199246
     3.040000000     0.016996448     1.839817135     0.002214030
     3.050000000     0.017833177     1.845651444     0.002234544
     3.060000000     0.018744157     1.851482340     0.002261087
     3.070000000     0.019729071     1.857308427     0.002293976
     3.080000000     0.020787589     1.863127781     0.002333547
     3.090000000     0.021919378     1.868938020     0.002380147
     3.100000000     0.023124113     1.874736464     0.002434130
     3.110000000     0.024401493     1.880520410     0.002495849
     3.120000000     0.025751253     1.886287462     0.002565656
     3.130000000     0.027173177     1.892035899     0.002643894
     3.140000000     0.028667115     1.897764992     0.002730892
     3.150000000     0.030232999     1.903475220     0.002826964
     3.160000000     0.031870860     1.909168349     0.002932403
     3.170000000     0.033580848     1.914847367     0.003047480
     3.180000000     0.035363257     1.920516306     0.003172435
     3.190000000     0.037218551     1.926180003     0.003307482
     3.200000000     0.039147398     1.931843829     0.003452800
     3.210000000     0.041150712     1.937513431     0.003608536
     3.220000000     0.043229699     1.943194437     0.003774800
     3.230000000     0.045385918     1.948892128     0.003951664
     3.240000000     0.047621346     1.954611025     0.004139163
     3.250000000     0.049938459     1.960354425     0.004337293
     3.260000000     0.052340323     1.966123912     0.004546013
     3.270000000     0.054830688     1.971918940     0.004765244
     3.280000000     0.057414101     1.977736559     0.004994871
     3.290000000     0.060096018     1.983571349     0.005234746
     3.300000000     0.062882916     1.989415585     0.005484688
     3.310000000     0.065782411     1.995259632     0.005744490
     3.320000000     0.068803361     2.001092541     0.006013921
     3.330000000     0.071955962     2.006902842     0.006292731
     3.340000000     0.075251813     2.012679463     0.006580658
     3.350000000     0.078703963     2.018412761     0.006877430
     3.360000000     0.082326915     2.024095567     0.007182777
     3.370000000     0.086136583     2.029724173     0.007496435
     3.380000000     0.090150202     2.035299123     0.007818151
     3.390000000     0.094386168     2.040825716     0.008147696
     3.400000000     0.098863823     2.046314109     0.008484868
     3.410000000     0.103603156     2.051778966     0.008829498
     3.420000000     0.108624434     2.057238633     0.009181459
     3.430000000     0.113947765     2.062713889     0.009540670
     3.440000000     0.119592575     2.068226346     0.009907097
     3.450000000     0.125577030     2.073796657     0.010280760
     3.460000000     0.131917388     2.079442659     0.010661730
     3.470000000     0.138627311     2.085177632     0.011050130
     3.480000000     0.145717142     2.091008796     0.011446130
     3.490000000     0.153193168     2.096936156     0.011849942
     3.500000000     0.161056883     2.102951780     0.012261812
     3.510000000     0.169304293     2.109039500     0.012682008
     3.520000000     0.177925256     2.115175041     0.013110812
     3.530000000     0.186902917     2.121326495     0.013548500
     3.540000000     0.196213236     2.127455071     0.013995328
     3.550000000     0.205824647     2.133516001     0.014451517
     3.560000000     0.215697870     2.139459502     0.014917228
     3.570000000     0.225785887     2.145231635     0.015392548
     3.580000000     0.236034107     2.150774959     0.015877470
     3.590000000     0.246380729     2.156028843     0.016371870
     3.600000000     0.256757301     2.160929435     0.016875494
     3.610000000     0.267089487     2.165409347     0.017387941
     3.620000000     0.277298022     2.169397334     0.017908648
     3.630000000     0.287299846     2.172818321     0.018436882
     3.640000000     0.297009403     2.175594265     0.018971731
     3.650000000     0.306340068     2.177646373     0.019512104
     3.660000000     0.315205673     2.178899087     0.020056729
     3.670000000     0.323522098     2.179286077     0.020604164
     3.680000000     0.331208882     2.178758147     0.021152803
     3.690000000     0.338190814     2.177292473     0.021700895
     3.700000000     0.344399455     2.174902104     0.022246565
     3.710000000     0.349774554     2.171644179     0.022787838
     3.720000000     0.354265310     2.167625111     0.023322668
     3.730000000     0.357831447     2.163001167     0.023848968
     3.740000000     0.360444069     2.157973495     0.024364651
     3.750000000     0.362086259     2.152777608     0.024867662
     3.760000000     0.362753428     2.147668439     0.025356016
     3.770000000     0.362453364     2.142902980     0.025827837
     3.780000000     0.361206025     2.138722928     0.026281398
     3.790000000     0.359043041     2.135339703     0.026715149
     3.800000000     0.356006969     2.132923479     0.027127755
     3.810000000     0.352150312     2.131597054     0.027518119
     3.820000000     0.347534329     2.131434422     0.027885408
     3.830000000     0.342227691     2.132463274     0.028229067
     3.840000000     0.336304991     2.134670317     0.028548831
     3.850000000     0.329845199     2.138008267     0.028844727
     3.860000000     0.322930054     2.142403600     0.029117072
     3.870000000     0.315642492     2.147764364     0.029366459
     3.880000000     0.308065115     2.153987636     0.029593739
     3.890000000     0.300278761     2.160966306     0.029799996
     3.900000000     0.292361213     2.168594983     0.029986514
     3.910000000     0.284386067     2.176774817     0.030154741
     3.920000000     0.276421802     2.185417071     0.030306241
     3.930000000     0.268531056     2.194445391     0.030442652
     3.940000000     0.260770121     2.203796788     0.030565636
     3.950000000     0.253188677     2.213421530     0.030676828
     3.960000000     0.245829739     2.223282225     0.030777788
     3.970000000     0.238729829     2.233352442     0.030869948
     3.980000000     0.231919351     2.243615191     0.030954574
     3.990000000     0.225423145     2.254061522     0.031032719
     4.000000000     0.219261207     2.264689408     0.031105192
     4.010000000     0.213449543     2.275502979     0.031172532
     4.020000000     0.208001137     2.286512096     0.031234982
     4.030000000     0.202927000     2.297732175     0.031292484
     4.040000000     0.198237271     2.309184088     0.031344675
     4.050000000     0.193942357     2.320893913     0.031390891
     4.060000000     0.190054073     2.332892326     0.031430187
     4.070000000     0.186586777     2.345213498     0.031461362
     4.080000000     0.183558461     2.357893525     0.031482988
     4.090000000     0.180991811     2.370968562     0.031493456
     4.100000000     0.178915195     2.384472959     0.031491019
     4.110000000     0.177363589     2.398437713     0.031473846
     4.120000000     0.176379432     2.412889435     0.031440075
     4.130000000     0.176013391     2.427849939     0.031387872
     4.140000000     0.176325052     2.443336340     0.031315487
     4.150000000     0.177383519     2.459361511     0.031221309
     4.160000000     0.179267928     2.475934663     0.031103920
     4.170000000     0.182067860     2.493061889     0.030962144
     4.180000000     0.185883672     2.510746542     0.030795087
     4.190000000     0.190826704     2.528989438     0.030602175
     4.200000000     0.197019395     2.547788882     0.030383178
     4.210000000     0.204595262     2.567140588     0.030138231
     4.220000000     0.213698747     2.587037518     0.029867844
     4.230000000     0.224484925     2.607469667     0.029572900
     4.240000000     0.237119030     2.628423796     0.029254647
     4.250000000     0.251775807     2.649883102     0.028914682
     4.260000000     0.268638661     2.671826824     0.028554925
     4.270000000     0.287898586     2.694229783     0.028177583
     4.280000000     0.309752856     2.717061903     0.027785119
     4.290000000     0.334403472     2.740287737     0.027380203
     4.300000000     0.362055349     2.763866065     0.026965666
     4.310000000     0.392914237     2.787749619     0.026544456
     4.320000000     0.427184392     2.811884991     0.026119585
     4.330000000     0.465065984     2.836212737     0.025694083
     4.340000000     0.506752275     2.860667655     0.025270952
     4.350000000     0.552426593     2.885179126     0.024853126
     4.360000000     0.602259116     2.909671312     0.024443427
     4.370000000     0.656403534     2.934062908     0.024044541
     4.380000000     0.714993616     2.958266040     0.023658981
     4.390000000     0.778139750     2.982183902     0.023289075
     4.400000000     0.845925506     3.005706812     0.022936943
     4.410000000     0.918404299     3.028706567     0.022604496
     4.420000000     0.995596205     3.051029332     0.022293425
     4.430000000     1.077484998     3.072487680     0.022005212
     4.440000000     1.164015480     3.092852746     0.021741129
     4.450000000     1.255091148     3.111847689     0.021502257
     4.460000000     1.350572257     3.129143626     0.021289495
     4.470000000     1.450274321     3.144359023     0.021103581
     4.480000000     1.553967094     3.157063107     0.020945110
     4.490000000     1.661374042     3.166783402     0.020814556
     4.500000000     1.772172330     3.173016994     0.020712286
     4.510000000     1.885993332     3.175244763     0.020638587
     4.520000000     2.002423654     3.172947581     0.020593680
     4.530000000     2.121006661     3.165623585     0.020577738
     4.540000000     2.241244498     3.152806035     0.020590899
     4.550000000     2.362600574     3.134081917     0.020633281
     4.560000000     2.484502495     3.109112074     0.020704989
     4.570000000     2.606345419     3.077653820     0.020806125
     4.580000000     2.727495817     3.039586175     0.020936791
     4.590000000     2.847295616     2.994935939     0.021097091
     4.600000000     2.965066716     2.943900095     0.021287135
     4.610000000     3.080115860     2.886857430     0.021507034
     4.620000000     3.191739861     2.824361198     0.021756900
     4.630000000     3.299231169     2.757106267     0.022036843
     4.640000000     3.401883769     2.685868773     0.022346961
     4.650000000     3.498999412     2.611423035     0.022687343
     4.660000000     3.589894136     2.534447216     0.023058055
     4.670000000     3.673905070     2.455433770     0.023459139
     4.680000000     3.750397475     2.374621424     0.023890604
     4.690000000     3.818771954     2.291962386     0.024352423
     4.700000000     3.878471764     2.207132474     0.024844522
     4.710000000     3.928990143     2.119584910     0.025366777
     4.720000000     3.969877519     2.028641847     0.025919009
     4.730000000     4.000748491     1.933612305     0.026500970
     4.740000000     4.021288420     1.833921495     0.027112346
     4.750000000     4.031259469     1.729234685     0.027752744
     4.760000000     4.030505944     1.619559035     0.028421685
     4.770000000     4.018958736     1.505309336     0.029118602
     4.780000000     3.996638737     1.387328293     0.029842826
     4.790000000     3.963659043     1.266858337     0.030593584
     4.800000000     3.920225848     1.145468940     0.031369992
     4.810000000     3.866637897     1.024949648     0.032171044
     4.820000000     3.803284441     0.907183341     0.032995611
     4.830000000     3.730641662     0.794015818     0.033842435
     4.840000000     3.649267571     0.687136789     0.034710125
     4.850000000     3.559795436     0.587984165     0.035597154
     4.860000000     3.462925844     0.497679113     0.036501863
     4.870000000     3.359417522     0.416994302     0.037422459
     4.880000000     3.250077121     0.346353159     0.038357023
     4.890000000     3.135748157     0.285854321     0.039303515
     4.900000000     3.017299362     0.235313509     0.040259788
     4.910000000     2.895612708     0.194314833     0.041223599
     4.920000000     2.771571368     0.162264728     0.042192624
     4.930000000     2.646047895     0.138443692     0.043164484
     4.940000000     2.519892882     0.122052993     0.044136760
     4.950000000     2.393924343     0.112255079     0.045107022
     4.960000000     2.268918054     0.108207445     0.046072853
     4.970000000     2.145599020     0.109090195     0.047031881
     4.980000000     2.024634242     0.114127758     0.047981806
     4.990000000     1.906626879     0.122605272     0.048920430
     5.000000000     1.792111876     0.133880175     0.049845689
     5.010000000     1.681553080     0.147389462     0.050755677
     5.020000000     1.575341813     0.162653033     0.051648681
     5.030000000     1.473796861     0.179273424     0.052523199
     5.040000000     1.377165753     0.196932192     0.053377966
     5.050000000     1.285627231     0.215383287     0.054211971
     5.060000000     1.199294739     0.234443891     0.055024471
     5.070000000     1.118220775     0.253983470     0.055815000
     5.080000000     1.042401923     0.273911975     0.056583375
     5.090000000     0.971784390     0.294168201     0.057329690
     5.100000000     0.906269860     0.314709272     0.058054313
     5.110000000     0.845721506     0.335501947     0.058757870
     5.120000000     0.789969998     0.356516140     0.059441224
     5.130000000     0.738819382     0.377720637     0.060105454
     5.140000000     0.692052689     0.399080754     0.060751820
     5.150000000     0.649437207     0.420557426     0.061381729
     5.160000000     0.610729327     0.442107228     0.061996697
     5.170000000     0.575678911     0.463682834     0.062598303
     5.180000000     0.544033172     0.485233620     0.063188144
     5.190000000     0.515540032     0.506706234     0.063767790
     5.200000000     0.489950990     0.528045105     0.064338732
     5.210000000     0.467023504     0.549192978     0.064902337
     5.220000000     0.446522934     0.570091552     0.065459803
     5.230000000     0.428224073     0.590682345     0.066012115
     5.240000000     0.411912333     0.610907798     0.066560009
     5.250000000     0.397384612     0.630712644     0.067103937
     5.260000000     0.384449911     0.650045489     0.067644040
     5.270000000     0.372929732     0.668860559     0.068180130
     5.280000000     0.362658310     0.687119568     0.068711679
     5.290000000     0.353482713     0.704793653     0.069237812
     5.300000000     0.345262842     0.721865284     0.069757314
     5.310000000     0.337871349     0.738330016     0.070268643
     5.320000000     0.331193513     0.754197843     0.070769953
     5.330000000     0.325127057     0.769493908     0.071259124
     5.340000000     0.319581939     0.784258337     0.071733799
     5.350000000     0.314480111     0.798545062     0.072191429
     5.360000000     0.309755244     0.812419692     0.072629323
     5.370000000     0.305352418     0.825956639     0.073044706
     5.380000000     0.301227771     0.839235816     0.073434769
     5.390000000     0.297348113     0.852339169     0.073796740
     5.400000000     0.293690478     0.865347284     0.074127935
     5.410000000     0.290241637     0.878336126     0.074425824
     5.420000000     0.286997552     0.891374029     0.074688085
     5.430000000     0.283962770     0.904519017     0.074912658
     5.440000000     0.281149775     0.917816696     0.075097795
     5.450000000     0.278578284     0.931298949     0.075242100
     5.460000000     0.276274506     0.944983635     0.075344566
     5.470000000     0.274270365     0.958875342     0.075404607
     5.480000000     0.272602692     0.972967056     0.075422068
     5.490000000     0.271312415     0.987242451     0.075397245
     5.500000000     0.270443729     1.001678418     0.075330884
     5.510000000     0.270043286     1.016247457     0.075224176
     5.520000000     0.270159393     1.030919657     0.075078740
     5.530000000     0.270841234     1.045664068     0.074896603
     5.540000000     0.272138134     1.060449471     0.074680173
     5.550000000     0.274098849     1.075244629     0.074432199
     5.560000000     0.276770913     1.090018208     0.074155732
     5.570000000     0.280200017     1.104738585     0.073854083
     5.580000000     0.284429442     1.119373725     0.073530768
     5.590000000     0.289499535     1.133891206     0.073189463
     5.600000000     0.295447229     1.148258413     0.072833947
     5.610000000     0.302305591     1.162442796     0.072468053
     5.620000000     0.310103417     1.176412065     0.072095615
     5.630000000     0.318864843     1.190134241     0.071720418
     5.640000000     0.328608986     1.203577503     0.071346151
     5.650000000     0.339349598     1.216709942     0.070976363
     5.660000000     0.351094736     1.229499350     0.070614422
     5.670000000     0.363846446     1.241913256     0.070263481
     5.680000000     0.377600454     1.253919345     0.069926448
     5.690000000     0.392345868     1.265486284     0.069605961
     5.700000000     0.408064902     1.276584809     0.069304367
     5.710000000     0.424732609     1.287188784     0.069023711
     5.720000000     0.442316650     1.297275851     0.068765726
     5.730000000     0.460777087     1.306827266     0.068531835
     5.740000000     0.480066227     1.315826671     0.068323150
     5.750000000     0.500128518     1.324257693     0.068140486
     5.760000000     0.520900506     1.332100573     0.067984370
     5.770000000     0.542310875     1.339328263     0.067855065
     5.780000000     0.564280566     1.345902648     0.067752590
     5.790000000     0.586722993     1.351771646     0.067676747
     5.800000000     0.609544362     1.356867917     0.067627152
     5.810000000     0.632644100     1.361109709     0.067603265
     5.820000000     0.655915389     1.364404098     0.067604427
     5.830000000     0.679245818     1.366652491     0.067629890
     5.840000000     0.702518141     1.367757905     0.067678860
     5.850000000     0.725611139     1.367633198     0.067750523
     5.860000000     0.748400581     1.366209210     0.067844085
     5.870000000     0.770760261     1.363441737     0.067958802
     5.880000000     0.792563123     1.359316368     0.068094010
     5.890000000     0.813682425     1.353850588     0.068249150
     5.900000000     0.833992957     1.347092954     0.068423795
     5.910000000     0.853372277     1.339119679     0.068617663
     5.920000000     0.871701946     1.330029307     0.068830635
     5.930000000     0.888868755     1.319936382     0.069062767
     5.940000000     0.904765914     1.308964971     0.069314288
     5.950000000     0.919294195     1.297242749     0.069585606
     5.960000000     0.932362997     1.284896023     0.069877301
     5.970000000     0.943891340     1.272045769     0.070190113
     5.980000000     0.953808752     1.258804573     0.070524930
     5.990000000     0.962056050     1.245274252     0.070882767
     6.000000000     0.968585999     1.231544071     0.071264745
     6.010000000     0.973363852     1.217689635     0.071672065
     6.020000000     0.976367738     1.203772762     0.072105981
     6.030000000     0.977588934     1.189842752     0.072567766
     6.040000000     0.977031971     1.175939402     0.073058688
     6.050000000     0.974714620     1.162097850     0.073579968
     6.060000000     0.970667725     1.148354907     0.074132760
     6.070000000     0.964934897     1.134756084     0.074718112
     6.080000000     0.957572082     1.121362116     0.075336944
     6.090000000     0.948646996     1.108253700     0.075990019
     6.100000000     0.938238442     1.095533305     0.076677918
     6.110000000     0.926435516     1.083323404     0.077401028
     6.120000000     0.913336712     1.071761059     0.078159520
     6.130000000     0.899048945     1.060989486     0.078953341
     6.140000000     0.883686487     1.051147715     0.079782208
     6.150000000     0.867369857     1.042359769     0.080645607
     6.160000000     0.850224654     1.034724856     0.081542793
     6.170000000     0.832380364     1.028309848     0.082472802
     6.180000000     0.813969152     1.023145005     0.083434459
     6.190000000     0.795124653     1.019223406     0.084426396
     6.200000000     0.775980777     1.016504088     0.085447070
     6.210000000     0.756670549     1.014918362     0.086494788
     6.220000000     0.737324978     1.014378377     0.087567728
     6.230000000     0.718071995     1.014786701     0.088663966
     6.240000000     0.699035440     1.016045548     0.089781506
     6.250000000     0.680334122     1.018064420     0.090918306
     6.260000000     0.662080961     1.020765217     0.092072301
     6.270000000     0.644382194     1.024084396     0.093241436
     6.280000000     0.627336678     1.027972293     0.094423684
     6.290000000     0.611035257     1.032390257     0.095617069
     6.300000000     0.595560218     1.037306564     0.096819685
     6.310000000     0.580984815     1.042692131     0.098029710
     6.320000000     0.567372873     1.048516902     0.099245415
     6.330000000     0.554778449     1.054747387     0.100465170
     6.340000000     0.543245571     1.061345506     0.101687451
     6.350000000     0.532808032     1.068268537     0.102910830
     6.360000000     0.523489247     1.075469874     0.104133975
     6.370000000     0.515302171     1.082900206     0.105355634
     6.380000000     0.508249285     1.090508845     0.106574628
     6.390000000     0.502322639     1.098244965     0.107789829
     6.400000000     0.497503973     1.106058593     0.109000144
     6.410000000     0.493764909     1.113901212     0.110204496
     6.420000000     0.491067233     1.121725870     0.111401803
     6.430000000     0.489363255     1.129486696     0.112590961
     6.440000000     0.488596282     1.137137822     0.113770823
     6.450000000     0.488701182     1.144631808     0.114940185
     6.460000000     0.489605061     1.151917796     0.116097772
     6.470000000     0.491228057     1.158939742     0.117242234
     6.480000000     0.493484240     1.165635134     0.118372134
     6.490000000     0.496282620     1.171934558     0.119485956
     6.500000000     0.499528267     1.177762409     0.120582105
     6.510000000     0.503123516     1.183038876     0.121658920
     6.520000000     0.506969250     1.187683195     0.122714689
     6.530000000     0.510966245     1.191618007     0.123747668
     6.540000000     0.515016558     1.194774539     0.124756109
     6.550000000     0.519024912     1.197098239     0.125738281
     6.560000000     0.522900085     1.198554395     0.126692505
     6.570000000     0.526556238     1.199133264     0.127617183
     6.580000000     0.529914175     1.198854235     0.128510831
     6.590000000     0.532902499     1.197768571     0.129372108
     6.600000000     0.535458627     1.195960377     0.130199846
     6.610000000     0.537529654     1.193545502     0.130993077
     6.620000000     0.539073023     1.190668188     0.131751052
     6.630000000     0.540057000     1.187495399     0.132473261
     6.640000000     0.540460934     1.184208947     0.133159438
     6.650000000     0.540275286     1.180995799     0.133809575
     6.660000000     0.539501437     1.178037250     0.134423909
     6.670000000     0.538151277     1.175498005     0.135002920
     6.680000000     0.536246578     1.173516365     0.135547314
     6.690000000     0.533818172     1.172196726     0.136058000
     6.700000000     0.530904963     1.171605281     0.136536060
     6.710000000     0.527552776     1.171769301     0.136982721
     6.720000000     0.523813108     1.172679794     0.137399313
     6.730000000     0.519741775     1.174296841     0.137787234
     6.740000000     0.515397520     1.176556638     0.138147905
     6.750000000     0.510840596     1.179379235     0.138482732
     6.760000000     0.506131378     1.182676157     0.138793061
     6.770000000     0.501329011     1.186357324     0.139080146
     6.780000000     0.496490155     1.190336923     0.139345109
     6.790000000     0.491667829     1.194538049     0.139588913
     6.800000000     0.486910395     1.198895977     0.139812338
     6.810000000     0.482260695     1.203359974     0.140015962
     6.820000000     0.477755353     1.207893590     0.140200151
     6.830000000     0.473424267     1.212473489     0.140365055
     6.840000000     0.469290275     1.217087010     0.140510612
     6.850000000     0.465369022     1.221728829     0.140636559
     6.860000000     0.461669002     1.226397184     0.140742450
     6.870000000     0.458191779     1.231090155     0.140827678
     6.880000000     0.454932383     1.235802431     0.140891506
     6.890000000     0.451879847     1.240522888     0.140933101
     6.900000000     0.449017885     1.245233148     0.140951571
     6.910000000     0.446325685     1.249907207     0.140946004
     6.920000000     0.443778793     1.254512105     0.140915507
     6.930000000     0.441350063     1.259009579     0.140859251
     6.940000000     0.439010666     1.263358544     0.140776504
     6.950000000     0.436731096     1.267518278     0.140666673
     6.960000000     0.434482195     1.271452101     0.140529334
     6.970000000     0.432236131     1.275131350     0.140364262
     6.980000000     0.429967333     1.278539426     0.140171457
     6.990000000     0.427653345     1.281675582     0.139951157
     7.000000000     0.425275591     1.284558058     0.139703855
     7.010000000     0.422820021     1.287226052     0.139430305
     7.020000000     0.420277635     1.289739991     0.139131518
     7.030000000     0.417644867     1.292179652     0.138808762
     7.040000000     0.414923816     1.294639995     0.138463542
     7.050000000     0.412122339     1.297224961     0.138097594
     7.060000000     0.409253974     1.300039933     0.137712851
     7.070000000     0.406337732     1.303183894     0.137311430
     7.080000000     0.403397736     1.306742360     0.136895593
     7.090000000     0.400462736     1.310782031     0.136467723
     7.100000000     0.397565504     1.315347666     0.136030291
     7.110000000     0.394742135     1.320461305     0.135585823
     7.120000000     0.392031267     1.326123522     0.135136869
     7.130000000     0.389473244     1.332316178     0.134685972
     7.140000000     0.387109247     1.339006050     0.134235640
     7.150000000     0.384980412     1.346148733     0.133788325
     7.160000000     0.383126969     1.353692360     0.133346395
     7.170000000     0.381587405     1.361580808     0.132912117
     7.180000000     0.380397697     1.369756231     0.132487649
     7.190000000     0.379590612     1.378160884     0.132075020
     7.200000000     0.379195101     1.386738277     0.131676135
     7.210000000     0.379235802     1.395433797     0.131292765
     7.220000000     0.379732648     1.404194931     0.130926553
     7.230000000     0.380700605     1.412971271     0.130579019
     7.240000000     0.382149523     1.421714452     0.130251568
     7.250000000     0.384084109     1.430378182     0.129945501
     7.260000000     0.386504014     1.438918474     0.129662029
     7.270000000     0.389404024     1.447294170     0.129402284
     7.280000000     0.392774342     1.455467745     0.129167335
     7.290000000     0.396600953     1.463406333     0.128958201
     7.300000000     0.400866049     1.471082866     0.128775864
     7.310000000     0.405548499     1.478477177     0.128621280
     7.320000000     0.410624358     1.485576927     0.128495388
     7.330000000     0.416067375     1.492378278     0.128399113
     7.340000000     0.421849511     1.498886198     0.128333377
     7.350000000     0.427941431     1.505114378     0.128299091
     7.360000000     0.434312971     1.511084659     0.128297154
     7.370000000     0.440933564     1.516825908     0.128328451
     7.380000000     0.447772613     1.522372294     0.128393835
     7.390000000     0.454799822     1.527760970     0.128494119
     7.400000000     0.461985463     1.533029302     0.128630062
     7.410000000     0.469300596     1.538211945     0.128802348
     7.420000000     0.476717233     1.543338130     0.129011567
     7.430000000     0.484208464     1.548429548     0.129258197
     7.440000000     0.491748548     1.553499135     0.129542583
     7.450000000     0.499312966     1.558550857     0.129864921
     7.460000000     0.506878476     1.563580433     0.130225232
     7.470000000     0.514423143     1.568576773     0.130623354
     7.480000000     0.521926396     1.573523837     0.131058926
     7.490000000     0.529369082     1.578402595     0.131531376
     7.500000000     0.536733557     1.583192853     0.132039921
     7.510000000     0.544003811     1.587874786     0.132583557
     7.520000000     0.551165625     1.592430137     0.133161072
     7.530000000     0.558206773     1.596843154     0.133771046
     7.540000000     0.565117269     1.601101385     0.134411869
     7.550000000     0.571889655     1.605196471     0.135081755
     7.560000000     0.578519317     1.609124987     0.135778769
     7.570000000     0.585004840     1.612889283     0.136500849
     7.580000000     0.591348374     1.616498176     0.137245838
     7.590000000     0.597556007     1.619967300     0.138011516
     7.600000000     0.603638129     1.623318975     0.138795637
     7.610000000     0.609609776     1.626581532     0.139595962
     7.620000000     0.615490926     1.629788205     0.140410299
     7.630000000     0.621306748     1.632975773     0.141236539
     7.640000000     0.627087769     1.636183194     0.142072690
     7.650000000     0.632869960     1.639450446     0.142916909
     7.660000000     0.638694712     1.642817740     0.143767534
     7.670000000     0.644608711     1.646325117     0.144623109
     7.680000000     0.650663676     1.650012365     0.145482404
     7.690000000     0.656915989     1.653919059     0.146344434
     7.700000000     0.663426174     1.658084466     0.147208467
     7.710000000     0.670258272     1.662547055     0.148074030
     7.720000000     0.677479075     1.667343398     0.148940909
     7.730000000     0.685157266     1.672506403     0.149809140
     7.740000000     0.693362450     1.678062958     0.150679000
     7.750000000     0.702164111     1.684031274     0.151550983
     7.760000000     0.711630508     1.690418333     0.152425783
     7.770000000     0.721827541     1.697217860     0.153304264
     7.780000000     0.732817599     1.704409153     0.154187425
     7.790000000     0.744658432     1.711956896     0.155076372
     7.800000000     0.757402065     1.719811811     0.155972274
     7.810000000     0.771093788     1.727911877     0.156876326
     7.820000000     0.785771245     1.736183758     0.157789711
     7.830000000     0.801463639     1.744544180     0.158713555
     7.840000000     0.818191101     1.752901176     0.159648892
     7.850000000     0.835964206     1.761155233     0.160596620
     7.860000000     0.854783682     1.769200514     0.161557467
     7.870000000     0.874640304     1.776926317     0.162531956
     7.880000000     0.895514981     1.784218895     0.163520372
     7.890000000     0.917379045     1.790963718     0.164522734
     7.900000000     0.940194726     1.797048168     0.165538773
     7.910000000     0.963915801     1.802364640     0.166567908
     7.920000000     0.988488420     1.806813909     0.167609234
     7.930000000     1.013852060     1.810308586     0.168661510
     7.940000000     1.039940611     1.812776399     0.169723152
     7.950000000     1.066683542     1.814162995     0.170792236
     7.960000000     1.094007142     1.814434008     0.171866502
     7.970000000     1.121835775     1.813576191     0.172943364
     7.980000000     1.150093152     1.811597544     0.174019926
     7.990000000     1.178703553     1.808526465     0.175093007
     8.000000000     1.207592994     1.804410038     0.176159163
     8.010000000     1.236690299     1.799311552     0.177214724
     8.020000000     1.265928053     1.793307373     0.178255831
     8.030000000     1.295243415     1.786483198     0.179278473
     8.040000000     1.324578773     1.778929799     0.180278540
     8.050000000     1.353882225     1.770738368     0.181251867
     8.060000000     1.383107881     1.761995735     0.182194289
     8.070000000     1.412215976     1.752779785     0.183101695
     8.080000000     1.441172801     1.743155501     0.183970083
     8.090000000     1.469950453     1.733171977     0.184795618
     8.100000000     1.498526410     1.722860664     0.185574684
     8.110000000     1.526882958     1.712234998     0.186303941
     8.120000000     1.555006466     1.701291378     0.186980370
     8.130000000     1.582886546     1.690011376     0.187601327
     8.140000000     1.610515110     1.678364991     0.188164576
     8.150000000     1.637885358     1.666314628     0.188668330
     8.160000000     1.664990704     1.653819442     0.189111275
     8.170000000     1.691823693     1.640839603     0.189492591
     8.180000000     1.718374903     1.627340070     0.189811966
     8.190000000     1.744631893     1.613293495     0.190069593
     8.200000000     1.770578190     1.598682034     0.190266168
     8.210000000     1.796192368     1.583497928     0.190402874
     8.220000000     1.821447221     1.567742830     0.190481351
     8.230000000     1.846309063     1.551425876     0.190503670
     8.240000000     1.870737175     1.534560609     0.190472287
     8.250000000     1.894683406     1.517160915     0.190389996
     8.260000000     1.918091961     1.499236338     0.190259876
     8.270000000     1.940899363     1.480787313     0.190085236
     8.280000000     1.963034618     1.461800972     0.189869550
     8.290000000     1.984419575     1.442248249     0.189616399
     8.300000000     2.004969486     1.422082880     0.189329408
     8.310000000     2.024593758     1.401242720     0.189012188
     8.320000000     2.043196890     1.379653540     0.188668276
     8.330000000     2.060679590     1.357235190     0.188301093
     8.340000000     2.076940033     1.333909666     0.187913889
     8.350000000     2.091875269     1.309610284     0.187509714
     8.360000000     2.105382729     1.284290831     0.187091386
     8.370000000     2.117361815     1.257933430     0.186661468
     8.380000000     2.127715544     1.230553946     0.186222263
     8.390000000     2.136352200     1.202204142     0.185775808
     8.400000000     2.143186979     1.172970401     0.185323882
     8.410000000     2.148143573     1.142969398     0.184868021
     8.420000000     2.151155672     1.112341659     0.184409544
     8.430000000     2.152168347     1.081244143     0.183949576
     8.440000000     2.151139276     1.049843022     0.183489089
     8.450000000     2.148039803     1.018307591     0.183028937
     8.460000000     2.142855789     0.986805859     0.182569899
     8.470000000     2.135588243     0.955501960     0.182112715
     8.480000000     2.126253718     0.924555101     0.181658134
     8.490000000     2.114884466     0.894119434     0.181206947
     8.500000000     2.101528343     0.864344103     0.180760025
     8.510000000     2.086248473     0.835372715     0.180318346
     8.520000000     2.069122668     0.807341661     0.179883023
     8.530000000     2.050242629     0.780377060     0.179455319
     8.540000000     2.029712935     0.754590508     0.179036656
     8.550000000     2.007649849     0.730074270     0.178628625
     8.560000000     1.984179958     0.706896909     0.178232975
     8.570000000     1.959438679     0.685100451     0.177851604
     8.580000000     1.933568658     0.664699960     0.177486544
     8.590000000     1.906718090     0.645685939     0.177139935
     8.600000000     1.879039001     0.628029288     0.176813997
     8.610000000     1.850685504     0.611688024     0.176510999
     8.620000000     1.821812075     0.596614587     0.176233224
     8.630000000     1.792571866     0.582762442     0.175982928
     8.640000000     1.763115090     0.570090949     0.175762310
     8.650000000     1.733587493     0.558567793     0.175573470
     8.660000000     1.704128940     0.548168829     0.175418379
     8.670000000     1.674872128     0.538875631     0.175298840
     8.680000000     1.645941452     0.530671435     0.175216470
     8.690000000     1.617452019     0.523536344     0.175172666
     8.700000000     1.589508839     0.517442662     0.175168594
     8.710000000     1.562206183     0.512351063     0.175205167
     8.720000000     1.535627123     0.508208071     0.175283045
     8.730000000     1.509843245     0.504945044     0.175402626
     8.740000000     1.484914538     0.502478640     0.175564047
     8.750000000     1.460889459     0.500712600     0.175767195
     8.760000000     1.437805150     0.499540599     0.176011714
     8.770000000     1.415687815     0.498849955     0.176297022
     8.780000000     1.394553232     0.498526016     0.176622328
     8.790000000     1.374407397     0.498457026     0.176986651
     8.800000000     1.355247265     0.498539227     0.177388846
     8.810000000     1.337061599     0.498681805     0.177827624
     8.820000000     1.319831880     0.498811144     0.178301580
     8.830000000     1.303533274     0.498873794     0.178809212
     8.840000000     1.288135635     0.498837614     0.179348951
     8.850000000     1.273604520     0.498690808     0.179919175
     8.860000000     1.259902200     0.498438929     0.180518239
     8.870000000     1.246988642     0.498100350     0.181144487
     8.880000000     1.234822455     0.497700986     0.181796268
     8.890000000     1.223361777     0.497269197     0.182471956
     8.900000000     1.212565083     0.496831684     0.183169953
     8.910000000     1.202391921     0.496410875     0.183888704
     8.920000000     1.192803542     0.496023921     0.184626696
     8.930000000     1.183763440     0.495683057     0.185382466
     8.940000000     1.175237777     0.495396840     0.186154596
     8.950000000     1.167195712     0.495171707     0.186941713
     8.960000000     1.159609615     0.495013351     0.187742483
     8.970000000     1.152455184     0.494927596     0.188555604
     8.980000000     1.145711461     0.494920619     0.189379793
     8.990000000     1.139360760     0.494998570     0.190213782
     9.000000000     1.133388514     0.495166736     0.191056300
     9.010000000     1.127783053     0.495428473     0.191906063
     9.020000000     1.122535314     0.495784147     0.192761765
     9.030000000     1.117638515     0.496230306     0.193622057
     9.040000000     1.113087782     0.496759221     0.194485545
     9.050000000     1.108879757     0.497358908     0.195350774
     9.060000000     1.105012191     0.498013600     0.196216221
     9.070000000     1.101483532     0.498704593     0.197080289
     9.080000000     1.098292520     0.499411285     0.197941302
     9.090000000     1.095437801     0.500112222     0.198797506
     9.100000000     1.092917553     0.500785951     0.199647070
     9.110000000     1.090729147     0.501411565     0.200488090
     9.120000000     1.088868839     0.501968873     0.201318600
     9.130000000     1.087331499     0.502438289     0.202136583
     9.140000000     1.086110368     0.502800605     0.202939985
     9.150000000     1.085196873     0.503036882     0.203726732
     9.160000000     1.084580463     0.503128674     0.204494753
     9.170000000     1.084248496     0.503058649     0.205241997
     9.180000000     1.084186161     0.502811540     0.205966461
     9.190000000     1.084376440     0.502375151     0.206666207
     9.200000000     1.084800104     0.501741111     0.207339392
     9.210000000     1.085435745     0.500905057     0.207984284
     9.220000000     1.086259843     0.499866100     0.208599285
     9.230000000     1.087246862     0.498625618     0.209182951
     9.240000000     1.088369381     0.497185570     0.209734002
     9.250000000     1.089598246     0.495546700     0.210251339
     9.260000000     1.090902765     0.493706991     0.210734043
     9.270000000     1.092250913     0.491660695     0.211181385
     9.280000000     1.093609573     0.489398156     0.211592820
     9.290000000     1.094944800     0.486906462     0.211967980
     9.300000000     1.096222108     0.484170837     0.212306661
     9.310000000     1.097406772     0.481176550     0.212608808
     9.320000000     1.098464160     0.477911003     0.212874493
     9.330000000     1.099360074     0.474365692     0.213103891
     9.340000000     1.100061100     0.470537724     0.213297253
     9.350000000     1.100534980     0.466430699     0.213454874
     9.360000000     1.100750978     0.462054885     0.213577065
     9.370000000     1.100680247     0.457426728     0.213664121
     9.380000000     1.100296198     0.452567825     0.213716285
     9.390000000     1.099574848     0.447503544     0.213733727
     9.400000000     1.098495158     0.442261478     0.213716508
     9.410000000     1.097039339     0.436869931     0.213664560
     9.420000000     1.095193137     0.431356650     0.213577666
     9.430000000     1.092946070     0.425747978     0.213455444
     9.440000000     1.090291628     0.420068613     0.213297335
     9.450000000     1.087227425     0.414342022     0.213102599
     9.460000000     1.083755290     0.408591495     0.212870319
     9.470000000     1.079881309     0.402841611     0.212599405
     9.480000000     1.075615795     0.397119775     0.212288612
     9.490000000     1.070973208     0.391457379     0.211936557
     9.500000000     1.065972003     0.385890201     0.211541749
     9.510000000     1.060634419     0.380457789     0.211102614
     9.520000000     1.054986205     0.375201866     0.210617540
     9.530000000     1.049056302     0.370164014     0.210084909
     9.540000000     1.042876458     0.365383073     0.209503149
     9.550000000     1.036480814     0.360892725     0.208870772
     9.560000000     1.029905447     0.356719589     0.208186427
     9.570000000     1.023187890     0.352882010     0.207448943
     9.580000000     1.016366629     0.349389506     0.206657381
     9.590000000     1.009480598     0.346242760     0.205811070
     9.600000000     1.002568672     0.343433996     0.204909657
     9.610000000     0.995669172     0.340947645     0.203953134
     9.620000000     0.988819389     0.338761247     0.202941878
     9.630000000     0.982055145     0.336846617     0.201876669
     9.640000000     0.975410374     0.335171268     0.200758709
     9.650000000     0.968916761     0.333700048     0.199589634
     9.660000000     0.962603417     0.332396867     0.198371514
     9.670000000     0.956496606     0.331226309     0.197106846
     9.680000000     0.950619526     0.330154928     0.195798539
     9.690000000     0.944992136     0.329152048     0.194449891
     9.700000000     0.939631033     0.328189973     0.193064556
     9.710000000     0.934549379     0.327243658     0.191646506
     9.720000000     0.929756863     0.326289981     0.190199986
     9.730000000     0.925259704     0.325306890     0.188729462
     9.740000000     0.921060687     0.324272736     0.187239566
     9.750000000     0.917159223     0.323166092     0.185735037
     9.760000000     0.913551424     0.321966289     0.184220660
     9.770000000     0.910230206     0.320654706     0.182701204
     9.780000000     0.907185387     0.319216629     0.181181363
     9.790000000     0.904403801     0.317643277     0.179665694
     9.800000000     0.901869414     0.315933423     0.178158567
     9.810000000     0.899563444     0.314094059     0.176664108
     9.820000000     0.897464481     0.312139704     0.175186159
     9.830000000     0.895548612     0.310090264     0.173728235
     9.840000000     0.893789558     0.307967680     0.172293495
     9.850000000     0.892158813     0.305791903     0.170884716
     9.860000000     0.890625804     0.303576885     0.169504278
     9.870000000     0.889158070     0.301327275     0.168154152
     9.880000000     0.887721459     0.299036337     0.166835903
     9.890000000     0.886280366     0.296685363     0.165550692
     9.900000000     0.884797990     0.294244587     0.164299293
     9.910000000     0.883236642     0.291675382     0.163082109
     9.920000000     0.881558073     0.288933388     0.161899196
     9.930000000     0.879723859     0.285972228     0.160750296
     9.940000000     0.877695808     0.282747450     0.159634864
     9.950000000     0.875436406     0.279220439     0.158552107
     9.960000000     0.872909291     0.275362071     0.157501020
     9.970000000     0.870079743     0.271155893     0.156480421
     9.980000000     0.866915190     0.266600587     0.155488993
     9.990000000     0.863385712     0.261711409     0.154525318
    10.000000000     0.859464535     0.256520299     0.153587912
    10.010000000     0.855128498     0.251074419     0.152675261
    10.020000000     0.850358493     0.245433151     0.151785849
    10.030000000     0.845139849     0.239663836     0.150918189
    10.040000000     0.839462655     0.233836933     0.150070849
    10.050000000     0.833322018     0.228021416     0.149242469
    10.060000000     0.826718237     0.222281222     0.148431786
    10.070000000     0.819656888     0.216673247     0.147637650
    10.080000000     0.812148816     0.211246979     0.146859031
    10.090000000     0.804210035     0.206045397     0.146095035
    10.100000000     0.795861523     0.201106513     0.145344912
    10.110000000     0.787128935     0.196464869     0.144608055
    10.120000000     0.778042217     0.192152493     0.143884011
    10.130000000     0.768635141     0.188199086     0.143172474
    10.140000000     0.758944773     0.184631489     0.142473288
    10.150000000     0.749010873     0.181472677     0.141786443
    10.160000000     0.738875258     0.178740537     0.141112072
    10.170000000     0.728581122     0.176446700     0.140450441
    10.180000000     0.718172348     0.174595582     0.139801944
    10.190000000     0.707692816     0.173183728     0.139167095
    10.200000000     0.697185725     0.172199528     0.138546517
    10.210000000     0.686692941     0.171623344     0.137940930
    10.220000000     0.676254397     0.171428076     0.137351140
    10.230000000     0.665907539     0.171580167     0.136778025
    10.240000000     0.655686847     0.172041001     0.136222522
    10.250000000     0.645623423     0.172768577     0.135685614
    10.260000000     0.635744667     0.173719326     0.135168309
    10.270000000     0.626074042     0.174849884     0.134671630
    10.280000000     0.616630917     0.176118667     0.134196597
    10.290000000     0.607430512     0.177487137     0.133744209
    10.300000000     0.598483917     0.178920684     0.133315430
    10.310000000     0.589798197     0.180389128     0.132911171
    10.320000000     0.581376578     0.181866865     0.132532279
    10.330000000     0.573218687     0.183332732     0.132179515
    10.340000000     0.565320862     0.184769695     0.131853548
    10.350000000     0.557676500     0.186164470     0.131554937
    10.360000000     0.550276447     0.187507174     0.131284124
    10.370000000     0.543109411     0.188791109     0.131041422
    10.380000000     0.536162387     0.190012717     0.130827009
    10.390000000     0.529421086     0.191171674     0.130640922
    10.400000000     0.522870355     0.192271031     0.130483055
    10.410000000     0.516494581     0.193317278     0.130353157
    10.420000000     0.510278068     0.194320184     0.130250833
    10.430000000     0.504205381     0.195292351     0.130175549
    10.440000000     0.498261648     0.196248464     0.130126638
    10.450000000     0.492432825     0.197204335     0.130103305
    10.460000000     0.486705907     0.198175833     0.130104641
    10.470000000     0.481069098     0.199177861     0.130129634
    10.480000000     0.475511929     0.200223485     0.130177180
    10.490000000     0.470025332     0.201323309     0.130246099
    10.500000000     0.464601666     0.202485150     0.130335151
    10.510000000     0.459234711     0.203713991     0.130443053
    10.520000000     0.453919614     0.205012187     0.130568495
    10.530000000     0.448652817     0.206379833     0.130710155
    10.540000000     0.443431949     0.207815219     0.130866718
    10.550000000     0.438255705     0.209315307     0.131036890
    10.560000000     0.433123708     0.210876166     0.131219415
    10.570000000     0.428036362     0.212493366     0.131413082
    10.580000000     0.422994707     0.214162305     0.131616746
    10.590000000     0.418000267     0.215878474     0.131829330
    10.600000000     0.413054916     0.217637649     0.132049836
    10.610000000     0.408160743     0.219435971     0.132277354
    10.620000000     0.403319938     0.221269922     0.132511060
    10.630000000     0.398534687     0.223136174     0.132750221
    10.640000000     0.393807094     0.225031342     0.132994193
    10.650000000     0.389139106     0.226951706     0.133242420
    10.660000000     0.384532468     0.228892970     0.133494427
    10.670000000     0.379988691     0.230850148     0.133749817
    10.680000000     0.375509035     0.232817636     0.134008255
    10.690000000     0.371094505     0.234789488     0.134269468
    10.700000000     0.366745866     0.236759868     0.134533227
    10.710000000     0.362463658     0.238723608     0.134799337
    10.720000000     0.358248228     0.240676784     0.135067626
    10.730000000     0.354099765     0.242617231     0.135337930
    10.740000000     0.350018332     0.244544898     0.135610080
    10.750000000     0.346003905     0.246462000     0.135883892
    10.760000000     0.342056410     0.248372914     0.136159152
    10.770000000     0.338175755     0.250283821     0.136435607
    10.780000000     0.334361857     0.252202111     0.136712951
    10.790000000     0.330614665     0.254135621     0.136990822
    10.800000000     0.326934178     0.256091784     0.137268789
    10.810000000     0.323320451     0.258076800     0.137546350
    10.820000000     0.319773600     0.260094930     0.137822926
    10.830000000     0.316293797     0.262147993     0.138097860
    10.840000000     0.312881262     0.264235148     0.138370418
    10.850000000     0.309536248     0.266352977     0.138639788
    10.860000000     0.306259021     0.268495869     0.138905084
    10.870000000     0.303049837     0.270656646     0.139165355
    10.880000000     0.299908921     0.272827328     0.139419588
    10.890000000     0.296836438     0.274999917     0.139666716
    10.900000000     0.293832466     0.277167065     0.139905633
    10.910000000     0.290896974     0.279322547     0.140135196
    10.920000000     0.288029794     0.281461489     0.140354244
    10.930000000     0.285230596     0.283580368     0.140561603
    10.940000000     0.282498870     0.285676844     0.140756105
    10.950000000     0.279833904     0.287749509     0.140936589
    10.960000000     0.277234766     0.289797642     0.141101923
    10.970000000     0.274700289     0.291821012     0.141251005
    10.980000000     0.272229059     0.293819786     0.141382778
    10.990000000     0.269819402     0.295794491     0.141496235
    11.000000000     0.267469374     0.297746033     0.141590425
    11.010000000     0.265176754     0.299675698     0.141664460
    11.020000000     0.262939041     0.301585105     0.141717517
    11.030000000     0.260753444     0.303476078     0.141748837
    11.040000000     0.258616887     0.305350437     0.141757730
    11.050000000     0.256526007     0.307209701     0.141743567
    11.060000000     0.254477158     0.309054769     0.141705780
    11.070000000     0.252466420     0.310885593     0.141643858
    11.080000000     0.250489609     0.312700942     0.141557336
    11.090000000     0.248542295     0.314498273     0.141445789
    11.100000000     0.246619821     0.316273788     0.141308826
    11.110000000     0.244717330     0.318022657     0.141146079
    11.120000000     0.242829797     0.319739399     0.140957191
    11.130000000     0.240952069     0.321418363     0.140741811
    11.140000000     0.239078905     0.323054233     0.140499581
    11.150000000     0.237205027     0.324642476     0.140230129
    11.160000000     0.235325177     0.326179686     0.139933060
    11.170000000     0.233434172     0.327663771     0.139607949
    11.180000000     0.231526968     0.329093999     0.139254337
    11.190000000     0.229598727     0.330470944     0.138871723
    11.200000000     0.227644883     0.331796383     0.138459565
    11.210000000     0.225661204     0.333073214     0.138017277
    11.220000000     0.223643864     0.334305412     0.137544231
    11.230000000     0.221589497     0.335498042     0.137039760
    11.240000000     0.219495259     0.336657266     0.136503160
    11.250000000     0.217358875     0.337790299     0.135933702
    11.260000000     0.215178681     0.338905243     0.135330633
    11.270000000     0.212953661     0.340010774     0.134693191
    11.280000000     0.210683465     0.341115689     0.134020613
    11.290000000     0.208368422     0.342228389     0.133312146
    11.300000000     0.206009544     0.343356361     0.132567064
    11.310000000     0.203608508     0.344505786     0.131784676
    11.320000000     0.201167637     0.345681332     0.130964343
    11.330000000     0.198689859     0.346886184     0.130105488
    11.340000000     0.196178664     0.348122282     0.129207614
    11.350000000     0.193638042     0.349390722     0.128270313
    11.360000000     0.191072418     0.350692214     0.127293278
    11.370000000     0.188486575     0.352027489     0.126276317
    11.380000000     0.185885568     0.353397570     0.125219359
    11.390000000     0.183274639     0.354803847     0.124122464
    11.400000000     0.180659123     0.356247960     0.122985833
    11.410000000     0.178044356     0.357731526     0.121809808
    11.420000000     0.175435576     0.359255786     0.120594880
    11.430000000     0.172837837     0.360821258     0.119341688
    11.440000000     0.170255916     0.362427459     0.118051024
    11.450000000     0.167694232     0.364072753     0.116723824
    11.460000000     0.165156767     0.365754323     0.115361172
    11.470000000     0.162647003     0.367468274     0.113964290
    11.480000000     0.160167859     0.369209817     0.112534533
    11.490000000     0.157721647     0.370973515     0.111073382
    11.500000000     0.155310037     0.372753556     0.109582431
    11.510000000     0.152934031     0.374544013     0.108063378
    11.520000000     0.150593958     0.376339089     0.106518015
    11.530000000     0.148289473     0.378133319     0.104948209
    11.540000000     0.146019577     0.379921724     0.103355891
    11.550000000     0.143782645     0.381699914     0.101743046
    11.560000000     0.141576466     0.383464128     0.100111690
    11.570000000     0.139398296     0.385211229     0.098463862
    11.580000000     0.137244925     0.386938648     0.096801606
    11.590000000     0.135112740     0.388644310     0.095126962
    11.600000000     0.132997814     0.390326548     0.093441946
    11.610000000     0.130895984     0.391984051     0.091748546
    11.620000000     0.128802942     0.393615840     0.090048708
    11.630000000     0.126714325     0.395221312     0.088344328
    11.640000000     0.124625812     0.396800327     0.086637244
    11.650000000     0.122533205     0.398353331     0.084929234
    11.660000000     0.120432522     0.399881496     0.083222011
    11.670000000     0.118320075     0.401386843     0.081517220
    11.680000000     0.116192548     0.402872341     0.079816441
    11.690000000     0.114047059     0.404341961     0.078121190
    11.700000000     0.111881219     0.405800672     0.076432922
    11.710000000     0.109693178     0.407254374     0.074753037
    11.720000000     0.107481659     0.408709746     0.073082883
    11.730000000     0.105245983     0.410174022     0.071423763
    11.740000000     0.102986080     0.411654678     0.069776943
    11.750000000     0.100702486     0.413159073     0.068143653
    11.760000000     0.098396331     0.414694048     0.066525098
    11.770000000     0.096069321     0.416265563     0.064922458
    11.780000000     0.093723695     0.417878387     0.063336894
    11.790000000     0.091362195     0.419535913     0.061769549
    11.800000000     0.088988003     0.421240118     0.060221547
    11.810000000     0.086604696     0.422991651     0.058693995
    11.820000000     0.084216176     0.424790045     0.057187975
    11.830000000     0.081826611     0.426633989     0.055704546
    11.840000000     0.079440364     0.428521616     0.054244729
    11.850000000     0.077061931     0.430450775     0.052809506
    11.860000000     0.074695872     0.432419227     0.051399810
    11.870000000     0.072346747     0.434424791     0.050016510
    11.880000000     0.070019061     0.436465407     0.048660405
    11.890000000     0.067717206     0.438539149     0.047332212
    11.900000000     0.065445414     0.440644192     0.046032555
    11.910000000     0.063207717     0.442778757     0.044761952
    11.920000000     0.061007906     0.444941040     0.043520810
    11.930000000     0.058849512     0.447129150     0.042309414
    11.940000000     0.056735780     0.449341055     0.041127920
    11.950000000     0.054669657     0.451574554     0.039976352
    11.960000000     0.052653791     0.453827275     0.038854596
    11.970000000     0.050690527     0.456096697     0.037762403
    11.980000000     0.048781916     0.458380198     0.036699388
    11.990000000     0.046929732     0.460675125     0.035665035
    12.000000000     0.045135483     0.462978863     0.034658704
    12.010000000     0.043400435     0.465288916     0.033679637
    12.020000000     0.041725637     0.467602979     0.032726970
    12.030000000     0.040111941     0.469918994     0.031799748
    12.040000000     0.038560032     0.472235195     0.030896933
    12.050000000     0.037070451     0.474550121     0.030017423
    12.060000000     0.035643614     0.476862616     0.029160068
    12.070000000     0.034279838     0.479171794     0.028323685
    12.080000000     0.032979354     0.481477000     0.027507074
    12.090000000     0.031742317     0.483777758     0.026709039
    12.100000000     0.030568816     0.486073731     0.025928397
    12.110000000     0.029458874     0.488364679     0.025164000
    12.120000000     0.028412444     0.490650432     0.024414745
    12.130000000     0.027429398     0.492930865     0.023679589
    12.140000000     0.026509511     0.495205877     0.022957557
    12.150000000     0.025652440     0.497475365     0.022247758
    12.160000000     0.024857699     0.499739186     0.021549386
    12.170000000     0.024124628     0.501997122     0.020861729
    12.180000000     0.023452359     0.504248820     0.020184174
    12.190000000     0.022839786     0.506493741     0.019516208
    12.200000000     0.022285528     0.508731098     0.018857418
    12.210000000     0.021787894     0.510959806     0.018207490
    12.220000000     0.021344856     0.513178430     0.017566207
    12.230000000     0.020954024     0.515385153     0.016933443
    12.240000000     0.020612620     0.517577755     0.016309162
    12.250000000     0.020317474     0.519753600     0.015693405
    12.260000000     0.020065015     0.521909634     0.015086288
    12.270000000     0.019851278     0.524042391     0.014487992
    12.280000000     0.019671923     0.526147996     0.013898755
    12.290000000     0.019522260     0.528222171     0.013318865
    12.300000000     0.019397291     0.530260247     0.012748648
    12.310000000     0.019291760     0.532257191     0.012188463
    12.320000000     0.019200213     0.534207662     0.011638693
    12.330000000     0.019117068     0.536106113     0.011099735
    12.340000000     0.019036694     0.537946974     0.010571997
    12.350000000     0.018953497     0.539724922     0.010055886
    12.360000000     0.018862003     0.541435251     0.009551805
    12.370000000     0.018756956     0.543074359     0.009060146
    12.380000000     0.018633403     0.544640294     0.008581285
    12.390000000     0.018486782     0.546133334     0.008115576
    12.400000000     0.018313004     0.547556486     0.007663351
    12.410000000     0.018108527     0.548915826     0.007224913
    12.420000000     0.017870418     0.550220540     0.006800530
    12.430000000     0.017596404     0.551482625     0.006390442
    12.440000000     0.017284912     0.552716207     0.005994848
    12.450000000     0.016935091     0.553936569     0.005613913
    12.460000000     0.016546816     0.555158988     0.005247761
    12.470000000     0.016120686     0.556397588     0.004896475
    12.480000000     0.015657991     0.557664366     0.004560099
    12.490000000     0.015160684     0.558968513     0.004238636
    12.500000000     0.014631317     0.560316106     0.003932046
    12.510000000     0.014072987     0.561710140     0.003640249
    12.520000000     0.013489252     0.563150846     0.003363122
    12.530000000     0.012884055     0.564636182     0.003100505
    12.540000000     0.012261631     0.566162412     0.002852195
    12.550000000     0.011626419     0.567724676     0.002617955
    12.560000000     0.010982968     0.569317497     0.002397508
    12.570000000     0.010335845     0.570935202     0.002190543
    12.580000000     0.009689553     0.572572229     0.001996716
    12.590000000     0.009048446     0.574223349     0.001815653
    12.600000000     0.008416657     0.575883791     0.001646951
    12.610000000     0.007798037     0.577549314     0.001490182
    12.620000000     0.007196100     0.579216223     0.001344895
    12.630000000     0.006613980     0.580881355     0.001210621
    12.640000000     0.006054401     0.582542042     0.001086874
    12.650000000     0.005519657     0.584196068     0.000973155
    12.660000000     0.005011602     0.585841616     0.000868956
    12.670000000     0.004531650     0.587477218     0.000773763
    12.680000000     0.004080791     0.589101702     0.000687060
    12.690000000     0.003659602     0.590714154     0.000608332
    12.700000000     0.003268279     0.592313874     0.000537067
    12.710000000     0.002906663     0.593900340     0.000472762
    12.720000000     0.002574281     0.595473177     0.000414922
    12.730000000     0.002270380     0.597032136     0.000363067
    12.740000000     0.001993971     0.598577064     0.000316729
    12.750000000     0.001743868     0.600107892     0.000275459
    12.760000000     0.001518726     0.601624615     0.000238827
    12.770000000     0.001317086     0.603127283     0.000206423
    12.780000000     0.001137405     0.604615986     0.000177857
    12.790000000     0.000978094     0.606090848     0.000152763
    12.800000000     0.000837546     0.607552017     0.000130798
    12.810000000     0.000714163     0.608999663     0.000111641
    12.820000000     0.000606382     0.610433970     0.000094995
    12.830000000     0.000512689     0.611855132     0.000080584
    12.840000000     0.000431637     0.613263352     0.000068158
    12.850000000     0.000361861     0.614658837     0.000057485
    12.860000000     0.000302079     0.616041797     0.000048358
    12.870000000     0.000251105     0.617412444     0.000040585
    12.880000000     0.000207849     0.618770989     0.000033999
    12.890000000     0.000171315     0.620117640     0.000028445
    12.900000000     0.000140605     0.621452607     0.000023789
    12.910000000     0.000114911     0.622776093     0.000019911
    12.920000000     0.000093514     0.624088300     0.000016705
    12.930000000     0.000075780     0.625389426     0.000014078
    12.940000000     0.000061149     0.626679665     0.000011949
    12.950000000     0.000049134     0.627959205     0.000010249
    12.960000000     0.000039314     0.629228233     0.000008916
    12.970000000     0.000031323     0.630486928     0.000007898
    12.980000000     0.000024852     0.631735469     0.000007151
    12.990000000     0.000019635     0.632974025     0.000006636
    13.000000000     0.000015448     0.634202766     0.000006321
    13.010000000     0.000012103     0.635421855     0.000006177
    13.020000000     0.000009443     0.636631450     0.000006181
    13.030000000     0.000007337     0.637831707     0.000006314
    13.040000000     0.000005678     0.639022777     0.000006556
    13.050000000     0.000004376     0.640204805     0.000006893
    13.060000000     0.000003360     0.641377937     0.000007311
    13.070000000     0.000002570     0.642542309     0.000007799
    13.080000000     0.000001959     0.643698060     0.000008346
    13.090000000     0.000001488     0.644845319     0.000008941
    13.100000000     0.000001127     0.645984217     0.000009574
    13.110000000     0.000000851     0.647114878     0.000010237
    13.120000000     0.000000642     0.648237424     0.000010920
    13.130000000     0.000000484     0.649351975     0.000011614
    13.140000000     0.000000365     0.650458647     0.000012311
    13.150000000     0.000000276     0.651557552     0.000013002
    13.160000000     0.000000209     0.652648802     0.000013679
    13.170000000     0.000000160     0.653732503     0.000014333
    13.180000000     0.000000124     0.654808761     0.000014955
    13.190000000     0.000000098     0.655877677     0.000015539
    13.200000000     0.000000079     0.656939353     0.000016076
    13.210000000     0.000000065     0.657993886     0.000016559
    13.220000000     0.000000055     0.659041371     0.000016983
    13.230000000     0.000000047     0.660081901     0.000017341
    13.240000000     0.000000042     0.661115568     0.000017629
    13.250000000     0.000000039     0.662142460     0.000017842
    13.260000000     0.000000036     0.663162664     0.000017979
    13.270000000     0.000000034     0.664176266     0.000018036
    13.280000000     0.000000033     0.665183348     0.000018014
    13.290000000     0.000000031     0.666183992     0.000017912
    13.300000000     0.000000030     0.667178278     0.000017731
    13.310000000     0.000000029     0.668166284     0.000017475
    13.320000000     0.000000028     0.669148086     0.000017146
    13.330000000     0.000000028     0.670123758     0.000016748
    13.340000000     0.000000027     0.671093374     0.000016287
    13.350000000     0.000000026     0.672057005     0.000015769
    13.360000000     0.000000025     0.673014722     0.000015200
    13.370000000     0.000000024     0.673966593     0.000014586
    13.380000000     0.000000023     0.674912686     0.000013935
    13.390000000     0.000000021     0.675853066     0.000013253
    13.400000000     0.000000020     0.676787799     0.000012550
    13.410000000     0.000000019     0.677716948     0.000011831
    13.420000000     0.000000018     0.678640576     0.000011103
    13.430000000     0.000000017     0.679558743     0.000010375
    13.440000000     0.000000016     0.680471509     0.000009651
    13.450000000     0.000000014     0.681378934     0.000008937
    13.460000000     0.000000013     0.682281076     0.000008240
    13.470000000     0.000000012     0.683177990     0.000007564
    13.480000000     0.000000011     0.684069733     0.000006912
    13.490000000     0.000000010     0.684956359     0.000006288
    13.500000000     0.000000009     0.685837923     0.000005695
    13.510000000     0.000000008     0.686714477     0.000005136
    13.520000000     0.000000007     0.687586073     0.000004610
    13.530000000     0.000000007     0.688452762     0.000004121
    13.540000000     0.000000006     0.689314594     0.000003666
    13.550000000     0.000000005     0.690171618     0.000003248
    13.560000000     0.000000005     0.691023883     0.000002864
    13.570000000     0.000000004     0.691871437     0.000002515
    13.580000000     0.000000004     0.692714327     0.000002198
    13.590000000     0.000000003     0.693552597     0.000001913
    13.600000000     0.000000003     0.694386295     0.000001657
    13.610000000     0.000000002     0.695215465     0.000001429
    13.620000000     0.000000002     0.696040150     0.000001227
    13.630000000     0.000000002     0.696860393     0.000001049
    13.640000000     0.000000001     0.697676238     0.000000893
    13.650000000     0.000000001     0.698487726     0.000000757
    13.660000000     0.000000001     0.699294898     0.000000638
    13.670000000     0.000000001     0.700097795     0.000000536
    13.680000000     0.000000001     0.700896457     0.000000448
    13.690000000     0.000000001     0.701690923     0.000000373
    13.700000000     0.000000000     0.702481232     0.000000309
    13.710000000     0.000000000     0.703267422     0.000000255
    13.720000000     0.000000000     0.704049531     0.000000210
    13.730000000     0.000000000     0.704827596     0.000000171
    13.740000000     0.000000000     0.705601654     0.000000139
    13.750000000     0.000000000     0.706371740     0.000000113
    13.760000000     0.000000000     0.707137890     0.000000091
    13.770000000     0.000000000     0.707900139     0.000000073
    13.780000000     0.000000000     0.708658521     0.000000059
    13.790000000     0.000000000     0.709413071     0.000000047
    13.800000000     0.000000000     0.710163821     0.000000037
    13.810000000     0.000000000     0.710910806     0.000000029
    13.820000000     0.000000000     0.711654057     0.000000023
    13.830000000     0.000000000     0.712393607     0.000000018
    13.840000000     0.000000000     0.713129487     0.000000014
    13.850000000     0.000000000     0.713861729     0.000000011
    13.860000000     0.000000000     0.714590364     0.000000008
    13.870000000     0.000000000     0.715315421     0.000000006
    13.880000000     0.000000000     0.716036932     0.000000005
    13.890000000     0.000000000     0.716754926     0.000000004
    13.900000000     0.000000000     0.717469431     0.000000003
    13.910000000     0.000000000     0.718180477     0.000000002
    13.920000000     0.000000000     0.718888093     0.000000002
    13.930000000     0.000000000     0.719592306     0.000000001
    13.940000000     0.000000000     0.720293145     0.000000001
    13.950000000     0.000000000     0.720990636     0.000000001
    13.960000000     0.000000000     0.721684807     0.000000000
    13.970000000     0.000000000     0.722375684     0.000000000
    13.980000000     0.000000000     0.723063294     0.000000000
    13.990000000     0.000000000     0.723747664     0.000000000
    14.000000000     0.000000000     0.724428818     0.000000000
    14.010000000     0.000000000     0.725106782     0.000000000
    14.020000000     0.000000000     0.725781581     0.000000000
    14.030000000     0.000000000     0.726453240     0.000000000
    14.040000000     0.000000000     0.727121784     0.000000000
    14.050000000     0.000000000     0.727787237     0.000000000
    14.060000000     0.000000000     0.728449622     0.000000000
    14.070000000     0.000000000     0.729108964     0.000000000
    14.080000000     0.000000000     0.729765286     0.000000000
    14.090000000     0.000000000     0.730418610     0.000000000
    14.100000000     0.000000000     0.731068960     0.000000000
    14.110000000     0.000000000     0.731716357     0.000000000
    14.120000000     0.000000000     0.732360826     0.000000000
    14.130000000     0.000000000     0.733002387     0.000000000
    14.140000000     0.000000000     0.733641062     0.000000000
    14.150000000     0.000000000     0.734276872     0.000000000
    14.160000000     0.000000000     0.734909840     0.000000000
    14.170000000     0.000000000     0.735539986     0.000000000
    14.180000000     0.000000000     0.736167331     0.000000000
    14.190000000     0.000000000     0.736791895     0.000000000
    14.200000000     0.000000000     0.737413699     0.000000000
    14.210000000     0.000000000     0.738032763     0.000000000
    14.220000000     0.000000000     0.738649106     0.000000000
    14.230000000     0.000000000     0.739262749     0.000000000
    14.240000000     0.000000000     0.739873711     0.000000000
    14.250000000     0.000000000     0.740482011     0.000000000
    14.260000000     0.000000000     0.741087668     0.000000000
    14.270000000     0.000000000     0.741690701     0.000000000
    14.280000000     0.000000000     0.742291129     0.000000000
    14.290000000     0.000000000     0.742888970     0.000000000
    14.300000000     0.000000000     0.743484242     0.000000000
    14.310000000     0.000000000     0.744076964     0.000000000
    14.320000000     0.000000000     0.744667153     0.000000000
    14.330000000     0.000000000     0.745254826     0.000000000
    14.340000000     0.000000000     0.745840002     0.000000000
    14.350000000     0.000000000     0.746422697     0.000000000
    14.360000000     0.000000000     0.747002929     0.000000000
    14.370000000     0.000000000     0.747580715     0.000000000
    14.380000000     0.000000000     0.748156071     0.000000000
    14.390000000     0.000000000     0.748729015     0.000000000
    14.400000000     0.000000000     0.749299561     0.000000000
    14.410000000     0.000000000     0.749867727     0.000000000
    14.420000000     0.000000000     0.750433529     0.000000000
    14.430000000     0.000000000     0.750996983     0.000000000
    14.440000000     0.000000000     0.751558104     0.000000000
    14.450000000     0.000000000     0.752116909     0.000000000
    14.460000000     0.000000000     0.752673411     0.000000000
    14.470000000     0.000000000     0.753227628     0.000000000
    14.480000000     0.000000000     0.753779573     0.000000000
    14.490000000     0.000000000     0.754329263     0.000000000
    14.500000000     0.000000000     0.754876711     0.000000000
    14.510000000     0.000000000     0.755421933     0.000000000
    14.520000000     0.000000000     0.755964943     0.000000000
    14.530000000     0.000000000     0.756505755     0.000000000
    14.540000000     0.000000000     0.757044385     0.000000000
    14.550000000     0.000000000     0.757580845     0.000000000
    14.560000000     0.000000000     0.758115150     0.000000000
    14.570000000     0.000000000     0.758647314     0.000000000
    14.580000000     0.000000000     0.759177350     0.000000000
    14.590000000     0.000000000     0.759705273     0.000000000
    14.600000000     0.000000000     0.760231095     0.000000000
    14.610000000     0.000000000     0.760754831     0.000000000
    14.620000000     0.000000000     0.761276493     0.000000000
    14.630000000     0.000000000     0.761796094     0.000000000
    14.640000000     0.000000000     0.762313647     0.000000000
    14.650000000     0.000000000     0.762829166     0.000000000
    14.660000000     0.000000000     0.763342663     0.000000000
    14.670000000     0.000000000     0.763854150     0.000000000
    14.680000000     0.000000000     0.764363641     0.000000000
    14.690000000     0.000000000     0.764871147     0.000000000
    14.700000000     0.000000000     0.765376681     0.000000000
    14.710000000     0.000000000     0.765880255     0.000000000
    14.720000000     0.000000000     0.766381881     0.000000000
    14.730000000     0.000000000     0.766881571     0.000000000
    14.740000000     0.000000000     0.767379337     0.000000000
    14.750000000     0.000000000     0.767875190     0.000000000
    14.760000000     0.000000000     0.768369143     0.000000000
    14.770000000     0.000000000     0.768861207     0.000000000
    14.780000000     0.000000000     0.769351393     0.000000000
    14.790000000     0.000000000     0.769839713     0.000000000
    14.800000000     0.000000000     0.770326177     0.000000000
    14.810000000     0.000000000     0.770810798     0.000000000
    14.820000000     0.000000000     0.771293585     0.000000000
    14.830000000     0.000000000     0.771774551     0.000000000
    14.840000000     0.000000000     0.772253705     0.000000000
    14.850000000     0.000000000     0.772731059     0.000000000
    14.860000000     0.000000000     0.773206623     0.000000000
    14.870000000     0.000000000     0.773680408     0.000000000
    14.880000000     0.000000000     0.774152424     0.000000000
    14.890000000     0.000000000     0.774622682     0.000000000
    14.900000000     0.000000000     0.775091192     0.000000000
    14.910000000     0.000000000     0.775557964     0.000000000
    14.920000000     0.000000000     0.776023008     0.000000000
    14.930000000     0.000000000     0.776486335     0.000000000
    14.940000000     0.000000000     0.776947954     0.000000000
    14.950000000     0.000000000     0.777407875     0.000000000
    14.960000000     0.000000000     0.777866108     0.000000000
    14.970000000     0.000000000     0.778322663     0.000000000
    14.980000000     0.000000000     0.778777549     0.000000000
    14.990000000     0.000000000     0.779230776     0.000000000
    15.000000000     0.000000000     0.779682353     0.000000000
