     0.000000000     0.000000000     2.768253363     0.000000000
     0.010000000     0.000000000     2.768271089     0.000000000
     0.020000000     0.000000000     2.768324273     0.000000000
     0.030000000     0.000000000     2.768412932     0.000000000
     0.040000000     0.000000000     2.768537094     0.000000000
     0.050000000     0.000000000     2.768696798     0.000000000
     0.060000000     0.000000000     2.768892094     0.000000000
     0.070000000     0.000000000     2.769123044     0.000000000
     0.080000000     0.000000000     2.769389721     0.000000000
     0.090000000     0.000000000     2.769692209     0.000000000
     0.100000000     0.000000000     2.770030606     0.000000000
     0.110000000     0.000000000     2.770405017     0.000000000
     0.120000000     0.000000000     2.770815563     0.000000000
     0.130000000     0.000000000     2.771262375     0.000000000
     0.140000000     0.000000000     2.771745595     0.000000000
     0.150000000     0.000000000     2.772265379     0.000000000
     0.160000000     0.000000000     2.772821894     0.000000000
     0.170000000     0.000000000     2.773415319     0.000000000
     0.180000000     0.000000000     2.774045848     0.000000000
     0.190000000     0.000000000     2.774713685     0.000000000
     0.200000000     0.000000000     2.775419048     0.000000000
     0.210000000     0.000000000     2.776162167     0.000000000
     0.220000000     0.000000000     2.776943289     0.000000000
     0.230000000     0.000000000     2.777762670     0.000000000
     0.240000000     0.000000000     2.778620583     0.000000000
     0.250000000     0.000000000     2.779517313     0.000000000
     0.260000000     0.000000000     2.780453162     0.000000000
     0.270000000     0.000000000     2.781428444     0.000000000
     0.280000000     0.000000000     2.782443491     0.000000000
     0.290000000     0.000000000     2.783498647     0.000000000
     0.300000000     0.000000000     2.784594274     0.000000000
     0.310000000     0.000000000     2.785730751     0.000000000
     0.320000000     0.000000000     2.786908470     0.000000000
     0.330000000     0.000000000     2.788127844     0.000000000
     0.340000000     0.000000000     2.789389300     0.000000000
     0.350000000     0.000000000     2.790693286     0.000000000
     0.360000000     0.000000000     2.792040265     0.000000000
     0.370000000     0.000000000     2.793430721     0.000000000
     0.380000000     0.000000000     2.794865158     0.000000000
     0.390000000     0.000000000     2.796344096     0.000000000
     0.400000000     0.000000000     2.797868081     0.000000000
     0.410000000     0.000000000     2.799437676     0.000000000
     0.420000000     0.000000000     2.801053468     0.000000000
     0.430000000     0.000000000     2.802716064     0.000000000
     0.440000000     0.000000000     2.804426096     0.000000000
     0.450000000     0.000000000     2.806184220     0.000000000
     0.460000000     0.000000000     2.807991116     0.000000000
     0.470000000     0.000000000     2.809847490     0.000000000
     0.480000000     0.000000000     2.811754073     0.000000000
     0.490000000     0.000000000     2.813711624     0.000000000
     0.500000000     0.000000000     2.815720931     0.000000000
     0.510000000     0.000000000     2.817782810     0.000000000
     0.520000000     0.000000000     2.819898106     0.000000000
     0.530000000     0.000000000     2.822067698     0.000000000
     0.540000000     0.000000000     2.824292496     0.000000000
     0.550000000     0.000000000     2.826573443     0.000000000
     0.560000000     0.000000000     2.828911517     0.000000000
     0.570000000     0.000000000     2.831307733     0.000000000
     0.580000000     0.000000000     2.833763141     0.000000000
     0.590000000     0.000000000     2.836278833     0.000000000
     0.600000000     0.000000001     2.838855940     0.000000000
     0.610000000     0.000000001     2.841495633     0.000000000
     0.620000000     0.000000002     2.844199130     0.000000000
     0.630000000     0.000000003     2.846967691     0.000000000
     0.640000000     0.000000004     2.849802626     0.000000000
     0.650000000     0.000000006     2.852705292     0.000000000
     0.660000000     0.000000009     2.855677098     0.000000000
     0.670000000     0.000000014     2.858719505     0.000000000
     0.680000000     0.000000021     2.861834030     0.000000000
     0.690000000     0.000000031     2.865022249     0.000000000
     0.700000000     0.000000046     2.868285795     0.000000000
     0.710000000     0.000000068     2.871626366     0.000000000
     0.720000000     0.000000100     2.875045723     0.000000000
     0.730000000     0.000000147     2.878545698     0.000000000
     0.740000000     0.000000214     2.882128192     0.000000000
     0.750000000     0.000000311     2.885795179     0.000000000
     0.760000000     0.000000449     2.889548712     0.000000000
     0.770000000     0.000000645     2.893390924     0.000000000
     0.780000000     0.000000924     2.897324032     0.000000000
     0.790000000     0.000001318     2.901350342     0.000000000
     0.800000000     0.000001870     2.905472248     0.000000000
     0.810000000     0.000002643     2.909692245     0.000000000
     0.820000000     0.000003718     2.914012924     0.000000000
     0.830000000     0.000005207     2.918436982     0.000000000
     0.840000000     0.000007260     2.922967225     0.000000000
     0.850000000     0.000010078     2.927606572     0.000000000
     0.860000000     0.000013928     2.932358062     0.000000000
     0.870000000     0.000019163     2.937224859     0.000000000
     0.880000000     0.000026249     2.942210252     0.000000000
     0.890000000     0.000035795     2.947317672     0.000000000
     0.900000000     0.000048598     2.952550685     0.000000001
     0.910000000     0.000065687     2.957913007     0.000000001
     0.920000000     0.000088391     2.963408507     0.000000001
     0.930000000     0.000118416     2.969041212     0.000000002
     0.940000000     0.000157937     2.974815317     0.000000002
     0.950000000     0.000209714     2.980735187     0.000000003
     0.960000000     0.000277231     2.986805368     0.000000004
     0.970000000     0.000364860     2.993030590     0.000000005
     0.980000000     0.000478061     2.999415776     0.000000006
     0.990000000     0.000623608     3.005966045     0.000000008
     1.000000000     0.000809863     3.012686722     0.000000011
     1.010000000     0.001047087     3.019583341     0.000000014
     1.020000000     0.001347801     3.026661650     0.000000018
     1.030000000     0.001727193     3.033927616     0.000000023
     1.040000000     0.002203577     3.041387428     0.000000029
     1.050000000     0.002798904     3.049047495     0.000000038
     1.060000000     0.003539325     3.056914454     0.000000048
     1.070000000     0.004455801     3.064995158     0.000000061
     1.080000000     0.005584758     3.073296678     0.000000076
     1.090000000     0.006968777     3.081826292     0.000000096
     1.100000000     0.008657306     3.090591470     0.000000120
     1.110000000     0.010707381     3.099599858     0.000000150
     1.120000000     0.013184345     3.108859256     0.000000186
     1.130000000     0.016162521     3.118377578     0.000000230
     1.140000000     0.019725837     3.128162815     0.000000283
     1.150000000     0.023968350     3.138222981     0.000000347
     1.160000000     0.028994647     3.148566037     0.000000423
     1.170000000     0.034920078     3.159199812     0.000000515
     1.180000000     0.041870777     3.170131890     0.000000624
     1.190000000     0.049983437     3.181369472     0.000000754
     1.200000000     0.059404783     3.192919215     0.000000907
     1.210000000     0.070290710     3.204787016     0.000001087
     1.220000000     0.082805038     3.216977764     0.000001298
     1.230000000     0.097117865     3.229495023     0.000001545
     1.240000000     0.113403479     3.242340647     0.000001832
     1.250000000     0.131837810     3.255514312     0.000002165
     1.260000000     0.152595440     3.269012939     0.000002551
     1.270000000     0.175846161     3.282829996     0.000002995
     1.280000000     0.201751119     3.296954642     0.000003505
     1.290000000     0.230458588     3.311370688     0.000004090
     1.300000000     0.262099447     3.326055342     0.000004759
     1.310000000     0.296782440     3.340977680     0.000005521
     1.320000000     0.334589318     3.356096806     0.000006388
     1.330000000     0.375570005     3.371359638     0.000007371
     1.340000000     0.419737911     3.386698257     0.000008485
     1.350000000     0.467065544     3.402026745     0.000009744
     1.360000000     0.517480595     3.417237448     0.000011165
     1.370000000     0.570862641     3.432196607     0.000012767
     1.380000000     0.627040639     3.446739291     0.000014569
     1.390000000     0.685791355     3.460663646     0.000016596
     1.400000000     0.746838866     3.473724493     0.000018872
     1.410000000     0.809855252     3.485626444     0.000021427
     1.420000000     0.874462553     3.496016838     0.000024292
     1.430000000     0.940236050     3.504479055     0.000027503
     1.440000000     1.006708875     3.510527059     0.000031100
     1.450000000     1.073377923     3.513602485     0.000035127
     1.460000000     1.139710982     3.513076055     0.000039633
     1.470000000     1.205154967     3.508255711     0.000044674
     1.480000000     1.269145086     3.498404338     0.000050308
     1.490000000     1.331114735     3.482770190     0.000056602
     1.500000000     1.390505887     3.460632778     0.000063628
     1.510000000     1.446779692     3.431365677     0.000071464
     1.520000000     1.499427024     3.394514998     0.000080194
     1.530000000     1.547978661     3.349888078     0.000089910
     1.540000000     1.592014808     3.297641587     0.000100708
     1.550000000     1.631173696     3.238353048     0.000112692
     1.560000000     1.665158973     3.173056748     0.000125970
     1.570000000     1.693745690     3.103226725     0.000140655
     1.580000000     1.716784675     3.030697319     0.000156864
     1.590000000     1.734205176     2.957525065     0.000174718
     1.600000000     1.746015695     2.885810670     0.000194338
     1.610000000     1.752302977     2.817511089     0.000215848
     1.620000000     1.753229215     2.754274631     0.000239369
     1.630000000     1.749027538     2.697325300     0.000265022
     1.640000000     1.739995959     2.647409210     0.000292920
     1.650000000     1.726489958     2.604801119     0.000323174
     1.660000000     1.708913935     2.569357958     0.000355885
     1.670000000     1.687711813     2.540601162     0.000391147
     1.680000000     1.663357053     2.517810260     0.000429040
     1.690000000     1.636342392     2.500114463     0.000469633
     1.700000000     1.607169579     2.486574413     0.000512981
     1.710000000     1.576339398     2.476250950     0.000559123
     1.720000000     1.544342223     2.468260796     0.000608083
     1.730000000     1.511649349     2.461820234     0.000659867
     1.740000000     1.478705260     2.456277565     0.000714464
     1.750000000     1.445921014     2.451134052     0.000771847
     1.760000000     1.413668827     2.446051993     0.000831974
     1.770000000     1.382277930     2.440848300     0.000894787
     1.780000000     1.352031708     2.435473106     0.000960214
     1.790000000     1.323166100     2.429975289     0.001028175
     1.800000000     1.295869210     2.424459784     0.001098577
     1.810000000     1.270282010     2.419043787     0.001171327
     1.820000000     1.246500057     2.413819467     0.001246325
     1.830000000     1.224576046     2.408829071     0.001323475
     1.840000000     1.204523080     2.404055030     0.001402689
     1.850000000     1.186318488     2.399423998     0.001483884
     1.860000000     1.169908035     2.394820928     0.001566995
     1.870000000     1.155210377     2.390108030     0.001651974
     1.880000000     1.142121611     2.385143842     0.001738795
     1.890000000     1.130519804     2.379799017     0.001827457
     1.900000000     1.120269374     2.373967253     0.001917991
     1.910000000     1.111225236     2.367571271     0.002010458
     1.920000000     1.103236632     2.360564671     0.002104955
     1.930000000     1.096150591     2.352930849     0.002201614
     1.940000000     1.089814975     2.344680150     0.002300605
     1.950000000     1.084081084     2.335846333     0.002402134
     1.960000000     1.078805830     2.326483202     0.002506442
     1.970000000     1.073853462     2.316662001     0.002613806
     1.980000000     1.069096884     2.306469620     0.002724532
     1.990000000     1.064418578     2.296007134     0.002838954
     2.000000000     1.059711175     2.285387708     0.002957427
     2.010000000     1.054877719     2.274732863     0.003080323
     2.020000000     1.049831656     2.264166468     0.003208023
     2.030000000     1.044496615     2.253806507     0.003340912
     2.040000000     1.038806010     2.243755419     0.003479366
     2.050000000     1.032702513     2.234090363     0.003623749
     2.060000000     1.026137452     2.224855049     0.003774402
     2.070000000     1.019070157     2.216054691     0.003931632
     2.080000000     1.011467300     2.207655263     0.004095705
     2.090000000     1.003302250     2.199587551     0.004266839
     2.100000000     0.994554476     2.191755667     0.004445189
     2.110000000     0.985209005     2.184048848     0.004630845
     2.120000000     0.975255954     2.176354853     0.004823822
     2.130000000     0.964690138     2.168573105     0.005024053
     2.140000000     0.953510754     2.160625987     0.005231382
     2.150000000     0.941721138     2.152467211     0.005445561
     2.160000000     0.929328585     2.144086648     0.005666245
     2.170000000     0.916344217     2.135511505     0.005892993
     2.180000000     0.902782893     2.126804031     0.006125259
     2.190000000     0.888663128     2.118056234     0.006362400
     2.200000000     0.874007024     2.109382361     0.006603673
     2.210000000     0.858840183     2.100910029     0.006848240
     2.220000000     0.843191587     2.092770974     0.007095171
     2.230000000     0.827093445     2.085092244     0.007343449
     2.240000000     0.810580980     2.077988486     0.007591977
     2.250000000     0.793692165     2.071555709     0.007839585
     2.260000000     0.776467394     2.065866815     0.008085041
     2.270000000     0.758949091     2.060969050     0.008327058
     2.280000000     0.741181273     2.056883488     0.008564307
     2.290000000     0.723209055     2.053606476     0.008795426
     2.300000000     0.705078129     2.051112791     0.009019034
     2.310000000     0.686834208     2.049360055     0.009233742
     2.320000000     0.668522476     2.048293780     0.009438165
     2.330000000     0.650187038     2.047852442     0.009630939
     2.340000000     0.631870391     2.047972052     0.009810733
     2.350000000     0.613612947     2.048589884     0.009976258
     2.360000000     0.595452595     2.049647176     0.010126288
     2.370000000     0.577424342     2.051090806     0.010259667
     2.380000000     0.559560019     2.052874054     0.010375328
     2.390000000     0.541888082     2.054956716     0.010472299
     2.400000000     0.524433486     2.057304844     0.010549721
     2.410000000     0.507217657     2.059890433     0.010606857
     2.420000000     0.490258546     2.062691235     0.010643102
     2.430000000     0.473570763     2.065690759     0.010657993
     2.440000000     0.457165784     2.068878345     0.010651219
     2.450000000     0.441052222     2.072249115     0.010622624
     2.460000000     0.425236147     2.075803596     0.010572216
     2.470000000     0.409721447     2.079546914     0.010500169
     2.480000000     0.394510216     2.083487555     0.010406825
     2.490000000     0.379603149     2.087635866     0.010292691
     2.500000000     0.364999942     2.092002517     0.010158440
     2.510000000     0.350699675     2.096597186     0.010004905
     2.520000000     0.336701174     2.101427649     0.009833071
     2.530000000     0.323003336     2.106499345     0.009644065
     2.540000000     0.309605420     2.111815408     0.009439148
     2.550000000     0.296507281     2.117377048     0.009219696
     2.560000000     0.283709562     2.123184178     0.008987191
     2.570000000     0.271213829     2.129236164     0.008743199
     2.580000000     0.259022654     2.135532588     0.008489354
     2.590000000     0.247139643     2.142073921     0.008227337
     2.600000000     0.235569424     2.148861936     0.007958858
     2.610000000     0.224317581     2.155899712     0.007685634
     2.620000000     0.213390553     2.163191073     0.007409369
     2.630000000     0.202795504     2.170739465     0.007131737
     2.640000000     0.192540160     2.178546413     0.006854355
     2.650000000     0.182632625     2.186609918     0.006578776
     2.660000000     0.173081199     2.194923215     0.006306462
     2.670000000     0.163894166     2.203474215     0.006038778
     2.680000000     0.155079606     2.212245812     0.005776976
     2.690000000     0.146645197     2.221216943     0.005522183
     2.700000000     0.138598032     2.230364136     0.005275395
     2.710000000     0.130944457     2.239663204     0.005037475
     2.720000000     0.123689922     2.249090765     0.004809144
     2.730000000     0.116838855     2.258625381     0.004590985
     2.740000000     0.110394563     2.268248252     0.004383443
     2.750000000     0.104359153     2.277943470     0.004186831
     2.760000000     0.098733485     2.287697936     0.004001333
     2.770000000     0.093517142     2.297501036     0.003827016
     2.780000000     0.088708433     2.307344172     0.003663837
     2.790000000     0.084304412     2.317220231     0.003511654
     2.800000000     0.080300919     2.327123037     0.003370237
     2.810000000     0.076692639     2.337046823     0.003239283
     2.820000000     0.073473177     2.346985742     0.003118427
     2.830000000     0.070635142     2.356933434     0.003007254
     2.840000000     0.068170245     2.366882666     0.002905313
     2.850000000     0.066069392     2.376825086     0.002812133
     2.860000000     0.064322793     2.386751095     0.002727226
     2.870000000     0.062920058     2.396649877     0.002650108
     2.880000000     0.061850296     2.406509603     0.002580304
     2.890000000     0.061102205     2.416317812     0.002517359
     2.900000000     0.060664156     2.426061986     0.002460846
     2.910000000     0.060524268     2.435730309     0.002410372
     2.920000000     0.060670470     2.445312591     0.002365588
     2.930000000     0.061090554     2.454801311     0.002326190
     2.940000000     0.061772219     2.464192653     0.002291924
     2.950000000     0.062703105     2.473487389     0.002262590
     2.960000000     0.063870821     2.482691381     0.002238042
     2.970000000     0.065262962     2.491815496     0.002218188
     2.980000000     0.066867134     2.500874754     0.002202992
     2.990000000     0.068670965     2.509886715     0.002192471
     3.000000000     0.070662133     2.518869222     0.002186693
     3.010000000     0.072828388     2.527837864     0.002185773
     3.020000000     0.075157592     2.536803550     0.002189873
     3.030000000     0.077637765     2.545770606     0.002199195
     3.040000000     0.080257145     2.554735680     0.002213977
     3.050000000     0.083004262     2.563687549     0.002234490
     3.060000000     0.085868032     2.572607797     0.002261030
     3.070000000     0.088837857     2.581472234     0.002293918
     3.080000000     0.091903741     2.590252885     0.002333488
     3.090000000     0.095056424     2.598920421     0.002380087
     3.100000000     0.098287509     2.607446864     0.002434069
     3.110000000     0.101589602     2.615808432     0.002495788
     3.120000000     0.104956448     2.623988250     0.002565596
     3.130000000     0.108383052     2.631978665     0.002643834
     3.140000000     0.111865799     2.639782776     0.002730833
     3.150000000     0.115402541     2.647414913     0.002826908
     3.160000000     0.118992668     2.654899879     0.002932350
     3.170000000     0.122637144     2.662271038     0.003047429
     3.180000000     0.126338515     2.669567557     0.003172388
     3.190000000     0.130100872     2.676831254     0.003307439
     3.200000000     0.133929781     2.684103561     0.003452762
     3.210000000     0.137832176     2.691422947     0.003608503
     3.220000000     0.141816211     2.698822970     0.003774772
     3.230000000     0.145891083     2.706330936     0.003951642
     3.240000000     0.150066824     2.713967030     0.004139147
     3.250000000     0.154354073     2.721743818     0.004337284
     3.260000000     0.158763834     2.729666043     0.004546011
     3.270000000     0.163307226     2.737730709     0.004765249
     3.280000000     0.167995244     2.745927488     0.004994883
     3.290000000     0.172838520     2.754239422     0.005234764
     3.300000000     0.177847122     2.762643894     0.005484714
     3.310000000     0.183030372     2.771113771     0.005744524
     3.320000000     0.188396708     2.779618638     0.006013963
     3.330000000     0.193953588     2.788126039     0.006292781
     3.340000000     0.199707441     2.796602665     0.006580716
     3.350000000     0.205663670     2.805015457     0.006877496
     3.360000000     0.211826700     2.813332623     0.007182852
     3.370000000     0.218200078     2.821524558     0.007496518
     3.380000000     0.224786608     2.829564674     0.007818243
     3.390000000     0.231588519     2.837430144     0.008147798
     3.400000000     0.238607662     2.845102555     0.008484979
     3.410000000     0.245845707     2.852568473     0.008829619
     3.420000000     0.253304348     2.859819905     0.009181590
     3.430000000     0.260985486     2.866854663     0.009540811
     3.440000000     0.268891384     2.873676632     0.009907249
     3.450000000     0.277024776     2.880295897     0.010280923
     3.460000000     0.285388922     2.886728722     0.010661906
     3.470000000     0.293987592     2.892997248     0.011050318
     3.480000000     0.302824972     2.899128827     0.011446331
     3.490000000     0.311905490     2.905154852     0.011850157
     3.500000000     0.321233552     2.911109041     0.012262040
     3.510000000     0.330813196     2.917025241     0.012682252
     3.520000000     0.340647656     2.922934935     0.013111071
     3.530000000     0.350738867     2.928864780     0.013548774
     3.540000000     0.361086891     2.934834535     0.013995619
     3.550000000     0.371689315     2.940855694     0.014451824
     3.560000000     0.382540611     2.946930943     0.014917552
     3.570000000     0.393631498     2.953054381     0.015392890
     3.580000000     0.404948319     2.959212215     0.015877828
     3.590000000     0.416472467     2.965383565     0.016372246
     3.600000000     0.428179875     2.971541038     0.016875888
     3.610000000     0.440040610     2.977650895     0.017388352
     3.620000000     0.452018576     2.983672857     0.017909077
     3.630000000     0.464071360     2.989559747     0.018437328
     3.640000000     0.476150238     2.995257295     0.018972194
     3.650000000     0.488200342     3.000704349     0.019512583
     3.660000000     0.500161014     3.005833691     0.020057224
     3.670000000     0.511966334     3.010573483     0.020604673
     3.680000000     0.523545830     3.014849336     0.021153326
     3.690000000     0.534825354     3.018586947     0.021701431
     3.700000000     0.545728113     3.021715265     0.022247113
     3.710000000     0.556175835     3.024170163     0.022788398
     3.720000000     0.566090042     3.025898595     0.023323237
     3.730000000     0.575393404     3.026863088     0.023849547
     3.740000000     0.584011142     3.027046383     0.024365238
     3.750000000     0.591872443     3.026455880     0.024868256
     3.760000000     0.598911855     3.025127489     0.025356615
     3.770000000     0.605070628     3.023128488     0.025828442
     3.780000000     0.610297964     3.020558966     0.026282006
     3.790000000     0.614552147     3.017551501     0.026715761
     3.800000000     0.617801541     3.014268675     0.027128368
     3.810000000     0.620025409     3.010898047     0.027518733
     3.820000000     0.621214560     3.007644267     0.027886022
     3.830000000     0.621371805     3.004718348     0.028229679
     3.840000000     0.620512225     3.002324734     0.028549441
     3.850000000     0.618663238     3.000647604     0.028845334
     3.860000000     0.615864496     2.999838533     0.029117674
     3.870000000     0.612167608     3.000007788     0.029367055
     3.880000000     0.607635714     3.001220969     0.029594328
     3.890000000     0.602342929     3.003501526     0.029800577
     3.900000000     0.596373677     3.006838306     0.029987087
     3.910000000     0.589821942     3.011196126     0.030155302
     3.920000000     0.582790452     3.016526899     0.030306789
     3.930000000     0.575389827     3.022779070     0.030443186
     3.940000000     0.567737697     3.029903935     0.030566154
     3.950000000     0.559957803     3.037858513     0.030677329
     3.960000000     0.552179110     3.046605612     0.030778269
     3.970000000     0.544534908     3.056112323     0.030870408
     3.980000000     0.537161921     3.066348237     0.030955010
     3.990000000     0.530199420     3.077284369     0.031033130
     4.000000000     0.523788318     3.088893212     0.031105576
     4.010000000     0.518070251     3.101149847     0.031172887
     4.020000000     0.513186632     3.114033709     0.031235307
     4.030000000     0.509277653     3.127530460     0.031292778
     4.040000000     0.506481245     3.141633451     0.031344935
     4.050000000     0.504931974     3.156344331     0.031391116
     4.060000000     0.504759879     3.171672533     0.031430377
     4.070000000     0.506089246     3.187633532     0.031461515
     4.080000000     0.509037343     3.204245974     0.031483104
     4.090000000     0.513713114     3.221527980     0.031493533
     4.100000000     0.520215878     3.239493065     0.031491058
     4.110000000     0.528634047     3.258146134     0.031473847
     4.120000000     0.539043917     3.277479971     0.031440037
     4.130000000     0.551508568     3.297472426     0.031387796
     4.140000000     0.566076929     3.318084318     0.031315372
     4.150000000     0.582783048     3.339257882     0.031221156
     4.160000000     0.601645630     3.360915484     0.031103730
     4.170000000     0.622667887     3.382958325     0.030961918
     4.180000000     0.645837724     3.405264919     0.030794826
     4.190000000     0.671128314     3.427689288     0.030601879
     4.200000000     0.698499069     3.450058964     0.030382849
     4.210000000     0.727897009     3.472173038     0.030137871
     4.220000000     0.759258524     3.493800690     0.029867453
     4.230000000     0.792511496     3.514680768     0.029572480
     4.240000000     0.827577727     3.534523178     0.029254199
     4.250000000     0.864375632     3.553013047     0.028914208
     4.260000000     0.902823078     3.569818748     0.028554426
     4.270000000     0.942840318     3.584604944     0.028177063
     4.280000000     0.984352878     3.597051573     0.027784578
     4.290000000     1.027294309     3.606879105     0.027379643
     4.300000000     1.071608682     3.613879265     0.026965090
     4.310000000     1.117252706     3.617948733     0.026543865
     4.320000000     1.164197379     3.619121370     0.026118981
     4.330000000     1.212429071     3.617592709     0.025693469
     4.340000000     1.261949960     3.613729700     0.025270331
     4.350000000     1.312777778     3.608059735     0.024852499
     4.360000000     1.364944824     3.601236214     0.024442798
     4.370000000     1.418496247     3.593982870     0.024043911
     4.380000000     1.473487622     3.587024272     0.023658354
     4.390000000     1.529981869     3.581013450     0.023288452
     4.400000000     1.588045589     3.576468128     0.022936328
     4.410000000     1.647744922     3.573724374     0.022603890
     4.420000000     1.709141048     3.572911910     0.022292832
     4.430000000     1.772285456     3.573950607     0.022004634
     4.440000000     1.837215144     3.576564392     0.021740569
     4.450000000     1.903947873     3.580307428     0.021501716
     4.460000000     1.972477656     3.584597714     0.021288977
     4.470000000     2.042770580     3.588754415     0.021103088
     4.480000000     2.114761129     3.592036375     0.020944644
     4.490000000     2.188349086     3.593680082     0.020814118
     4.500000000     2.263397117     3.592935540     0.020711879
     4.510000000     2.339729093     3.589098408     0.020638211
     4.520000000     2.417129206     3.581536589     0.020593337
     4.530000000     2.495341874     3.569709724     0.020577428
     4.540000000     2.574072447     3.553180989     0.020590624
     4.550000000     2.652988672     3.531622236     0.020633040
     4.560000000     2.731722885     3.504815437     0.020704782
     4.570000000     2.809874865     3.472654655     0.020805951
     4.580000000     2.887015281     3.435152446     0.020936649
     4.590000000     2.962689664     3.392452136     0.021096980
     4.600000000     3.036422826     3.344843224     0.021287053
     4.610000000     3.107723654     3.292772707     0.021506979
     4.620000000     3.176090212     3.236842438     0.021756871
     4.630000000     3.241015089     3.177783315     0.022036836
     4.640000000     3.301990932     3.116401834     0.022346975
     4.650000000     3.358516122     3.053501983     0.022687374
     4.660000000     3.410100543     2.989793352     0.023058100
     4.670000000     3.456271404     2.925801802     0.023459195
     4.680000000     3.496579078     2.861800207     0.023890670
     4.690000000     3.530602900     2.797773442     0.024352495
     4.700000000     3.557956899     2.733425222     0.024844598
     4.710000000     3.578295379     2.668226807     0.025366855
     4.720000000     3.591318320     2.601500891     0.025919086
     4.730000000     3.596776479     2.532529257     0.026501046
     4.740000000     3.594476152     2.460670273     0.027112419
     4.750000000     3.584283461     2.385471629     0.027752813
     4.760000000     3.566128095     2.306764655     0.028421750
     4.770000000     3.540006375     2.224728698     0.029118662
     4.780000000     3.505983551     2.139917548     0.029842882
     4.790000000     3.464195233     2.053244422     0.030593637
     4.800000000     3.414847848     1.965927345     0.031370043
     4.810000000     3.358218072     1.879401948     0.032171093
     4.820000000     3.294651163     1.795212951     0.032995661
     4.830000000     3.224558182     1.714898114     0.033842487
     4.840000000     3.148412095     1.639878721     0.034710180
     4.850000000     3.066742785     1.571368826     0.035597215
     4.860000000     2.980131055     1.510311761     0.036501931
     4.870000000     2.889201692     1.457347661     0.037422536
     4.880000000     2.794615739     1.412810820     0.038357110
     4.890000000     2.697062119     1.376751683     0.039303614
     4.900000000     2.597248781     1.348975898     0.040259900
     4.910000000     2.495893561     1.329092361     0.041223725
     4.920000000     2.393714951     1.316563257     0.042192765
     4.930000000     2.291422982     1.310751060     0.043164640
     4.940000000     2.189710405     1.310959648     0.044136931
     4.950000000     2.089244360     1.316468468     0.045107208
     4.960000000     1.990658694     1.326559970     0.046073054
     4.970000000     1.894547061     1.340541158     0.047032097
     4.980000000     1.801456933     1.357760300     0.047982036
     4.990000000     1.711884580     1.377619653     0.048920674
     5.000000000     1.626271095     1.399584797     0.049845946
     5.010000000     1.544999459     1.423190812     0.050755947
     5.020000000     1.468392650     1.448045312     0.051648962
     5.030000000     1.396712756     1.473828228     0.052523492
     5.040000000     1.330161023     1.500288292     0.053378270
     5.050000000     1.268878757     1.527236364     0.054212286
     5.060000000     1.212949000     1.554536044     0.055024796
     5.070000000     1.162398853     1.582092316     0.055815337
     5.080000000     1.117202359     1.609839207     0.056583724
     5.090000000     1.077283828     1.637727534     0.057330052
     5.100000000     1.042521510     1.665713743     0.058054690
     5.110000000     1.012751519     1.693750554     0.058758263
     5.120000000     0.987771933     1.721779774     0.059441636
     5.130000000     0.967346999     1.749727221     0.060105886
     5.140000000     0.951211390     1.777499416     0.060752273
     5.150000000     0.939074470     1.804981528     0.061382207
     5.160000000     0.930624544     1.832036117     0.061997202
     5.170000000     0.925533074     1.858502449     0.062598837
     5.180000000     0.923458833     1.884196451     0.063188710
     5.190000000     0.924052021     1.908911707     0.063768389
     5.200000000     0.926958308     1.932422168     0.064339365
     5.210000000     0.931822816     1.954487327     0.064903005
     5.220000000     0.938294032     1.974860607     0.065460507
     5.230000000     0.946027629     1.993301409     0.066012855
     5.240000000     0.954690190     2.009590834     0.066560784
     5.250000000     0.963962793     2.023550391     0.067104744
     5.260000000     0.973544443     2.035062217     0.067644878
     5.270000000     0.983155291     2.044088481     0.068180997
     5.280000000     0.992539612     2.050687002     0.068712569
     5.290000000     1.001468482     2.055019879     0.069238720
     5.300000000     1.009742114     2.057352410     0.069758235
     5.310000000     1.017191795     2.058040869     0.070269570
     5.320000000     1.023681384     2.057509732     0.070770879
     5.330000000     1.029108338     2.056221242     0.071260041
     5.340000000     1.033404219     2.054642094     0.071734698
     5.350000000     1.036534689     2.053212815     0.072192303
     5.360000000     1.038498954     2.052324686     0.072630163
     5.370000000     1.039328697     2.052306928     0.073045503
     5.380000000     1.039086486     2.053424090     0.073435515
     5.390000000     1.037863725     2.055880936     0.073797427
     5.400000000     1.035778163     2.059830678     0.074128556
     5.410000000     1.032971041     2.065382438     0.074426372
     5.420000000     1.029603930     2.072605237     0.074688554
     5.430000000     1.025855342     2.081527915     0.074913043
     5.440000000     1.021917191     2.092136363     0.075098092
     5.450000000     1.017991179     2.104370504     0.075242306
     5.460000000     1.014285191     2.118123468     0.075344680
     5.470000000     1.011009775     2.133244482     0.075404628
     5.480000000     1.008374769     2.149545728     0.075421997
     5.490000000     1.006586141     2.166812390     0.075397084
     5.500000000     1.005843093     2.184814464     0.075330636
     5.510000000     1.006335455     2.203318929     0.075223844
     5.520000000     1.008241415     2.222101111     0.075078330
     5.530000000     1.011725576     2.240954501     0.074896120
     5.540000000     1.016937362     2.259698512     0.074679622
     5.550000000     1.024009747     2.278183811     0.074431588
     5.560000000     1.033058291     2.296294833     0.074155068
     5.570000000     1.044180468     2.313949190     0.073853372
     5.580000000     1.057455227     2.331093955     0.073530018
     5.590000000     1.072942766     2.347699284     0.073188682
     5.600000000     1.090684475     2.363750359     0.072833142
     5.610000000     1.110702994     2.379238928     0.072467232
     5.620000000     1.133002371     2.394155676     0.072094785
     5.630000000     1.157568252     2.408484178     0.071719586
     5.640000000     1.184368112     2.422196676     0.071345325
     5.650000000     1.213351466     2.435251472     0.070975549
     5.660000000     1.244450075     2.447591664     0.070613628
     5.670000000     1.277578124     2.459145038     0.070262714
     5.680000000     1.312632371     2.469825100     0.069925716
     5.690000000     1.349492296     2.479533190     0.069605270
     5.700000000     1.388020235     2.488161449     0.069303725
     5.710000000     1.428061557     2.495596192     0.069023124
     5.720000000     1.469444883     2.501721178     0.068765203
     5.730000000     1.511982393     2.506420391     0.068531382
     5.740000000     1.555470257     2.509580239     0.068322775
     5.750000000     1.599689217     2.511091293     0.068140195
     5.760000000     1.644405353     2.510849822     0.067984170
     5.770000000     1.689371075     2.508759263     0.067854962
     5.780000000     1.734326346     2.504731625     0.067752588
     5.790000000     1.779000175     2.498688678     0.067676851
     5.800000000     1.823112382     2.490562751     0.067627364
     5.810000000     1.866375641     2.480297103     0.067603587
     5.820000000     1.908497790     2.467845985     0.067604858
     5.830000000     1.949184408     2.453174670     0.067630429
     5.840000000     1.988141620     2.436259834     0.067679501
     5.850000000     2.025079101     2.417090613     0.067751259
     5.860000000     2.059713246     2.395670575     0.067844908
     5.870000000     2.091770442     2.372020627     0.067959699
     5.880000000     2.120990404     2.346182758     0.068094968
     5.890000000     2.147129501     2.318224443     0.068250152
     5.900000000     2.169964010     2.288243603     0.068424821
     5.910000000     2.189293243     2.256374125     0.068618692
     5.920000000     2.204942477     2.222791856     0.068831645
     5.930000000     2.216765618     2.187720604     0.069063733
     5.940000000     2.224647554     2.151437042     0.069315184
     5.950000000     2.228506139     2.114272732     0.069586407
     5.960000000     2.228293762     2.076611164     0.069877980
     5.970000000     2.223998470     2.038878107     0.070190645
     5.980000000     2.215644614     2.001524737     0.070525290
     5.990000000     2.203293007     1.965004777     0.070882932
     6.000000000     2.187040586     1.929748679     0.071264695
     6.010000000     2.167019588     1.896139076     0.071671783
     6.020000000     2.143396248     1.864491851     0.072105452
     6.030000000     2.116369055     1.835046103     0.072566981
     6.040000000     2.086166586     1.807964277     0.073057641
     6.050000000     2.053044982     1.783341488     0.073578658
     6.060000000     2.017285084     1.761221202     0.074131192
     6.070000000     1.979189313     1.741613455     0.074716295
     6.080000000     1.939078321     1.724511839     0.075334893
     6.090000000     1.897287489     1.709906370     0.075987752
     6.100000000     1.854163316     1.697790740     0.076675461
     6.110000000     1.810059762     1.688163876     0.077398409
     6.120000000     1.765334593     1.681026875     0.078156772
     6.130000000     1.720345769     1.676377004     0.078950502
     6.140000000     1.675447929     1.674200596     0.079779317
     6.150000000     1.630989004     1.674466367     0.080642705
     6.160000000     1.587306988     1.677120201     0.081539924
     6.170000000     1.544726897     1.682081954     0.082470010
     6.180000000     1.503557929     1.689244451     0.083431786
     6.190000000     1.464090848     1.698474612     0.084423885
     6.200000000     1.426595599     1.709616536     0.085444763
     6.210000000     1.391319155     1.722496189     0.086492721
     6.220000000     1.358483602     1.736927176     0.087565936
     6.230000000     1.328284476     1.752716869     0.088662479
     6.240000000     1.300889324     1.769672022     0.089780350
     6.250000000     1.276436516     1.787603096     0.090917500
     6.260000000     1.255034291     1.806326762     0.092071860
     6.270000000     1.236760048     1.825666510     0.093241369
     6.280000000     1.221659874     1.845451743     0.094423994
     6.290000000     1.209748327     1.865516089     0.095617754
     6.300000000     1.201008466     1.885695760     0.096820737
     6.310000000     1.195392148     1.905828598     0.098031114
     6.320000000     1.192820593     1.925754084     0.099247153
     6.330000000     1.193185235     1.945314203     0.100467220
     6.340000000     1.196348858     1.964354710     0.101689785
     6.350000000     1.202147037     1.982726254     0.102913419
     6.360000000     1.210389881     2.000284914     0.104136786
     6.370000000     1.220864087     2.016891912     0.105358633
     6.380000000     1.233335289     2.032412581     0.106577780
     6.390000000     1.247550718     2.046714839     0.107793098
     6.400000000     1.263242128     2.059667558     0.109003494
     6.410000000     1.280128980     2.071139191     0.110207893
     6.420000000     1.297921857     2.080997030     0.111405215
     6.430000000     1.316326045     2.089107448     0.112594357
     6.440000000     1.335045264     2.095337632     0.113774174
     6.450000000     1.353785455     2.099559374     0.114943465
     6.460000000     1.372258592     2.101655534     0.116100959
     6.470000000     1.390186428     2.101529515     0.117245308
     6.480000000     1.407304113     2.099117586     0.118375079
     6.490000000     1.423363603     2.094403188     0.119488758
     6.500000000     1.438136798     2.087431625     0.120584755
     6.510000000     1.451418331     2.078323085     0.121661411
     6.520000000     1.463027951     2.067281783     0.122717017
     6.530000000     1.472812440     2.054599268     0.123749832
     6.540000000     1.480647032     2.040650453     0.124758110
     6.550000000     1.486436295     2.025881670     0.125740121
     6.560000000     1.490114461     2.010790898     0.126694189
     6.570000000     1.491645206     1.995901335     0.127618717
     6.580000000     1.491020898     1.981730415     0.128512222
     6.590000000     1.488261329     1.968757292     0.129373364
     6.600000000     1.483411990     1.957392241     0.130200975
     6.610000000     1.476541936     1.947951407     0.130994087
     6.620000000     1.467741315     1.940639689     0.131751952
     6.630000000     1.457118623     1.935543473     0.132474058
     6.640000000     1.444797785     1.932633649     0.133160139
     6.650000000     1.430915123     1.931778154     0.133810186
     6.660000000     1.415616319     1.932762299     0.134424435
     6.670000000     1.399053425     1.935314535     0.135003366
     6.680000000     1.381382018     1.939135064     0.135547682
     6.690000000     1.362758543     1.943924599     0.136058292
     6.700000000     1.343337922     1.949410777     0.136536276
     6.710000000     1.323271446     1.955369895     0.136982859
     6.720000000     1.302705002     1.961642040     0.137399372
     6.730000000     1.281777638     1.968138238     0.137787212
     6.740000000     1.260620479     1.974839080     0.138147797
     6.750000000     1.239355974     1.981785374     0.138482534
     6.760000000     1.218097479     1.989062556     0.138792770
     6.770000000     1.196949118     1.996781579     0.139079756
     6.780000000     1.176005911     2.005059562     0.139344616
     6.790000000     1.155354120     2.014003278     0.139588315
     6.800000000     1.135071771     2.023697720     0.139811631
     6.810000000     1.115229307     2.034200660     0.140015145
     6.820000000     1.095890330     2.045542742     0.140199225
     6.830000000     1.077112398     2.057731569     0.140364021
     6.840000000     1.058947823     2.070757815     0.140509474
     6.850000000     1.041444466     2.084601482     0.140635322
     6.860000000     1.024646477     2.099237025     0.140741122
     6.870000000     1.008594979     2.114636789     0.140826267
     6.880000000     0.993328680     2.130772844     0.140890025
     6.890000000     0.978884397     2.147617663     0.140931562
     6.900000000     0.965297510     2.165144154     0.140949989
     6.910000000     0.952602328     2.183325408     0.140944395
     6.920000000     0.940832395     2.202134329     0.140913887
     6.930000000     0.930020727     2.221543154     0.140857637
     6.940000000     0.920200010     2.241522848     0.140774914
     6.950000000     0.911402760     2.262042420     0.140665124
     6.960000000     0.903661455     2.283068286     0.140527842
     6.970000000     0.897008662     2.304563904     0.140362844
     6.980000000     0.891477158     2.326489835     0.140170126
     6.990000000     0.887100048     2.348804344     0.139949926
     7.000000000     0.883910898     2.371464451     0.139702736
     7.010000000     0.881943865     2.394427256     0.139429305
     7.020000000     0.881233835     2.417651258     0.139130645
     7.030000000     0.881816559     2.441097453     0.138808019
     7.040000000     0.883728774     2.464730088     0.138462933
     7.050000000     0.887008311     2.488517146     0.138097117
     7.060000000     0.891694164     2.512430713     0.137712506
     7.070000000     0.897826527     2.536447439     0.137311212
     7.080000000     0.905446762     2.560549187     0.136895497
     7.090000000     0.914597318     2.584723787     0.136467743
     7.100000000     0.925321567     2.608965611     0.136030420
     7.110000000     0.937663556     2.633275601     0.135586052
     7.120000000     0.951667682     2.657660393     0.135137190
     7.130000000     0.967378270     2.682130389     0.134686376
     7.140000000     0.984839065     2.706696868     0.134236120
     7.150000000     1.004092645     2.731368513     0.133788872
     7.160000000     1.025179745     2.756147833     0.133347001
     7.170000000     1.048138530     2.781027953     0.132912776
     7.180000000     1.073003798     2.805990085     0.132488352
     7.190000000     1.099806148     2.831001738     0.132075763
     7.200000000     1.128571125     2.856015569     0.131676910
     7.210000000     1.159318351     2.880968659     0.131293565
     7.220000000     1.192060670     2.905782106     0.130927372
     7.230000000     1.226803311     2.930360923     0.130579849
     7.240000000     1.263543104     2.954594408     0.130252400
     7.250000000     1.302267743     2.978357238     0.129946326
     7.260000000     1.342955127     3.001511577     0.129662836
     7.270000000     1.385572784     3.023910389     0.129403059
     7.280000000     1.430077388     3.045402049     0.129168064
     7.290000000     1.476414379     3.065836083     0.128958868
     7.300000000     1.524517694     3.085069673     0.128776449
     7.310000000     1.574309614     3.102974301     0.128621763
     7.320000000     1.625700728     3.119441767     0.128495746
     7.330000000     1.678590017     3.134388778     0.128399324
     7.340000000     1.732865070     3.147759491     0.128333415
     7.350000000     1.788402412     3.159525617     0.128298931
     7.360000000     1.845067967     3.169684087     0.128296774
     7.370000000     1.902717644     3.178252525     0.128327826
     7.380000000     1.961198047     3.185263027     0.128392945
     7.390000000     2.020347310     3.190754800     0.128492946
     7.400000000     2.079996063     3.194766249     0.128628592
     7.410000000     2.139968517     3.197327188     0.128800571
     7.420000000     2.200083667     3.198451919     0.129009479
     7.430000000     2.260156625     3.198134076     0.129255800
     7.440000000     2.320000051     3.196344159     0.129539886
     7.450000000     2.379425700     3.193030479     0.129861939
     7.460000000     2.438246057     3.188123749     0.130221989
     7.470000000     2.496276063     3.181544898     0.130619880
     7.480000000     2.553334901     3.173214965     0.131055258
     7.490000000     2.609247835     3.163065502     0.131527559
     7.500000000     2.663848078     3.151047881     0.132036004
     7.510000000     2.716978672     3.137140420     0.132579597
     7.520000000     2.768494341     3.121353046     0.133157127
     7.530000000     2.818263308     3.103730113     0.133767178
     7.540000000     2.866169045     3.084352497     0.134408141
     7.550000000     2.912111916     3.063339988     0.135078231
     7.560000000     2.956010715     3.040854187     0.135775510
     7.570000000     2.997804042     3.017101005     0.136497913
     7.580000000     3.037451523     2.992330852     0.137243277
     7.590000000     3.074934836     2.966834281     0.138009377
     7.600000000     3.110258526     2.940931532     0.138793957
     7.610000000     3.143450603     2.914955827     0.139594771
     7.620000000     3.174562900     2.889232080     0.140409617
     7.630000000     3.203671177     2.864054012     0.141236374
     7.640000000     3.230874973     2.839663227     0.142073039
     7.650000000     3.256297187     2.816233389     0.142917758
     7.660000000     3.280083381     2.793861592     0.143768859
     7.670000000     3.302400804     2.772567800     0.144624873
     7.680000000     3.323437124     2.752302161     0.145484563
     7.690000000     3.343398873     2.732959289     0.146346933
     7.700000000     3.362509587     2.714398009     0.147211244
     7.710000000     3.381007650     2.696464617     0.148077017
     7.720000000     3.399143837     2.679017175     0.148944034
     7.730000000     3.417178561     2.661947990     0.149812329
     7.740000000     3.435378834     2.645201323     0.150682177
     7.750000000     3.454014948     2.628783806     0.151554075
     7.760000000     3.473356916     2.612765976     0.152428719
     7.770000000     3.493670679     2.597274671     0.153306978
     7.780000000     3.515214148     2.582477397     0.154189858
     7.790000000     3.538233103     2.568560943     0.155078473
     7.800000000     3.562957039     2.555707124     0.155974000
     7.810000000     3.589595009     2.544068726     0.156877646
     7.820000000     3.618331564     2.533748342     0.157790604
     7.830000000     3.649322872     2.524782172     0.158714012
     7.840000000     3.682693118     2.517129883     0.159648914
     7.850000000     3.718531281     2.510670629     0.160596221
     7.860000000     3.756888403     2.505204325     0.161556671
     7.870000000     3.797775428     2.500456695     0.162530797
     7.880000000     3.841161725     2.496086418     0.163518895
     7.890000000     3.886974356     2.491693059     0.164520990
     7.900000000     3.935098157     2.486825143     0.165536822
     7.910000000     3.985376689     2.480988417     0.166565813
     7.920000000     4.037614057     2.473654979     0.167607064
     7.930000000     4.091577616     2.464274218     0.168659335
     7.940000000     4.147001514     2.452286542     0.169721043
     7.950000000     4.203591032     2.437140589     0.170790263
     7.960000000     4.261027617     2.418314095     0.171864732
     7.970000000     4.318974507     2.395337976     0.172941860
     7.980000000     4.377082820     2.367822495     0.174018747
     7.990000000     4.434997933     2.335483888     0.175092202
     8.000000000     4.492366008     2.298169395     0.176158777
     8.010000000     4.548840472     2.255878417     0.177214793
     8.020000000     4.604088279     2.208777412     0.178256379
     8.030000000     4.657795781     2.157206068     0.179279518
     8.040000000     4.709674030     2.101672459     0.180280087
     8.050000000     4.759463384     2.042835312     0.181253914
     8.060000000     4.806937262     1.981472504     0.182196822
     8.070000000     4.851904968     1.918436572     0.183104692
     8.080000000     4.894213500     1.854600163     0.183973514
     8.090000000     4.933748308     1.790796596     0.184799444
     8.100000000     4.970432996     1.727762411     0.185578859
     8.110000000     5.004227998     1.666089300     0.186308412
     8.120000000     5.035128279     1.606191823     0.186985082
     8.130000000     5.063160180     1.548295006     0.187606219
     8.140000000     5.088377488     1.492442730     0.188169585
     8.150000000     5.110856904     1.438524536     0.188673390
     8.160000000     5.130693062     1.386315742     0.189116322
     8.170000000     5.147993247     1.335524052     0.189497561
     8.180000000     5.162872030     1.285835322     0.189816796
     8.190000000     5.175445946     1.236951873     0.190074224
     8.200000000     5.185828432     1.188618525     0.190270546
     8.210000000     5.194125142     1.140634068     0.190406946
     8.220000000     5.200429805     1.092848766     0.190485073
     8.230000000     5.204820733     1.045151032     0.190507001
     8.240000000     5.207358076     0.997448046     0.190475193
     8.250000000     5.208081892     0.949645591     0.190392449
     8.260000000     5.207011066     0.901631687     0.190261855
     8.270000000     5.204143099     0.853267189     0.190086725
     8.280000000     5.199454741     0.804384793     0.189870541
     8.290000000     5.192903427     0.754796353     0.189616889
     8.300000000     5.184429452     0.704307078     0.189329399
     8.310000000     5.173958788     0.652734328     0.189011689
     8.320000000     5.161406453     0.599928159     0.188667301
     8.330000000     5.146680294     0.545790711     0.188299660
     8.340000000     5.129685071     0.490291844     0.187912021
     8.350000000     5.110326702     0.433479218     0.187507438
     8.360000000     5.088516537     0.375482020     0.187088732
     8.370000000     5.064175532     0.316508560     0.186658470
     8.380000000     5.037238199     0.256838645     0.186218957
     8.390000000     5.007656219     0.196811843     0.185772232
     8.400000000     4.975401627     0.136812557     0.185320077
     8.410000000     4.940469471     0.077252564     0.184864029
     8.420000000     4.902879897     0.018551627     0.184405406
     8.430000000     4.862679602    -0.038882751     0.183945336
     8.440000000     4.819942630    -0.094674717     0.183484790
     8.450000000     4.774770498    -0.148496327     0.183024621
     8.460000000     4.727291668    -0.200078466     0.182565606
     8.470000000     4.677660382    -0.249215112     0.182108484
     8.480000000     4.626054903    -0.295761105     0.181654001
     8.490000000     4.572675221    -0.339625133     0.181202947
     8.500000000     4.517740269    -0.380760762     0.180756186
     8.510000000     4.461484751    -0.419158377     0.180314696
     8.520000000     4.404155634    -0.454840104     0.179879582
     8.530000000     4.346008402    -0.487858159     0.179452102
     8.540000000     4.287303153    -0.518295475     0.179033677
     8.550000000     4.228300623    -0.546266268     0.178625888
     8.560000000     4.169258227    -0.571914006     0.178230481
     8.570000000     4.110426182    -0.595404928     0.177849349
     8.580000000     4.052043805    -0.616916802     0.177484518
     8.590000000     3.994336042    -0.636624319     0.177138125
     8.600000000     3.937510299    -0.654684009     0.176812385
     8.610000000     3.881753620    -0.671222268     0.176509565
     8.620000000     3.827230276    -0.686329761     0.176231943
     8.630000000     3.774079782    -0.700064148     0.175981777
     8.640000000     3.722415403    -0.712461129     0.175761263
     8.650000000     3.672323133    -0.723551770     0.175572502
     8.660000000     3.623861202    -0.733382508     0.175417465
     8.670000000     3.577060077    -0.742033656     0.175297960
     8.680000000     3.531922986    -0.749632652     0.175215604
     8.690000000     3.488426921    -0.756359625     0.175171798
     8.700000000     3.446524122    -0.762444569     0.175167712
     8.710000000     3.406143997    -0.768157008     0.175204264
     8.720000000     3.367195437    -0.773790226     0.175282118
     8.730000000     3.329569487    -0.779642589     0.175401676
     8.740000000     3.293142303    -0.785998396     0.175563079
     8.750000000     3.257778345    -0.793110177     0.175766219
     8.760000000     3.223333729    -0.801183749     0.176010742
     8.770000000     3.189659669    -0.810366721     0.176296070
     8.780000000     3.156605929    -0.820740791     0.176621412
     8.790000000     3.124024220    -0.832317920     0.176985790
     8.800000000     3.091771444    -0.845040304     0.177388058
     8.810000000     3.059712743    -0.858783916     0.177826927
     8.820000000     3.027724264    -0.873365224     0.178300989
     8.830000000     2.995695578    -0.888550548     0.178808743
     8.840000000     2.963531724    -0.904067512     0.179348613
     8.850000000     2.931154815    -0.919618085     0.179918977
     8.860000000     2.898505182    -0.934892800     0.180518185
     8.870000000     2.865542052    -0.949585742     0.181144575
     8.880000000     2.832243738    -0.963409743     0.181796495
     8.890000000     2.798607363    -0.976110969     0.182472313
     8.900000000     2.764648140    -0.987481789     0.183170429
     8.910000000     2.730398234    -0.997370694     0.183889283
     8.920000000     2.695905259    -1.005688089     0.184627360
     8.930000000     2.661230458    -1.012407232     0.185383195
     8.940000000     2.626446634    -1.017560119     0.186155370
     8.950000000     2.591635887    -1.021228865     0.186942511
     8.960000000     2.556887231    -1.023533691     0.187743283
     8.970000000     2.522294165    -1.024619091     0.188556387
     8.980000000     2.487952253    -1.024639939     0.189380542
     8.990000000     2.453956780    -1.023749223     0.190214483
     9.000000000     2.420400547    -1.022088761     0.191056942
     9.010000000     2.387371845    -1.019783698     0.191906640
     9.020000000     2.354952659    -1.016940887     0.192762274
     9.030000000     2.323217122    -1.013650544     0.193622501
     9.040000000     2.292230254    -1.009990049     0.194485932
     9.050000000     2.262046987    -1.006028538     0.195351116
     9.060000000     2.232711494    -1.001831037     0.196216534
     9.070000000     2.204256791    -0.997461264     0.197080594
     9.080000000     2.176704632    -0.992982737     0.197941622
     9.090000000     2.150065647    -0.988458301     0.198797868
     9.100000000     2.124339714    -0.983948453     0.199647502
     9.110000000     2.099516529    -0.979509036     0.200488621
     9.120000000     2.075576344    -0.975188764     0.201319260
     9.130000000     2.052490838    -0.971026969     0.202137399
     9.140000000     2.030224086    -0.967051806     0.202940982
     9.150000000     2.008733595    -0.963279079     0.203727935
     9.160000000     1.987971373    -0.959711821     0.204496180
     9.170000000     1.967885013    -0.956340740     0.205243663
     9.180000000     1.948418750    -0.953145592     0.205968374
     9.190000000     1.929514487    -0.950097460     0.206668372
     9.200000000     1.911112770    -0.947161802     0.207341806
     9.210000000     1.893153689    -0.944302025     0.207986938
     9.220000000     1.875577712    -0.941483295     0.208602165
     9.230000000     1.858326439    -0.938676243     0.209186037
     9.240000000     1.841343273    -0.935860229     0.209737268
     9.250000000     1.824574010    -0.933025781     0.210254753
     9.260000000     1.807967362    -0.930175802     0.210737570
     9.270000000     1.791475399    -0.927325227     0.211184987
     9.280000000     1.775053927    -0.924498896     0.211596456
     9.290000000     1.758662815    -0.921727723     0.211971607
     9.300000000     1.742266263    -0.919043546     0.212310236
     9.310000000     1.725833020    -0.916473353     0.212612288
     9.320000000     1.709336571    -0.914033753     0.212877837
     9.330000000     1.692755283    -0.911726587     0.213107060
     9.340000000     1.676072515    -0.909536364     0.213300211
     9.350000000     1.659276702    -0.907429950     0.213457591
     9.360000000     1.642361409    -0.905358508     0.213579514
     9.370000000     1.625325358    -0.903261423     0.213666280
     9.380000000     1.608172417    -0.901071601     0.213718139
     9.390000000     1.590911569    -0.898721396     0.213735267
     9.400000000     1.573556838    -0.896148369     0.213717729
     9.410000000     1.556127182    -0.893300111     0.213665466
     9.420000000     1.538646347    -0.890137533     0.213578266
     9.430000000     1.521142672    -0.886636290     0.213455751
     9.440000000     1.503648850    -0.882786246     0.213297367
     9.450000000     1.486201642    -0.878589246     0.213102381
     9.460000000     1.468841526    -0.874055680     0.212869877
     9.470000000     1.451612307    -0.869200506     0.212598772
     9.480000000     1.434560652    -0.864039456     0.212287821
     9.490000000     1.417735579    -0.858586015     0.211935644
     9.500000000     1.401187883    -0.852849573     0.211540750
     9.510000000     1.384969504    -0.846834831     0.211101567
     9.520000000     1.369132849    -0.840542313     0.210616483
     9.530000000     1.353730060    -0.833969644     0.210083879
     9.540000000     1.338812241    -0.827113198     0.209502180
     9.550000000     1.324428652    -0.819969764     0.208869897
     9.560000000     1.310625883    -0.812537990     0.208185676
     9.570000000     1.297447012    -0.804819496     0.207448343
     9.580000000     1.284930772    -0.796819654     0.206656954
     9.590000000     1.273110737    -0.788548103     0.205810837
     9.600000000     1.262014536    -0.780019147     0.204909630
     9.610000000     1.251663138    -0.771252162     0.203953325
     9.620000000     1.242070195    -0.762272190     0.202942290
     9.630000000     1.233241495    -0.753110796     0.201877300
     9.640000000     1.225174515    -0.743807209     0.200759555
     9.650000000     1.217858113    -0.734409591     0.199590683
     9.660000000     1.211272367    -0.724976176     0.198372751
     9.670000000     1.205388574    -0.715575918     0.197108249
     9.680000000     1.200169417    -0.706288303     0.195800083
     9.690000000     1.195569324    -0.697202090     0.194451545
     9.700000000     1.191534992    -0.688412945     0.193066287
     9.710000000     1.188006101    -0.680020111     0.191648277
     9.720000000     1.184916195    -0.672122427     0.190201758
     9.730000000     1.182193720    -0.664814101     0.188731195
     9.740000000     1.179763206    -0.658180610     0.187241217
     9.750000000     1.177546561    -0.652295037     0.185736564
     9.760000000     1.175464455    -0.647215035     0.184222021
     9.770000000     1.173437760    -0.642980421     0.182702358
     9.780000000     1.171389018    -0.639611343     0.181182272
     9.790000000     1.169243886    -0.637106853     0.179666323
     9.800000000     1.166932536    -0.635443748     0.178158883
     9.810000000     1.164390966    -0.634575645     0.176664084
     9.820000000     1.161562180    -0.634432381     0.175185772
     9.830000000     1.158397227    -0.634919965     0.173727469
     9.840000000     1.154856037    -0.635921444     0.172292337
     9.850000000     1.150908062    -0.637299033     0.170883161
     9.860000000     1.146532692    -0.638897899     0.169502326
     9.870000000     1.141719425    -0.640551794     0.168151810
     9.880000000     1.136467810    -0.642090558     0.166833184
     9.890000000     1.130787145    -0.643349126     0.165547615
     9.900000000     1.124695956    -0.644177311     0.164295881
     9.910000000     1.118221264    -0.644449290     0.163078390
     9.920000000     1.111397669    -0.644071615     0.161895205
     9.930000000     1.104266278    -0.642988662     0.160746068
     9.940000000     1.096873510    -0.641184814     0.159630439
     9.950000000     1.089269810    -0.638683080     0.158547527
     9.960000000     1.081508318    -0.635540402     0.157496327
     9.970000000     1.073643518    -0.631840264     0.156475659
     9.980000000     1.065729921    -0.627683601     0.155484205
     9.990000000     1.057820794    -0.623179192     0.154520546
    10.000000000     1.049966992    -0.618434765     0.153583196
    10.010000000     1.042215897    -0.613549853     0.152670639
    10.020000000     1.034610506    -0.608611064     0.151781356
    10.030000000     1.027188670    -0.603689959     0.150913857
    10.040000000     1.019982503    -0.598843211     0.150066704
    10.050000000     1.013017968    -0.594114394     0.149238536
    10.060000000     1.006314631    -0.589536614     0.148428085
    10.070000000     0.999885591    -0.585135236     0.147634195
    10.080000000     0.993737558    -0.580930195     0.146855832
    10.090000000     0.987871090    -0.576937588     0.146092100
    10.100000000     0.982280937    -0.573170525     0.145342242
    10.110000000     0.976956510    -0.569639318     0.144605649
    10.120000000     0.971882422    -0.566351215     0.143881864
    10.130000000     0.967039100    -0.563309883     0.143170577
    10.140000000     0.962403430    -0.560514853     0.142471631
    10.150000000     0.957949430    -0.557961062     0.141785012
    10.160000000     0.953648919    -0.555638625     0.141110852
    10.170000000     0.949472166    -0.553532878     0.140449414
    10.180000000     0.945388517    -0.551624715     0.139801094
    10.190000000     0.941366970    -0.549891237     0.139166402
    10.200000000     0.937376704    -0.548306716     0.138545961
    10.210000000     0.933387543    -0.546843879     0.137940492
    10.220000000     0.929370369    -0.545475478     0.137350799
    10.230000000     0.925297468    -0.544176062     0.136777764
    10.240000000     0.921142812    -0.542923749     0.136222322
    10.250000000     0.916882295    -0.541701761     0.135685457
    10.260000000     0.912493907    -0.540499427     0.135168179
    10.270000000     0.907957873    -0.539312464     0.134671513
    10.280000000     0.903256744    -0.538142428     0.134196478
    10.290000000     0.898375463    -0.536995461     0.133744075
    10.300000000     0.893301395    -0.535880590     0.133315271
    10.310000000     0.888024348    -0.534807908     0.132910980
    10.320000000     0.882536570    -0.533786936     0.132532047
    10.330000000     0.876832732    -0.532825321     0.132179238
    10.340000000     0.870909910    -0.531927864     0.131853224
    10.350000000     0.864767548    -0.531095733     0.131554565
    10.360000000     0.858407424    -0.530325732     0.131283706
    10.370000000     0.851833596    -0.529609557     0.131040962
    10.380000000     0.845052347    -0.528933141     0.130826514
    10.390000000     0.838072116    -0.528276291     0.130640401
    10.400000000     0.830903416    -0.527612832     0.130482518
    10.410000000     0.823558734    -0.526911423     0.130352617
    10.420000000     0.816052417    -0.526137023     0.130250304
    10.430000000     0.808400542    -0.525252873     0.130175049
    10.440000000     0.800620754    -0.524222743     0.130126183
    10.450000000     0.792732099    -0.523013192     0.130102914
    10.460000000     0.784754833    -0.521595600     0.130104334
    10.470000000     0.776710202    -0.519947831     0.130129429
    10.480000000     0.768620228    -0.518055430     0.130177094
    10.490000000     0.760507459    -0.515912296     0.130246151
    10.500000000     0.752394729    -0.513520829     0.130335356
    10.510000000     0.744304901    -0.510891533     0.130443426
    10.520000000     0.736260614    -0.508042113     0.130569046
    10.530000000     0.728284036    -0.504996079     0.130710893
    10.540000000     0.720396620    -0.501780949     0.130867649
    10.550000000     0.712618877    -0.498426166     0.131038015
    10.560000000     0.704970165    -0.494960934     0.131220730
    10.570000000     0.697468499    -0.491412222     0.131414582
    10.580000000     0.690130382    -0.487803189     0.131618420
    10.590000000     0.682970665    -0.484152221     0.131831164
    10.600000000     0.676002427    -0.480472661     0.132051813
    10.610000000     0.669236889    -0.476773175     0.132279451
    10.620000000     0.662683357    -0.473058609     0.132513253
    10.630000000     0.656349181    -0.469331125     0.132752483
    10.640000000     0.650239753    -0.465591422     0.132996495
    10.650000000     0.644358520    -0.461839887     0.133244733
    10.660000000     0.638707022    -0.458077574     0.133496720
    10.670000000     0.633284954    -0.454306956     0.133752058
    10.680000000     0.628090238    -0.450532430     0.134010417
    10.690000000     0.623119118    -0.446760559     0.134271521
    10.700000000     0.618366261    -0.443000062     0.134535145
    10.710000000     0.613824874    -0.439261579     0.134801098
    10.720000000     0.609486826    -0.435557231     0.135069209
    10.730000000     0.605342779    -0.431900067     0.135339319
    10.740000000     0.601382319    -0.428303463     0.135611263
    10.750000000     0.597594095    -0.424780550     0.135884861
    10.760000000     0.593965952    -0.421343720     0.136159904
    10.770000000     0.590485070    -0.418004222     0.136436142
    10.780000000     0.587138093    -0.414771830     0.136713275
    10.790000000     0.583911266    -0.411654549     0.136990943
    10.800000000     0.580790552    -0.408658352     0.137268720
    10.810000000     0.577761753    -0.405786963     0.137546106
    10.820000000     0.574810623    -0.403041733     0.137822527
    10.830000000     0.571922968    -0.400421653     0.138097328
    10.840000000     0.569084742    -0.397923539     0.138369774
    10.850000000     0.566282128    -0.395542332     0.138639057
    10.860000000     0.563501615    -0.393271475     0.138904291
    10.870000000     0.560730056    -0.391103272     0.139164524
    10.880000000     0.557954724    -0.389029198     0.139418743
    10.890000000     0.555163353    -0.387040162     0.139665882
    10.900000000     0.552344167    -0.385126779     0.139904831
    10.910000000     0.549485906    -0.383279705     0.140134447
    10.920000000     0.546577838    -0.381490085     0.140353566
    10.930000000     0.543609767    -0.379750070     0.140561014
    10.940000000     0.540572035    -0.378053352     0.140755618
    10.950000000     0.537455518    -0.376395601     0.140936218
    10.960000000     0.534251626    -0.374774671     0.141101676
    10.970000000     0.530952291    -0.373190504     0.141250892
    10.980000000     0.527549969    -0.371644696     0.141382804
    10.990000000     0.524037632    -0.370139798     0.141496404
    11.000000000     0.520408775    -0.368678500     0.141590741
    11.010000000     0.516657414    -0.367262885     0.141664924
    11.020000000     0.512778104    -0.365893952     0.141718129
    11.030000000     0.508765949    -0.364571460     0.141749598
    11.040000000     0.504616625    -0.363294061     0.141758640
    11.050000000     0.500326406    -0.362059552     0.141744625
    11.060000000     0.495892197    -0.360865032     0.141706986
    11.070000000     0.491311561    -0.359706797     0.141645211
    11.080000000     0.486582758    -0.358579942     0.141558836
    11.090000000     0.481704783    -0.357477788     0.141447436
    11.100000000     0.476677396    -0.356391368     0.141310621
    11.110000000     0.471501158    -0.355309216     0.141148021
    11.120000000     0.466177456    -0.354217660     0.140959281
    11.130000000     0.460708527    -0.353101593     0.140744050
    11.140000000     0.455097470    -0.351945622     0.140501969
    11.150000000     0.449348254    -0.350735297     0.140232666
    11.160000000     0.443465715    -0.349458155     0.139935744
    11.170000000     0.437455539    -0.348104351     0.139610779
    11.180000000     0.431324240    -0.346666779     0.139257308
    11.190000000     0.425079124    -0.345140713     0.138874830
    11.200000000     0.418728243    -0.343523120     0.138462801
    11.210000000     0.412280339    -0.341811832     0.138020633
    11.220000000     0.405744780    -0.340004787     0.137547696
    11.230000000     0.399131482    -0.338099489     0.137043319
    11.240000000     0.392450833    -0.336092796     0.136506798
    11.250000000     0.385713599    -0.333981043     0.135937400
    11.260000000     0.378930839    -0.331760474     0.135334369
    11.270000000     0.372113801    -0.329427858     0.134696942
    11.280000000     0.365273831    -0.326981144     0.134024353
    11.290000000     0.358422271    -0.324419983     0.133315848
    11.300000000     0.351570363    -0.321745977     0.132570699
    11.310000000     0.344729151    -0.318962575     0.131788213
    11.320000000     0.337909393    -0.316074629     0.130967751
    11.330000000     0.331121469    -0.313087720     0.130108736
    11.340000000     0.324375300    -0.310007390     0.129210670
    11.350000000     0.317680274    -0.306838473     0.128273146
    11.360000000     0.311045175    -0.303584661     0.127295859
    11.370000000     0.304478123    -0.300248368     0.126278617
    11.380000000     0.297986523    -0.296830928     0.125221352
    11.390000000     0.291577019    -0.293333030     0.124124127
    11.400000000     0.285255466    -0.289755318     0.122987145
    11.410000000     0.279026900    -0.286099007     0.121810752
    11.420000000     0.272895530    -0.282366431     0.120595442
    11.430000000     0.266864735    -0.278561402     0.119341859
    11.440000000     0.260937067    -0.274689372     0.118050797
    11.450000000     0.255114273    -0.270757368     0.116723197
    11.460000000     0.249397322    -0.266773743     0.115360148
    11.470000000     0.243786442    -0.262747771     0.113962875
    11.480000000     0.238281167    -0.258689154     0.112532738
    11.490000000     0.232880389    -0.254607468     0.111071221
    11.500000000     0.227582425    -0.250511620     0.109579923
    11.510000000     0.222385082    -0.246409345     0.108060546
    11.520000000     0.217285732    -0.242306813     0.106514883
    11.530000000     0.212281391    -0.238208367     0.104944806
    11.540000000     0.207368797    -0.234116440     0.103352248
    11.550000000     0.202544494    -0.230031645     0.101739195
    11.560000000     0.197804911    -0.225953032     0.100107667
    11.570000000     0.193146442    -0.221878472     0.098459703
    11.580000000     0.188565521    -0.217805100     0.096797350
    11.590000000     0.184058693    -0.213729763     0.095122645
    11.600000000     0.179622680    -0.209649382     0.093437608
    11.610000000     0.175254434    -0.205561209     0.091744225
    11.620000000     0.170951188    -0.201462923     0.090044441
    11.630000000     0.166710498    -0.197352594     0.088340151
    11.640000000     0.162530266    -0.193228547     0.086633193
    11.650000000     0.158408769    -0.189089178     0.084925342
    11.660000000     0.154344660    -0.184932792     0.083218308
    11.670000000     0.150336976    -0.180757516     0.081513734
    11.680000000     0.146385124    -0.176561317     0.079813197
    11.690000000     0.142488863    -0.172342134     0.078118211
    11.700000000     0.138648283    -0.168098082     0.076430227
    11.710000000     0.134863770    -0.163827675     0.074750639
    11.720000000     0.131135969    -0.159530013     0.073080794
    11.730000000     0.127465742    -0.155204886     0.071421991
    11.740000000     0.123854124    -0.150852786     0.069775489
    11.750000000     0.120302279    -0.146474845     0.068142517
    11.760000000     0.116811452    -0.142072724     0.066524274
    11.770000000     0.113382925    -0.137648496     0.064921937
    11.780000000     0.110017975    -0.133204557     0.063336663
    11.790000000     0.106717834    -0.128743558     0.061769591
    11.800000000     0.103483659    -0.124268369     0.060221842
    11.810000000     0.100316495    -0.119782068     0.058694519
    11.820000000     0.097217257    -0.115287923     0.057188705
    11.830000000     0.094186712    -0.110789351     0.055705451
    11.840000000     0.091225463    -0.106289852     0.054245782
    11.850000000     0.088333948    -0.101792891     0.052810676
    11.860000000     0.085512434    -0.097301752     0.051401064
    11.870000000     0.082761031    -0.092819360     0.050017817
    11.880000000     0.080079693    -0.088348122     0.048661733
    11.890000000     0.077468241    -0.083889787     0.047333531
    11.900000000     0.074926375    -0.079445379     0.046033834
    11.910000000     0.072453703    -0.075015196     0.044763164
    11.920000000     0.070049756    -0.070598889     0.043521929
    11.930000000     0.067714021    -0.066195615     0.042310417
    11.940000000     0.065445960    -0.061804226     0.041128786
    11.950000000     0.063245043    -0.057423492     0.039977062
    11.960000000     0.061110766    -0.053052303     0.038855137
    11.970000000     0.059042676    -0.048689846     0.037762762
    11.980000000     0.057040397    -0.044335715     0.036699558
    11.990000000     0.055103640    -0.039989960     0.035665011
    12.000000000     0.053232225    -0.035653051     0.034658485
    12.010000000     0.051426087    -0.031325795     0.033679224
    12.020000000     0.049685289    -0.027009221     0.032726368
    12.030000000     0.048010019    -0.022704453     0.031798964
    12.040000000     0.046400594    -0.018412619     0.030895978
    12.050000000     0.044857447    -0.014134783     0.030016308
    12.060000000     0.043381120    -0.009871921     0.029158808
    12.070000000     0.041972248    -0.005624919     0.028322296
    12.080000000     0.040631530    -0.001394596     0.027505573
    12.090000000     0.039359710     0.002818273     0.026707444
    12.100000000     0.038157537     0.007012926     0.025926727
    12.110000000     0.037025732     0.011188591     0.025162275
    12.120000000     0.035964947     0.015344465     0.024412983
    12.130000000     0.034975713     0.019479713     0.023677809
    12.140000000     0.034058395     0.023593475     0.022955779
    12.150000000     0.033213142     0.027684887     0.022245998
    12.160000000     0.032439826     0.031753108     0.021547662
    12.170000000     0.031737996     0.035797325     0.020860057
    12.180000000     0.031106818     0.039816738     0.020182569
    12.190000000     0.030545028     0.043810509     0.019514682
    12.200000000     0.030050885     0.047777672     0.018855983
    12.210000000     0.029622128     0.051717030     0.018206157
    12.220000000     0.029255941     0.055627038     0.017564985
    12.230000000     0.028948931     0.059505706     0.016932339
    12.240000000     0.028697114     0.063350530     0.016308182
    12.250000000     0.028495908     0.067158444     0.015692553
    12.260000000     0.028340150     0.070925807     0.015085567
    12.270000000     0.028224116     0.074648403     0.014487403
    12.280000000     0.028141567     0.078321453     0.013898298
    12.290000000     0.028085798     0.081939627     0.013318539
    12.300000000     0.028049716     0.085497074     0.012748450
    12.310000000     0.028025916     0.088987467     0.012188389
    12.320000000     0.028006784     0.092404098     0.011638739
    12.330000000     0.027984605     0.095740044     0.011099896
    12.340000000     0.027951678     0.098988439     0.010572266
    12.350000000     0.027900439     0.102142870     0.010056257
    12.360000000     0.027823594     0.105197911     0.009552269
    12.370000000     0.027714237     0.108149790     0.009060696
    12.380000000     0.027565985     0.110997139     0.008581912
    12.390000000     0.027373086     0.113741750     0.008116272
    12.400000000     0.027130533     0.116389225     0.007664107
    12.410000000     0.026834156     0.118949364     0.007225719
    12.420000000     0.026480703     0.121436161     0.006801378
    12.430000000     0.026067898     0.123867311     0.006391323
    12.440000000     0.025594484     0.126263209     0.005995754
    12.450000000     0.025060242     0.128645554     0.005614836
    12.460000000     0.024465986     0.131035726     0.005248692
    12.470000000     0.023813542     0.133453199     0.004897407
    12.480000000     0.023105695     0.135914216     0.004561026
    12.490000000     0.022346128     0.138430912     0.004239551
    12.500000000     0.021539334     0.141010943     0.003932943
    12.510000000     0.020690518     0.143657607     0.003641122
    12.520000000     0.019805477     0.146370343     0.003363967
    12.530000000     0.018890484     0.149145472     0.003101318
    12.540000000     0.017952154     0.151977031     0.002852973
    12.550000000     0.016997309     0.154857586     0.002618695
    12.560000000     0.016032851     0.157778948     0.002398207
    12.570000000     0.015065633     0.160732750     0.002191200
    12.580000000     0.014102333     0.163710873     0.001997330
    12.590000000     0.013149350     0.166705735     0.001816223
    12.600000000     0.012212699     0.169710467     0.001647478
    12.610000000     0.011297931     0.172718991     0.001490665
    12.620000000     0.010410057     0.175726040     0.001345337
    12.630000000     0.009553501     0.178727123     0.001211022
    12.640000000     0.008732059     0.181718476     0.001087235
    12.650000000     0.007948876     0.184696984     0.000973478
    12.660000000     0.007206445     0.187660107     0.000869243
    12.670000000     0.006506609     0.190605804     0.000774017
    12.680000000     0.005850587     0.193532463     0.000687283
    12.690000000     0.005239006     0.196438830     0.000608525
    12.700000000     0.004671939     0.199323955     0.000537234
    12.710000000     0.004148959     0.202187140     0.000472905
    12.720000000     0.003669190     0.205027898     0.000415043
    12.730000000     0.003231369     0.207845909     0.000363168
    12.740000000     0.002833904     0.210640995     0.000316812
    12.750000000     0.002474932     0.213413090     0.000275527
    12.760000000     0.002152384     0.216162222     0.000238882
    12.770000000     0.001864036     0.218888488     0.000206466
    12.780000000     0.001607565     0.221592046     0.000177890
    12.790000000     0.001380594     0.224273099     0.000152788
    12.800000000     0.001180736     0.226931884     0.000130816
    12.810000000     0.001005634     0.229568666     0.000111653
    12.820000000     0.000852990     0.232183731     0.000095001
    12.830000000     0.000720592     0.234777378     0.000080587
    12.840000000     0.000606336     0.237349916     0.000068158
    12.850000000     0.000508239     0.239901663     0.000057483
    12.860000000     0.000424455     0.242432937     0.000048354
    12.870000000     0.000353278     0.244944060     0.000040580
    12.880000000     0.000293144     0.247435353     0.000033993
    12.890000000     0.000242635     0.249907131     0.000028439
    12.900000000     0.000200474     0.252359711     0.000023783
    12.910000000     0.000165517     0.254793402     0.000019905
    12.920000000     0.000136751     0.257208509     0.000016699
    12.930000000     0.000113285     0.259605330     0.000014072
    12.940000000     0.000094338     0.261984161     0.000011944
    12.950000000     0.000079231     0.264345286     0.000010244
    12.960000000     0.000067380     0.266688986     0.000008912
    12.970000000     0.000058282     0.269015535     0.000007894
    12.980000000     0.000051510     0.271325199     0.000007148
    12.990000000     0.000046699     0.273618238     0.000006633
    13.000000000     0.000043544     0.275894905     0.000006319
    13.010000000     0.000041785     0.278155444     0.000006175
    13.020000000     0.000041204     0.280400094     0.000006180
    13.030000000     0.000041619     0.282629086     0.000006313
    13.040000000     0.000042874     0.284842645     0.000006555
    13.050000000     0.000044840     0.287040986     0.000006893
    13.060000000     0.000047404     0.289224317     0.000007312
    13.070000000     0.000050468     0.291392841     0.000007800
    13.080000000     0.000053947     0.293546749     0.000008347
    13.090000000     0.000057764     0.295686226     0.000008941
    13.100000000     0.000061848     0.297811446     0.000009575
    13.110000000     0.000066133     0.299922577     0.000010238
    13.120000000     0.000070557     0.302019774     0.000010921
    13.130000000     0.000075059     0.304103184     0.000011615
    13.140000000     0.000079580     0.306172945     0.000012313
    13.150000000     0.000084063     0.308229183     0.000013004
    13.160000000     0.000088451     0.310272017     0.000013680
    13.170000000     0.000092689     0.312301559     0.000014334
    13.180000000     0.000096725     0.314317915     0.000014957
    13.190000000     0.000100507     0.316321190     0.000015540
    13.200000000     0.000103987     0.318311496     0.000016077
    13.210000000     0.000107119     0.320288951     0.000016560
    13.220000000     0.000109863     0.322253693     0.000016984
    13.230000000     0.000112183     0.324205883     0.000017342
    13.240000000     0.000114046     0.326145712     0.000017629
    13.250000000     0.000115429     0.328073401     0.000017843
    13.260000000     0.000116312     0.329989205     0.000017979
    13.270000000     0.000116684     0.331893399     0.000018036
    13.280000000     0.000116538     0.333786276     0.000018014
    13.290000000     0.000115877     0.335668128     0.000017911
    13.300000000     0.000114709     0.337539232     0.000017731
    13.310000000     0.000113049     0.339399842     0.000017474
    13.320000000     0.000110920     0.341250176     0.000017145
    13.330000000     0.000108348     0.343090416     0.000016747
    13.340000000     0.000105366     0.344920708     0.000016286
    13.350000000     0.000102013     0.346741164     0.000015768
    13.360000000     0.000098328     0.348551872     0.000015198
    13.370000000     0.000094356     0.350352901     0.000014584
    13.380000000     0.000090142     0.352144307     0.000013933
    13.390000000     0.000085736     0.353926140     0.000013252
    13.400000000     0.000081183     0.355698447     0.000012548
    13.410000000     0.000076530     0.357461276     0.000011829
    13.420000000     0.000071825     0.359214676     0.000011102
    13.430000000     0.000067110     0.360958702     0.000010373
    13.440000000     0.000062426     0.362693409     0.000009649
    13.450000000     0.000057812     0.364418858     0.000008936
    13.460000000     0.000053301     0.366135113     0.000008239
    13.470000000     0.000048925     0.367842242     0.000007562
    13.480000000     0.000044708     0.369540313     0.000006911
    13.490000000     0.000040674     0.371229399     0.000006287
    13.500000000     0.000036840     0.372909572     0.000005694
    13.510000000     0.000033219     0.374580907     0.000005135
    13.520000000     0.000029821     0.376243479     0.000004609
    13.530000000     0.000026652     0.377897363     0.000004120
    13.540000000     0.000023714     0.379542635     0.000003666
    13.550000000     0.000021007     0.381179370     0.000003247
    13.560000000     0.000018526     0.382807645     0.000002864
    13.570000000     0.000016266     0.384427534     0.000002514
    13.580000000     0.000014218     0.386039112     0.000002198
    13.590000000     0.000012372     0.387642451     0.000001912
    13.600000000     0.000010719     0.389237627     0.000001657
    13.610000000     0.000009245     0.390824711     0.000001429
    13.620000000     0.000007939     0.392403775     0.000001227
    13.630000000     0.000006787     0.393974889     0.000001049
    13.640000000     0.000005776     0.395538125     0.000000893
    13.650000000     0.000004894     0.397093550     0.000000756
    13.660000000     0.000004129     0.398641233     0.000000638
    13.670000000     0.000003467     0.400181242     0.000000536
    13.680000000     0.000002899     0.401713642     0.000000448
    13.690000000     0.000002413     0.403238500     0.000000373
    13.700000000     0.000002000     0.404755881     0.000000309
    13.710000000     0.000001650     0.406265847     0.000000255
    13.720000000     0.000001355     0.407768463     0.000000209
    13.730000000     0.000001108     0.409263790     0.000000171
    13.740000000     0.000000902     0.410751890     0.000000139
    13.750000000     0.000000731     0.412232823     0.000000113
    13.760000000     0.000000590     0.413706648     0.000000091
    13.770000000     0.000000474     0.415173426     0.000000073
    13.780000000     0.000000379     0.416633213     0.000000059
    13.790000000     0.000000302     0.418086067     0.000000047
    13.800000000     0.000000239     0.419532046     0.000000037
    13.810000000     0.000000189     0.420971203     0.000000029
    13.820000000     0.000000148     0.422403596     0.000000023
    13.830000000     0.000000116     0.423829278     0.000000018
    13.840000000     0.000000090     0.425248302     0.000000014
    13.850000000     0.000000070     0.426660723     0.000000011
    13.860000000     0.000000054     0.428066592     0.000000008
    13.870000000     0.000000042     0.429465960     0.000000006
    13.880000000     0.000000032     0.430858880     0.000000005
    13.890000000     0.000000024     0.432245400     0.000000004
    13.900000000     0.000000018     0.433625572     0.000000003
    13.910000000     0.000000014     0.434999444     0.000000002
    13.920000000     0.000000010     0.436367065     0.000000002
    13.930000000     0.000000008     0.437728482     0.000000001
    13.940000000     0.000000006     0.439083744     0.000000001
    13.950000000     0.000000004     0.440432896     0.000000001
    13.960000000     0.000000003     0.441775985     0.000000000
    13.970000000     0.000000002     0.443113057     0.000000000
    13.980000000     0.000000002     0.444444157     0.000000000
    13.990000000     0.000000001     0.445769329     0.000000000
    14.000000000     0.000000001     0.447088618     0.000000000
    14.010000000     0.000000001     0.448402067     0.000000000
    14.020000000     0.000000000     0.449709719     0.000000000
    14.030000000     0.000000000     0.451011617     0.000000000
    14.040000000     0.000000000     0.452307803     0.000000000
    14.050000000     0.000000000     0.453598318     0.000000000
    14.060000000     0.000000000     0.454883204     0.000000000
    14.070000000     0.000000000     0.456162501     0.000000000
    14.080000000     0.000000000     0.457436249     0.000000000
    14.090000000     0.000000000     0.458704488     0.000000000
    14.100000000     0.000000000     0.459967258     0.000000000
    14.110000000     0.000000000     0.461224597     0.000000000
    14.120000000     0.000000000     0.462476544     0.000000000
    14.130000000     0.000000000     0.463723137     0.000000000
    14.140000000     0.000000000     0.464964413     0.000000000
    14.150000000     0.000000000     0.466200410     0.000000000
    14.160000000     0.000000000     0.467431164     0.000000000
    14.170000000     0.000000000     0.468656713     0.000000000
    14.180000000     0.000000000     0.469877091     0.000000000
    14.190000000     0.000000000     0.471092334     0.000000000
    14.200000000     0.000000000     0.472302479     0.000000000
    14.210000000     0.000000000     0.473507559     0.000000000
    14.220000000     0.000000000     0.474707610     0.000000000
    14.230000000     0.000000000     0.475902665     0.000000000
    14.240000000     0.000000000     0.477092759     0.000000000
    14.250000000     0.000000000     0.478277924     0.000000000
    14.260000000     0.000000000     0.479458194     0.000000000
    14.270000000     0.000000000     0.480633602     0.000000000
    14.280000000     0.000000000     0.481804180     0.000000000
    14.290000000     0.000000000     0.482969961     0.000000000
    14.300000000     0.000000000     0.484130975     0.000000000
    14.310000000     0.000000000     0.485287255     0.000000000
    14.320000000     0.000000000     0.486438832     0.000000000
    14.330000000     0.000000000     0.487585737     0.000000000
    14.340000000     0.000000000     0.488728000     0.000000000
    14.350000000     0.000000000     0.489865652     0.000000000
    14.360000000     0.000000000     0.490998722     0.000000000
    14.370000000     0.000000000     0.492127240     0.000000000
    14.380000000     0.000000000     0.493251235     0.000000000
    14.390000000     0.000000000     0.494370738     0.000000000
    14.400000000     0.000000000     0.495485776     0.000000000
    14.410000000     0.000000000     0.496596377     0.000000000
    14.420000000     0.000000000     0.497702572     0.000000000
    14.430000000     0.000000000     0.498804386     0.000000000
    14.440000000     0.000000000     0.499901848     0.000000000
    14.450000000     0.000000000     0.500994986     0.000000000
    14.460000000     0.000000000     0.502083827     0.000000000
    14.470000000     0.000000000     0.503168398     0.000000000
    14.480000000     0.000000000     0.504248724     0.000000000
    14.490000000     0.000000000     0.505324834     0.000000000
    14.500000000     0.000000000     0.506396753     0.000000000
    14.510000000     0.000000000     0.507464507     0.000000000
    14.520000000     0.000000000     0.508528122     0.000000000
    14.530000000     0.000000000     0.509587623     0.000000000
    14.540000000     0.000000000     0.510643035     0.000000000
    14.550000000     0.000000000     0.511694384     0.000000000
    14.560000000     0.000000000     0.512741695     0.000000000
    14.570000000     0.000000000     0.513784992     0.000000000
    14.580000000     0.000000000     0.514824299     0.000000000
    14.590000000     0.000000000     0.515859640     0.000000000
    14.600000000     0.000000000     0.516891040     0.000000000
    14.610000000     0.000000000     0.517918523     0.000000000
    14.620000000     0.000000000     0.518942111     0.000000000
    14.630000000     0.000000000     0.519961828     0.000000000
    14.640000000     0.000000000     0.520977697     0.000000000
    14.650000000     0.000000000     0.521989741     0.000000000
    14.660000000     0.000000000     0.522997983     0.000000000
    14.670000000     0.000000000     0.524002445     0.000000000
    14.680000000     0.000000000     0.525003150     0.000000000
    14.690000000     0.000000000     0.526000119     0.000000000
    14.700000000     0.000000000     0.526993374     0.000000000
    14.710000000     0.000000000     0.527982939     0.000000000
    14.720000000     0.000000000     0.528968832     0.000000000
    14.730000000     0.000000000     0.529951077     0.000000000
    14.740000000     0.000000000     0.530929695     0.000000000
    14.750000000     0.000000000     0.531904706     0.000000000
    14.760000000     0.000000000     0.532876131     0.000000000
    14.770000000     0.000000000     0.533843991     0.000000000
    14.780000000     0.000000000     0.534808306     0.000000000
    14.790000000     0.000000000     0.535769097     0.000000000
    14.800000000     0.000000000     0.536726384     0.000000000
    14.810000000     0.000000000     0.537680186     0.000000000
    14.820000000     0.000000000     0.538630524     0.000000000
    14.830000000     0.000000000     0.539577417     0.000000000
    14.840000000     0.000000000     0.540520885     0.000000000
    14.850000000     0.000000000     0.541460947     0.000000000
    14.860000000     0.000000000     0.542397622     0.000000000
    14.870000000     0.000000000     0.543330929     0.000000000
    14.880000000     0.000000000     0.544260887     0.000000000
    14.890000000     0.000000000     0.545187515     0.000000000
    14.900000000     0.000000000     0.546110831     0.000000000
    14.910000000     0.000000000     0.547030854     0.000000000
    14.920000000     0.000000000     0.547947602     0.000000000
    14.930000000     0.000000000     0.548861093     0.000000000
    14.940000000     0.000000000     0.549771345     0.000000000
    14.950000000     0.000000000     0.550678375     0.000000000
    14.960000000     0.000000000     0.551582202     0.000000000
    14.970000000     0.000000000     0.552482843     0.000000000
    14.980000000     0.000000000     0.553380316     0.000000000
    14.990000000     0.000000000     0.554274637     0.000000000
    15.000000000     0.000000000     0.555165823     0.000000000
