     0.000000000     0.000000000     2.445226429     0.000000000
     0.010000000     0.000000000     2.445233372     0.000000000
     0.020000000     0.000000000     2.445254202     0.000000000
     0.030000000     0.000000000     2.445288922     0.000000000
     0.040000000     0.000000000     2.445337534     0.000000000
     0.050000000     0.000000000     2.445400045     0.000000000
     0.060000000     0.000000000     2.445476461     0.000000000
     0.070000000     0.000000000     2.445566790     0.000000000
     0.080000000     0.000000000     2.445671043     0.000000000
     0.090000000     0.000000000     2.445789231     0.000000000
     0.100000000     0.000000000     2.445921367     0.000000000
     0.110000000     0.000000000     2.446067465     0.000000000
     0.120000000     0.000000000     2.446227541     0.000000000
     0.130000000     0.000000000     2.446401614     0.000000000
     0.140000000     0.000000000     2.446589701     0.000000000
     0.150000000     0.000000000     2.446791824     0.000000000
     0.160000000     0.000000000     2.447008006     0.000000000
     0.170000000     0.000000000     2.447238269     0.000000000
     0.180000000     0.000000000     2.447482640     0.000000000
     0.190000000     0.000000000     2.447741145     0.000000000
     0.200000000     0.000000000     2.448013814     0.000000000
     0.210000000     0.000000000     2.448300676     0.000000000
     0.220000000     0.000000000     2.448601764     0.000000000
     0.230000000     0.000000000     2.448917110     0.000000000
     0.240000000     0.000000000     2.449246751     0.000000000
     0.250000000     0.000000000     2.449590723     0.000000000
     0.260000000     0.000000000     2.449949065     0.000000000
     0.270000000     0.000000000     2.450321818     0.000000000
     0.280000000     0.000000000     2.450709022     0.000000000
     0.290000000     0.000000000     2.451110723     0.000000000
     0.300000000     0.000000000     2.451526965     0.000000000
     0.310000000     0.000000000     2.451957796     0.000000000
     0.320000000     0.000000000     2.452403265     0.000000000
     0.330000000     0.000000000     2.452863423     0.000000000
     0.340000000     0.000000000     2.453338322     0.000000000
     0.350000000     0.000000000     2.453828018     0.000000000
     0.360000000     0.000000000     2.454332567     0.000000000
     0.370000000     0.000000000     2.454852027     0.000000000
     0.380000000     0.000000000     2.455386459     0.000000000
     0.390000000     0.000000000     2.455935925     0.000000000
     0.400000000     0.000000000     2.456500488     0.000000000
     0.410000000     0.000000000     2.457080217     0.000000000
     0.420000000     0.000000000     2.457675177     0.000000000
     0.430000000     0.000000000     2.458285441     0.000000000
     0.440000000     0.000000000     2.458911081     0.000000000
     0.450000000     0.000000000     2.459552171     0.000000000
     0.460000000     0.000000000     2.460208787     0.000000000
     0.470000000     0.000000000     2.460881010     0.000000000
     0.480000000     0.000000000     2.461568919     0.000000000
     0.490000000     0.000000000     2.462272599     0.000000000
     0.500000000     0.000000000     2.462992136     0.000000000
     0.510000000     0.000000000     2.463727616     0.000000000
     0.520000000     0.000000000     2.464479132     0.000000000
     0.530000000     0.000000000     2.465246775     0.000000000
     0.540000000     0.000000000     2.466030641     0.000000000
     0.550000000     0.000000000     2.466830828     0.000000000
     0.560000000     0.000000000     2.467647436     0.000000000
     0.570000000     0.000000000     2.468480569     0.000000000
     0.580000000     0.000000000     2.469330332     0.000000000
     0.590000000     0.000000000     2.470196833     0.000000000
     0.600000000     0.000000000     2.471080184     0.000000000
     0.610000000     0.000000000     2.471980498     0.000000000
     0.620000000     0.000000000     2.472897893     0.000000000
     0.630000000     0.000000000     2.473832487     0.000000000
     0.640000000     0.000000000     2.474784405     0.000000000
     0.650000000     0.000000000     2.475753771     0.000000000
     0.660000000     0.000000000     2.476740714     0.000000000
     0.670000000     0.000000000     2.477745367     0.000000000
     0.680000000     0.000000000     2.478767865     0.000000000
     0.690000000     0.000000000     2.479808347     0.000000000
     0.700000000     0.000000000     2.480866953     0.000000000
     0.710000000     0.000000000     2.481943831     0.000000000
     0.720000000     0.000000000     2.483039129     0.000000000
     0.730000000     0.000000000     2.484152999     0.000000000
     0.740000000     0.000000000     2.485285599     0.000000000
     0.750000000     0.000000000     2.486437087     0.000000000
     0.760000000     0.000000000     2.487607629     0.000000000
     0.770000000     0.000000000     2.488797393     0.000000000
     0.780000000     0.000000000     2.490006549     0.000000000
     0.790000000     0.000000000     2.491235276     0.000000000
     0.800000000     0.000000000     2.492483752     0.000000000
     0.810000000     0.000000000     2.493752164     0.000000000
     0.820000000     0.000000000     2.495040701     0.000000000
     0.830000000     0.000000000     2.496349556     0.000000000
     0.840000000     0.000000000     2.497678930     0.000000000
     0.850000000     0.000000000     2.499029024     0.000000000
     0.860000000     0.000000000     2.500400049     0.000000000
     0.870000000     0.000000000     2.501792217     0.000000000
     0.880000000     0.000000000     2.503205748     0.000000000
     0.890000000     0.000000000     2.504640867     0.000000000
     0.900000000     0.000000000     2.506097802     0.000000000
     0.910000000     0.000000000     2.507576791     0.000000000
     0.920000000     0.000000000     2.509078075     0.000000000
     0.930000000     0.000000000     2.510601900     0.000000000
     0.940000000     0.000000000     2.512148522     0.000000000
     0.950000000     0.000000000     2.513718199     0.000000000
     0.960000000     0.000000000     2.515311200     0.000000000
     0.970000000     0.000000000     2.516927796     0.000000000
     0.980000000     0.000000000     2.518568270     0.000000000
     0.990000000     0.000000000     2.520232908     0.000000000
     1.000000000     0.000000000     2.521922005     0.000000000
     1.010000000     0.000000000     2.523635864     0.000000000
     1.020000000     0.000000000     2.525374796     0.000000000
     1.030000000     0.000000000     2.527139119     0.000000000
     1.040000000     0.000000000     2.528929159     0.000000000
     1.050000000     0.000000000     2.530745252     0.000000000
     1.060000000     0.000000000     2.532587743     0.000000000
     1.070000000     0.000000000     2.534456985     0.000000000
     1.080000000     0.000000000     2.536353341     0.000000000
     1.090000000     0.000000000     2.538277183     0.000000000
     1.100000000     0.000000000     2.540228895     0.000000000
     1.110000000     0.000000000     2.542208869     0.000000000
     1.120000000     0.000000000     2.544217509     0.000000000
     1.130000000     0.000000000     2.546255231     0.000000000
     1.140000000     0.000000000     2.548322461     0.000000000
     1.150000000     0.000000000     2.550419637     0.000000000
     1.160000000     0.000000001     2.552547210     0.000000000
     1.170000000     0.000000001     2.554705645     0.000000000
     1.180000000     0.000000001     2.556895416     0.000000000
     1.190000000     0.000000002     2.559117016     0.000000000
     1.200000000     0.000000003     2.561370948     0.000000000
     1.210000000     0.000000005     2.563657732     0.000000000
     1.220000000     0.000000007     2.565977903     0.000000000
     1.230000000     0.000000011     2.568332009     0.000000000
     1.240000000     0.000000016     2.570720618     0.000000000
     1.250000000     0.000000023     2.573144314     0.000000000
     1.260000000     0.000000034     2.575603697     0.000000000
     1.270000000     0.000000049     2.578099386     0.000000000
     1.280000000     0.000000071     2.580632021     0.000000000
     1.290000000     0.000000102     2.583202258     0.000000000
     1.300000000     0.000000147     2.585810776     0.000000000
     1.310000000     0.000000209     2.588458274     0.000000000
     1.320000000     0.000000296     2.591145473     0.000000000
     1.330000000     0.000000418     2.593873119     0.000000000
     1.340000000     0.000000588     2.596641979     0.000000001
     1.350000000     0.000000822     2.599452846     0.000000001
     1.360000000     0.000001146     2.602306538     0.000000001
     1.370000000     0.000001589     2.605203900     0.000000002
     1.380000000     0.000002194     2.608145804     0.000000002
     1.390000000     0.000003016     2.611133154     0.000000003
     1.400000000     0.000004128     2.614166879     0.000000004
     1.410000000     0.000005625     2.617247942     0.000000006
     1.420000000     0.000007631     2.620377338     0.000000008
     1.430000000     0.000010306     2.623556096     0.000000011
     1.440000000     0.000013858     2.626785279     0.000000014
     1.450000000     0.000018551     2.630065985     0.000000019
     1.460000000     0.000024724     2.633399352     0.000000025
     1.470000000     0.000032804     2.636786555     0.000000033
     1.480000000     0.000043333     2.640228810     0.000000043
     1.490000000     0.000056989     2.643727376     0.000000056
     1.500000000     0.000074616     2.647283551     0.000000073
     1.510000000     0.000097263     2.650898683     0.000000094
     1.520000000     0.000126223     2.654574161     0.000000122
     1.530000000     0.000163081     2.658311425     0.000000156
     1.540000000     0.000209770     2.662111960     0.000000199
     1.550000000     0.000268631     2.665977303     0.000000254
     1.560000000     0.000342488     2.669909041     0.000000321
     1.570000000     0.000434718     2.673908811     0.000000406
     1.580000000     0.000549344     2.677978305     0.000000509
     1.590000000     0.000691124     2.682119263     0.000000637
     1.600000000     0.000865649     2.686333480     0.000000794
     1.610000000     0.001079449     2.690622802     0.000000985
     1.620000000     0.001340097     2.694989125     0.000001217
     1.630000000     0.001656322     2.699434391     0.000001497
     1.640000000     0.002038110     2.703960588     0.000001834
     1.650000000     0.002496806     2.708569746     0.000002237
     1.660000000     0.003045202     2.713263929     0.000002719
     1.670000000     0.003697614     2.718045226     0.000003290
     1.680000000     0.004469937     2.722915747     0.000003964
     1.690000000     0.005379669     2.727877604     0.000004758
     1.700000000     0.006445905     2.732932900     0.000005688
     1.710000000     0.007689297     2.738083707     0.000006773
     1.720000000     0.009131952     2.743332041     0.000008033
     1.730000000     0.010797297     2.748679831     0.000009489
     1.740000000     0.012709864     2.754128884     0.000011166
     1.750000000     0.014895025     2.759680833     0.000013089
     1.760000000     0.017378654     2.765337083     0.000015284
     1.770000000     0.020186715     2.771098738     0.000017781
     1.780000000     0.023344788     2.776966515     0.000020609
     1.790000000     0.026877513     2.782940635     0.000023799
     1.800000000     0.030807980     2.789020700     0.000027384
     1.810000000     0.035157057     2.795205525     0.000031397
     1.820000000     0.039942677     2.801492955     0.000035873
     1.830000000     0.045179081     2.807879626     0.000040848
     1.840000000     0.050876059     2.814360690     0.000046357
     1.850000000     0.057038181     2.820929472     0.000052438
     1.860000000     0.063664067     2.827577064     0.000059129
     1.870000000     0.070745697     2.834291852     0.000066468
     1.880000000     0.078267796     2.841058936     0.000074495
     1.890000000     0.086207333     2.847859473     0.000083250
     1.900000000     0.094533132     2.854669902     0.000092776
     1.910000000     0.103205644     2.861461083     0.000103117
     1.920000000     0.112176893     2.868197323     0.000114317
     1.930000000     0.121390613     2.874835357     0.000126428
     1.940000000     0.130782599     2.881323298     0.000139499
     1.950000000     0.140281267     2.887599667     0.000153589
     1.960000000     0.149808444     2.893592635     0.000168759
     1.970000000     0.159280374     2.899219669     0.000185076
     1.980000000     0.168608928     2.904387882     0.000202614
     1.990000000     0.177703013     2.908995418     0.000221456
     2.000000000     0.186470142     2.912934337     0.000241693
     2.010000000     0.194818144     2.916095425     0.000263424
     2.020000000     0.202656974     2.918375337     0.000286762
     2.030000000     0.209900580     2.919686241     0.000311828
     2.040000000     0.216468797     2.919967729     0.000338756
     2.050000000     0.222289197     2.919200132     0.000367693
     2.060000000     0.227298875     2.917417584     0.000398795
     2.070000000     0.231446107     2.914718470     0.000432233
     2.080000000     0.234691851     2.911270451     0.000468188
     2.090000000     0.237011045     2.907307596     0.000506850
     2.100000000     0.238393676     2.903118281     0.000548420
     2.110000000     0.238845591     2.899024520     0.000593104
     2.120000000     0.238389036     2.895355533     0.000641113
     2.130000000     0.237062915     2.892420018     0.000692660
     2.140000000     0.234922765     2.890481976     0.000747957
     2.150000000     0.232040453     2.889743946     0.000807208
     2.160000000     0.228503623     2.890339475     0.000870610
     2.170000000     0.224414890     2.892334499     0.000938345
     2.180000000     0.219890831     2.895735581     0.001010575
     2.190000000     0.215060786     2.900502198     0.001087439
     2.200000000     0.210065514     2.906560366     0.001169045
     2.210000000     0.205055716     2.913815474     0.001255466
     2.220000000     0.200190476     2.922163056     0.001346735
     2.230000000     0.195635638     2.931496992     0.001442841
     2.240000000     0.191562135     2.941715127     0.001543720
     2.250000000     0.188144302     2.952722694     0.001649254
     2.260000000     0.185558175     2.964433998     0.001759269
     2.270000000     0.183979785     2.976772853     0.001873526
     2.280000000     0.183583447     2.989672203     0.001991727
     2.290000000     0.184540047     3.003073232     0.002113507
     2.300000000     0.187015304     3.016924205     0.002238440
     2.310000000     0.191168012     3.031179183     0.002366036
     2.320000000     0.197148249     3.045796698     0.002495749
     2.330000000     0.205095534     3.060738414     0.002626976
     2.340000000     0.215136941     3.075967804     0.002759068
     2.350000000     0.227385161     3.091448799     0.002891334
     2.360000000     0.241936529     3.107144406     0.003023052
     2.370000000     0.258869027     3.123015263     0.003153477
     2.380000000     0.278240297     3.139018111     0.003281853
     2.390000000     0.300085706     3.155104204     0.003407428
     2.400000000     0.324416504     3.171217675     0.003529463
     2.410000000     0.351218157     3.187293901     0.003647246
     2.420000000     0.380448907     3.203257900     0.003760111
     2.430000000     0.412038653     3.219022792     0.003867445
     2.440000000     0.445888230     3.234488294     0.003968707
     2.450000000     0.481869169     3.249539195     0.004063437
     2.460000000     0.519824031     3.264043677     0.004151273
     2.470000000     0.559567371     3.277851371     0.004231958
     2.480000000     0.600887408     3.290791015     0.004305352
     2.490000000     0.643548439     3.302667699     0.004371437
     2.500000000     0.687294019     3.313259838     0.004430327
     2.510000000     0.731850912     3.322316261     0.004482268
     2.520000000     0.776933768     3.329554084     0.004527640
     2.530000000     0.822250472     3.334658379     0.004566958
     2.540000000     0.867508076     3.337284879     0.004600865
     2.550000000     0.912419173     3.337067151     0.004630126
     2.560000000     0.956708565     3.333629615     0.004655621
     2.570000000     1.000120041     3.326607524     0.004678330
     2.580000000     1.042423057     3.315674422     0.004699322
     2.590000000     1.083419089     3.300576807     0.004719736
     2.600000000     1.122947440     3.281174494     0.004740766
     2.610000000     1.160890249     3.257483686     0.004763635
     2.620000000     1.197176501     3.229717767     0.004789580
     2.630000000     1.231784809     3.198318824     0.004819827
     2.640000000     1.264744802     3.163971419     0.004855564
     2.650000000     1.296136967     3.127590466     0.004897924
     2.660000000     1.326090860     3.090278060     0.004947959
     2.670000000     1.354781623     3.053250056     0.005006614
     2.680000000     1.382424827     3.017740560     0.005074713
     2.690000000     1.409269712     2.984898842     0.005152931
     2.700000000     1.435590946     2.955695766     0.005241784
     2.710000000     1.461679112     2.930854500     0.005341608
     2.720000000     1.487830154     2.910813882     0.005452548
     2.730000000     1.514334088     2.895724893     0.005574552
     2.740000000     1.541463324     2.885474054     0.005707361
     2.750000000     1.569460960     2.879723838     0.005850508
     2.760000000     1.598529439     2.877959803     0.006003324
     2.770000000     1.628819971     2.879536029     0.006164938
     2.780000000     1.660423101     2.883713419     0.006334291
     2.790000000     1.693360775     2.889688382     0.006510148
     2.800000000     1.727580247     2.896611717     0.006691119
     2.810000000     1.762950078     2.903599040     0.006875676
     2.820000000     1.799258445     2.909734987     0.007062178
     2.830000000     1.836213895     2.914073890     0.007248902
     2.840000000     1.873448602     2.915640014     0.007434068
     2.850000000     1.910524092     2.913430668     0.007615871
     2.860000000     1.946939332     2.906425856     0.007792511
     2.870000000     1.982140978     2.893608155     0.007962230
     2.880000000     2.015535530     2.873996276     0.008123336
     2.890000000     2.046503032     2.846694712     0.008274239
     2.900000000     2.074411935     2.810959970     0.008413473
     2.910000000     2.098634681     2.766280777     0.008539728
     2.920000000     2.118563547     2.712465508     0.008651865
     2.930000000     2.133626262     2.649725402     0.008748938
     2.940000000     2.143300928     2.578737995     0.008830205
     2.950000000     2.147129814     2.500673502     0.008895138
     2.960000000     2.144731583     2.417169334     0.008943427
     2.970000000     2.135811632     2.330245735     0.008974976
     2.980000000     2.120170223     2.242167597     0.008989902
     2.990000000     2.097708210     2.155270557     0.008988517
     3.000000000     2.068430222     2.071778860     0.008971317
     3.010000000     2.032445248     1.993644469     0.008938961
     3.020000000     1.989964662     1.922430655     0.008892251
     3.030000000     1.941297810     1.859251580     0.008832102
     3.040000000     1.886845331     1.804766593     0.008759518
     3.050000000     1.827090482     1.759218207     0.008675562
     3.060000000     1.762588779     1.722498057     0.008581330
     3.070000000     1.693956279     1.694225321     0.008477920
     3.080000000     1.621856910     1.673825305     0.008366410
     3.090000000     1.546989219     1.660600325     0.008247830
     3.100000000     1.470072916     1.653788986     0.008123144
     3.110000000     1.391835614     1.652612837     0.007993232
     3.120000000     1.313000070     1.656311068     0.007858874
     3.130000000     1.234272256     1.664164692     0.007720746
     3.140000000     1.156330507     1.675511924     0.007579410
     3.150000000     1.079815944     1.689756489     0.007435317
     3.160000000     1.005324330     1.706370484     0.007288808
     3.170000000     0.933399437     1.724893304     0.007140124
     3.180000000     0.864527968     1.744927987     0.006989414
     3.190000000     0.799136007     1.766136067     0.006836751
     3.200000000     0.737586931     1.788231823     0.006682148
     3.210000000     0.680180690     1.810976501     0.006525572
     3.220000000     0.627154298     1.834172815     0.006366967
     3.230000000     0.578683390     1.857659843     0.006206268
     3.240000000     0.534884661     1.881308208     0.006043421
     3.250000000     0.495819003     1.905015403     0.005878400
     3.260000000     0.461495169     1.928701076     0.005711217
     3.270000000     0.431873785     1.952302190     0.005541940
     3.280000000     0.406871552     1.975768102     0.005370698
     3.290000000     0.386365521     1.999055694     0.005197690
     3.300000000     0.370197308     2.022124790     0.005023187
     3.310000000     0.358177175     2.044934063     0.004847533
     3.320000000     0.350087924     2.067437550     0.004671143
     3.330000000     0.345688554     2.089581790     0.004494499
     3.340000000     0.344717686     2.111303493     0.004318139
     3.350000000     0.346896753     2.132527608     0.004142652
     3.360000000     0.351932998     2.153165660     0.003968663
     3.370000000     0.359522298     2.173114292     0.003796824
     3.380000000     0.369351874     2.192254063     0.003627804
     3.390000000     0.381102931     2.210448619     0.003462269
     3.400000000     0.394453274     2.227544488     0.003300880
     3.410000000     0.409079941     2.243371810     0.003144275
     3.420000000     0.424661881     2.257746356     0.002993061
     3.430000000     0.440882703     2.270473189     0.002847808
     3.440000000     0.457433491     2.281352308     0.002709044
     3.450000000     0.474015686     2.290186524     0.002577244
     3.460000000     0.490343997     2.296791774     0.002452836
     3.470000000     0.506149313     2.301010016     0.002336194
     3.480000000     0.521181558     2.302724725     0.002227646
     3.490000000     0.535212427     2.301878744     0.002127470
     3.500000000     0.548037943     2.298493709     0.002035906
     3.510000000     0.559480750     2.292689187     0.001953158
     3.520000000     0.569392082     2.284698409     0.001879404
     3.530000000     0.577653337     2.274876233     0.001814801
     3.540000000     0.584177191     2.263694682     0.001759499
     3.550000000     0.588908214     2.251722717     0.001713644
     3.560000000     0.591822945     2.239589970     0.001677392
     3.570000000     0.592929399     2.227938324     0.001650919
     3.580000000     0.592266022     2.217368912     0.001634424
     3.590000000     0.589900089     2.208393781     0.001628142
     3.600000000     0.585925585     2.201400350     0.001632354
     3.610000000     0.580460614     2.196633394     0.001647386
     3.620000000     0.573644403     2.194194979     0.001673625
     3.630000000     0.565633958     2.194059157     0.001711519
     3.640000000     0.556600476     2.196096226     0.001761580
     3.650000000     0.546725593     2.200101104     0.001824395
     3.660000000     0.536197548     2.205821362     0.001900624
     3.670000000     0.525207376     2.212982017     0.001991002
     3.680000000     0.513945204     2.221305668     0.002096346
     3.690000000     0.502596735     2.230527771     0.002217550
     3.700000000     0.491339991     2.240407522     0.002355591
     3.710000000     0.480342383     2.250735122     0.002511525
     3.720000000     0.469758155     2.261336126     0.002686488
     3.730000000     0.459726229     2.272073339     0.002881696
     3.740000000     0.450368498     2.282846380     0.003098441
     3.750000000     0.441788554     2.293588845     0.003338089
     3.760000000     0.434070858     2.304263093     0.003602080
     3.770000000     0.427280348     2.314852999     0.003891922
     3.780000000     0.421462449     2.325355522     0.004209185
     3.790000000     0.416643458     2.335772304     0.004555504
     3.800000000     0.412831278     2.346102556     0.004932563
     3.810000000     0.410016440     2.356338110     0.005342100
     3.820000000     0.408173387     2.366460863     0.005785892
     3.830000000     0.407261966     2.376442184     0.006265753
     3.840000000     0.407229079     2.386243488     0.006783524
     3.850000000     0.408010462     2.395817144     0.007341065
     3.860000000     0.409532532     2.405107301     0.007940246
     3.870000000     0.411714283     2.414050704     0.008582937
     3.880000000     0.414469174     2.422578065     0.009270996
     3.890000000     0.417707001     2.430616678     0.010006260
     3.900000000     0.421335698     2.438094825     0.010790533
     3.910000000     0.425263070     2.444948015     0.011625571
     3.920000000     0.429398404     2.451126476     0.012513071
     3.930000000     0.433653980     2.456602827     0.013454654
     3.940000000     0.437946424     2.461378486     0.014451857
     3.950000000     0.442197925     2.465487453     0.015506107
     3.960000000     0.446337290     2.468996423     0.016618715
     3.970000000     0.450300825     2.472000886     0.017790854
     3.980000000     0.454033058     2.474617642     0.019023543
     3.990000000     0.457487276     2.476974918     0.020317630
     4.000000000     0.460625895     2.479201749     0.021673770
     4.010000000     0.463420657     2.481418338     0.023092414
     4.020000000     0.465852658     2.483728772     0.024573781
     4.030000000     0.467912216     2.486216868     0.026117845
     4.040000000     0.469598586     2.488945198     0.027724316
     4.050000000     0.470919530     2.491956799     0.029392614
     4.060000000     0.471890756     2.495278667     0.031121860
     4.070000000     0.472535243     2.498925952     0.032910851
     4.080000000     0.472882457     2.502905864     0.034758044
     4.090000000     0.472967479     2.507220529     0.036661540
     4.100000000     0.472830067     2.511868440     0.038619071
     4.110000000     0.472513649     2.516844608     0.040627981
     4.120000000     0.472064292     2.522139879     0.042685220
     4.130000000     0.471529634     2.527740037     0.044787331
     4.140000000     0.470957818     2.533625296     0.046930444
     4.150000000     0.470396427     2.539770547     0.049110273
     4.160000000     0.469891451     2.546146491     0.051322115
     4.170000000     0.469486284     2.552721546     0.053560850
     4.180000000     0.469220779     2.559464263     0.055820954
     4.190000000     0.469130365     2.566345885     0.058096505
     4.200000000     0.469245250     2.573342627     0.060381203
     4.210000000     0.469589705     2.580437269     0.062668389
     4.220000000     0.470181462     2.587619703     0.064951075
     4.230000000     0.471031222     2.594886201     0.067221976
     4.240000000     0.472142288     2.602237381     0.069473545
     4.250000000     0.473510337     2.609675093     0.071698024
     4.260000000     0.475123334     2.617198661     0.073887494
     4.270000000     0.476961599     2.624801070     0.076033930
     4.280000000     0.478998025     2.632465694     0.078129268
     4.290000000     0.481198463     2.640164037     0.080165474
     4.300000000     0.483522262     2.647854761     0.082134621
     4.310000000     0.485922961     2.655484027     0.084028965
     4.320000000     0.488349140     2.662987053     0.085841037
     4.330000000     0.490745398     2.670290678     0.087563724
     4.340000000     0.493053465     2.677316746     0.089190365
     4.350000000     0.495213411     2.683986206     0.090714838
     4.360000000     0.497164942     2.690223858     0.092131650
     4.370000000     0.498848755     2.695963709     0.093436030
     4.380000000     0.500207907     2.701154797     0.094624006
     4.390000000     0.501189194     2.705767207     0.095692486
     4.400000000     0.501744477     2.709797758     0.096639327
     4.410000000     0.501831940     2.713274621     0.097463392
     4.420000000     0.501417241     2.716260038     0.098164600
     4.430000000     0.500474509     2.718850374     0.098743957
     4.440000000     0.498987185     2.721173088     0.099203572
     4.450000000     0.496948652     2.723380683     0.099546660
     4.460000000     0.494362647     2.725642295     0.099777521
     4.470000000     0.491243442     2.728133975     0.099901502
     4.480000000     0.487615770     2.731028942     0.099924944
     4.490000000     0.483514510     2.734488909     0.099855101
     4.500000000     0.478984127     2.738657282     0.099700044
     4.510000000     0.474077886     2.743654510     0.099468554
     4.520000000     0.468856849     2.749575499     0.099169983
     4.530000000     0.463388699     2.756488686     0.098814119
     4.540000000     0.457746408     2.764436317     0.098411025
     4.550000000     0.452006798     2.773435479     0.097970875
     4.560000000     0.446249030     2.783479576     0.097503790
     4.570000000     0.440553069     2.794540068     0.097019659
     4.580000000     0.434998168     2.806568399     0.096527979
     4.590000000     0.429661422     2.819498139     0.096037684
     4.600000000     0.424616418     2.833247393     0.095557001
     4.610000000     0.419932043     2.847721517     0.095093306
     4.620000000     0.415671468     2.862816134     0.094653005
     4.630000000     0.411891337     2.878420356     0.094241436
     4.640000000     0.408641193     2.894420091     0.093862788
     4.650000000     0.405963148     2.910701279     0.093520059
     4.660000000     0.403891801     2.927152969     0.093215022
     4.670000000     0.402454410     2.943670186     0.092948242
     4.680000000     0.401671302     2.960156649     0.092719099
     4.690000000     0.401556513     2.976527374     0.092525859
     4.700000000     0.402118623     2.992711195     0.092365757
     4.710000000     0.403361770     3.008653176     0.092235112
     4.720000000     0.405286800     3.024316762     0.092129463
     4.730000000     0.407892525     3.039685448     0.092043722
     4.740000000     0.411177037     3.054763693     0.091972341
     4.750000000     0.415139050     3.069576817     0.091909495
     4.760000000     0.419779226     3.084169701     0.091849263
     4.770000000     0.425101441     3.098604286     0.091785816
     4.780000000     0.431113957     3.112956041     0.091713597
     4.790000000     0.437830468     3.127309719     0.091627497
     4.800000000     0.445270984     3.141754735     0.091523013
     4.810000000     0.453462533     3.156380446     0.091396391
     4.820000000     0.462439655     3.171271450     0.091244749
     4.830000000     0.472244675     3.186502920     0.091066173
     4.840000000     0.482927733     3.202136012     0.090859790
     4.850000000     0.494546581     3.218213550     0.090625807
     4.860000000     0.507166131     3.234756402     0.090365525
     4.870000000     0.520857759     3.251761190     0.090081323
     4.880000000     0.535698380     3.269199980     0.089776609
     4.890000000     0.551769294     3.287022410     0.089455749
     4.900000000     0.569154824     3.305160316     0.089123967
     4.910000000     0.587940759     3.323534411     0.088787222
     4.920000000     0.608212641     3.342062072     0.088452070
     4.930000000     0.630053892     3.360664974     0.088125504
     4.940000000     0.653543835     3.379275254     0.087814792
     4.950000000     0.678755635     3.397839056     0.087527299
     4.960000000     0.705754184     3.416316852     0.087270320
     4.970000000     0.734593976     3.434680549     0.087050900
     4.980000000     0.765317021     3.452908020     0.086875681
     4.990000000     0.797950813     3.470976202     0.086750741
     5.000000000     0.832506435     3.488853984     0.086681466
     5.010000000     0.868976804     3.506495964     0.086672429
     5.020000000     0.907335143     3.523837687     0.086727301
     5.030000000     0.947533692     3.540792526     0.086848774
     5.040000000     0.989502725     3.557249951     0.087038522
     5.050000000     1.033149904     3.573074827     0.087297176
     5.060000000     1.078360012     3.588107405     0.087624335
     5.070000000     1.124995100     3.602164013     0.088018594
     5.080000000     1.172895063     3.615038760     0.088477600
     5.090000000     1.221878687     3.626506915     0.088998126
     5.100000000     1.271745148     3.636330715     0.089576163
     5.110000000     1.322275981     3.644268262     0.090207035
     5.120000000     1.373237506     3.650085657     0.090885513
     5.130000000     1.424383676     3.653571817     0.091605947
     5.140000000     1.475459319     3.654554462     0.092362399
     5.150000000     1.526203719     3.652914861     0.093148779
     5.160000000     1.576354484     3.648598408     0.093958974
     5.170000000     1.625651614     3.641618260     0.094786974
     5.180000000     1.673841702     3.632050426     0.095626990
     5.190000000     1.720682165     3.620020654     0.096473558
     5.200000000     1.765945416     3.605685862     0.097321631
     5.210000000     1.809422871     3.589214716     0.098166654
     5.220000000     1.850928691     3.570772649     0.099004624
     5.230000000     1.890303162     3.550515605     0.099832138
     5.240000000     1.927415609     3.528594367     0.100646413
     5.250000000     1.962166770     3.505168241     0.101445303
     5.260000000     1.994490537     3.480424128     0.102227294
     5.270000000     2.024355018     3.454595423     0.102991485
     5.280000000     2.051762860     3.427975284     0.103737562
     5.290000000     2.076750811     3.400920255     0.104465757
     5.300000000     2.099388511     3.373842766     0.105176805
     5.310000000     2.119776529     3.347193519     0.105871893
     5.320000000     2.138043662     3.321436724     0.106552603
     5.330000000     2.154343580     3.297021962     0.107220862
     5.340000000     2.168850856     3.274356187     0.107878882
     5.350000000     2.181756507     3.253778586     0.108529114
     5.360000000     2.193263123     3.235540123     0.109174202
     5.370000000     2.203579728     3.219789034     0.109816934
     5.380000000     2.212916500     3.206563187     0.110460219
     5.390000000     2.221479466     3.195789829     0.111107045
     5.400000000     2.229465348     3.187292669     0.111760470
     5.410000000     2.237056655     3.180805516     0.112423597
     5.420000000     2.244417187     3.175990981     0.113099572
     5.430000000     2.251688050     3.172462348     0.113791577
     5.440000000     2.258984292     3.169806592     0.114502833
     5.450000000     2.266392263     3.167606612     0.115236601
     5.460000000     2.273967748     3.165461037     0.115996195
     5.470000000     2.281734948     3.163000263     0.116784980
     5.480000000     2.289686310     3.159897841     0.117606390
     5.490000000     2.297783236     3.155876981     0.118463923
     5.500000000     2.305957626     3.150712601     0.119361151
     5.510000000     2.314114237     3.144230061     0.120301715
     5.520000000     2.322133780     3.136302051     0.121289320
     5.530000000     2.329876678     3.126845055     0.122327727
     5.540000000     2.337187398     3.115816387     0.123420730
     5.550000000     2.343899230     3.103212232     0.124572143
     5.560000000     2.349839404     3.089066614     0.125785763
     5.570000000     2.354834423     3.073450998     0.127065344
     5.580000000     2.358715465     3.056474156     0.128414553
     5.590000000     2.361323747     3.038282017     0.129836927
     5.600000000     2.362515707     3.019057233     0.131335831
     5.610000000     2.362167892     2.999018097     0.132914401
     5.620000000     2.360181454     2.978416289     0.134575495
     5.630000000     2.356486125     2.957532841     0.136321640
     5.640000000     2.351043625     2.936671852     0.138154977
     5.650000000     2.343850400     2.916151928     0.140077207
     5.660000000     2.334939655     2.896295924     0.142089545
     5.670000000     2.324382636     2.877420141     0.144192670
     5.680000000     2.312289134     2.859824355     0.146386683
     5.690000000     2.298807223     2.843783858     0.148671068
     5.700000000     2.284122212     2.829544150     0.151044664
     5.710000000     2.268454861     2.817318196     0.153505640
     5.720000000     2.252058877     2.807285598     0.156051479
     5.730000000     2.235217754     2.799592728     0.158678969
     5.740000000     2.218240993     2.794352963     0.161384208
     5.750000000     2.201459795     2.791646513     0.164162618
     5.760000000     2.185222275     2.791519793     0.167008960
     5.770000000     2.169888293     2.793984606     0.169917376
     5.780000000     2.155823979     2.799017505     0.172881425
     5.790000000     2.143396038     2.806559605     0.175894144
     5.800000000     2.132965929     2.816516895     0.178948106
     5.810000000     2.124883998     2.828760972     0.182035499
     5.820000000     2.119483663     2.843130098     0.185148209
     5.830000000     2.117075739     2.859430596     0.188277912
     5.840000000     2.117942982     2.877438770     0.191416174
     5.850000000     2.122334946     2.896903626     0.194554562
     5.860000000     2.130463228     2.917550621     0.197684747
     5.870000000     2.142497176     2.939086471     0.200798628
     5.880000000     2.158560148     2.961204658     0.203888446
     5.890000000     2.178726365     2.983590986     0.206946897
     5.900000000     2.203018434     3.005928363     0.209967250
     5.910000000     2.231405600     3.027900085     0.212943455
     5.920000000     2.263802748     3.049191278     0.215870243
     5.930000000     2.300070210     3.069488606     0.218743221
     5.940000000     2.340014402     3.088478775     0.221558949
     5.950000000     2.383389278     3.105846615     0.224315008
     5.960000000     2.429898637     3.121273510     0.227010045
     5.970000000     2.479199231     3.134436879     0.229643812
     5.980000000     2.530904677     3.145011262     0.232217167
     5.990000000     2.584590108     3.152671489     0.234732067
     6.000000000     2.639797509     3.157098340     0.237191534
     6.010000000     2.696041677     3.157986966     0.239599596
     6.020000000     2.752816701     3.155058106     0.241961207
     6.030000000     2.809602873     3.148071704     0.244282145
     6.040000000     2.865873920     3.136842119     0.246568881
     6.050000000     2.921104438     3.121253663     0.248828442
     6.060000000     2.974777391     3.101274929     0.251068240
     6.070000000     3.026391567     3.076970291     0.253295899
     6.080000000     3.075468845     3.048507103     0.255519063
     6.090000000     3.121561142     3.016157528     0.257745202
     6.100000000     3.164256937     2.980294468     0.259981407
     6.110000000     3.203187229     2.941381693     0.262234196
     6.120000000     3.238030850     2.899958774     0.264509320
     6.130000000     3.268519026     2.856621816     0.266811582
     6.140000000     3.294439119     2.812001240     0.269144673
     6.150000000     3.315637488     2.766738037     0.271511032
     6.160000000     3.332021434     2.721460096     0.273911724
     6.170000000     3.343560198     2.676760364     0.276346361
     6.180000000     3.350285025     2.633178560     0.278813043
     6.190000000     3.352288302     2.591187999     0.281308346
     6.200000000     3.349721794     2.551188463     0.283827346
     6.210000000     3.342794053     2.513505369     0.286363679
     6.220000000     3.331767034     2.478394525     0.288909647
     6.230000000     3.316952018     2.446051016     0.291456362
     6.240000000     3.298704900     2.416620171     0.293993926
     6.250000000     3.277420965     2.390208387     0.296511647
     6.260000000     3.253529212     2.366891808     0.298998285
     6.270000000     3.227486347     2.346721535     0.301442325
     6.280000000     3.199770539     2.329725012     0.303832273
     6.290000000     3.170875021     2.315904301     0.306156960
     6.300000000     3.141301642     2.305232790     0.308405857
     6.310000000     3.111554455     2.297652315     0.310569387
     6.320000000     3.082133414     2.293072483     0.312639236
     6.330000000     3.053528265     2.291373260     0.314608637
     6.340000000     3.026212706     2.292410851     0.316472639
     6.350000000     3.000638863     2.296025839     0.318228344
     6.360000000     2.977232164     2.302051706     0.319875104
     6.370000000     2.956386641     2.310321623     0.321414679
     6.380000000     2.938460725     2.320671650     0.322851346
     6.390000000     2.923773576     2.332939375     0.324191952
     6.400000000     2.912601970     2.346958091     0.325445925
     6.410000000     2.905177798     2.362547784     0.326625210
     6.420000000     2.901686191     2.379504905     0.327744169
     6.430000000     2.902264294     2.397593162     0.328819416
     6.440000000     2.907000720     2.416537165     0.329869596
     6.450000000     2.915935670     2.436020025     0.330915130
     6.460000000     2.929061741     2.455685131     0.331977901
     6.470000000     2.946325409     2.475141710     0.333080915
     6.480000000     2.967629170     2.493973490     0.334247923
     6.490000000     2.992834312     2.511749889     0.335503029
     6.500000000     3.021764287     2.528039371     0.336870273
     6.510000000     3.054208628     2.542424694     0.338373221
     6.520000000     3.089927360     2.554519589     0.340034543
     6.530000000     3.128655824     2.563985891     0.341875619
     6.540000000     3.170109843     2.570549578     0.343916148
     6.550000000     3.213991131     2.574013731     0.346173794
     6.560000000     3.259992848     2.574266498     0.348663863
     6.570000000     3.307805199     2.571282682     0.351399025
     6.580000000     3.357120955     2.565118638     0.354389068
     6.590000000     3.407640791     2.555901355     0.357640717
     6.600000000     3.459078321     2.543813677     0.361157492
     6.610000000     3.511164723     2.529078126     0.364939630
     6.620000000     3.563652840     2.511941687     0.368984052
     6.630000000     3.616320663     2.492663158     0.373284389
     6.640000000     3.668974113     2.471503724     0.377831055
     6.650000000     3.721449036     2.448720500     0.382611373
     6.660000000     3.773612363     2.424562337     0.387609744
     6.670000000     3.825362395     2.399267119     0.392807850
     6.680000000     3.876628180     2.373060005     0.398184908
     6.690000000     3.927368009     2.346152321     0.403717931
     6.700000000     3.977567024     2.318740964     0.409382035
     6.710000000     4.027234014     2.291008119     0.415150748
     6.720000000     4.076397447     2.263120973     0.420996337
     6.730000000     4.125100842     2.235231009     0.426890138
     6.740000000     4.173397586     2.207472430     0.432802891
     6.750000000     4.221345336     2.179959392     0.438705061
     6.760000000     4.269000142     2.152781879     0.444567159
     6.770000000     4.316410456     2.126000344     0.450360036
     6.780000000     4.363611201     2.099639473     0.456055170
     6.790000000     4.410618068     2.073681645     0.461624929
     6.800000000     4.457422219     2.048060860     0.467042799
     6.810000000     4.503985568     2.022657890     0.472283604
     6.820000000     4.550236800     1.997297328     0.477323681
     6.830000000     4.596068278     1.971747000     0.482141043
     6.840000000     4.641333969     1.945719893     0.486715495
     6.850000000     4.685848483     1.918878501     0.491028743
     6.860000000     4.729387327     1.890841330     0.495064455
     6.870000000     4.771688391     1.861191294     0.498808312
     6.880000000     4.812454706     1.829485958     0.502248025
     6.890000000     4.851358439     1.795269918     0.505373330
     6.900000000     4.888046063     1.758089923     0.508175966
     6.910000000     4.922144631     1.717513379     0.510649630
     6.920000000     4.953268997     1.673150518     0.512789916
     6.930000000     4.981029857     1.624679834     0.514594239
     6.940000000     5.005042399     1.571875455     0.516061752
     6.950000000     5.024935377     1.514634318     0.517193246
     6.960000000     5.040360369     1.453000417     0.517991046
     6.970000000     5.051000999     1.387183165     0.518458904
     6.980000000     5.056581868     1.317567117     0.518601883
     6.990000000     5.056876989     1.244710936     0.518426245
     7.000000000     5.051717461     1.169334493     0.517939335
     7.010000000     5.040998225     1.092294255     0.517149471
     7.020000000     5.024683669     1.014548432     0.516065829
     7.030000000     5.002811966     0.937114534     0.514698340
     7.040000000     4.975497995     0.861022846     0.513057585
     7.050000000     4.942934777     0.787269806     0.511154699
     7.060000000     4.905393354     0.716775261     0.509001276
     7.070000000     4.863221125     0.650347082     0.506609283
     7.080000000     4.816838639     0.588655707     0.503990974
     7.090000000     4.766734926     0.532219886     0.501158813
     7.100000000     4.713461450     0.481403490     0.498125402
     7.110000000     4.657624813     0.436421897     0.494903407
     7.120000000     4.599878363     0.397355514     0.491505497
     7.130000000     4.540912860     0.364167620     0.487944279
     7.140000000     4.481446416     0.336723860     0.484232239
     7.150000000     4.422213873     0.314811281     0.480381688
     7.160000000     4.363955841     0.298155498     0.476404711
     7.170000000     4.307407585     0.286435219     0.472313114
     7.180000000     4.253287971     0.279293815     0.468118384
     7.190000000     4.202288645     0.276348043     0.463831646
     7.200000000     4.155063633     0.277194294     0.459463627
     7.210000000     4.112219526     0.281413020     0.455024620
     7.220000000     4.074306393     0.288572125     0.450524464
     7.230000000     4.041809563     0.298230018     0.445972519
     7.240000000     4.015142379     0.309938692     0.441377653
     7.250000000     3.994640032     0.323246690     0.436748233
     7.260000000     3.980554549     0.337701357     0.432092126
     7.270000000     3.973050993     0.352849515     0.427416705
     7.280000000     3.972204921     0.368235891     0.422728860
     7.290000000     3.978001128     0.383399137     0.418035022
     7.300000000     3.990333684     0.397866014     0.413341185
     7.310000000     4.009007253     0.411145125     0.408652944
     7.320000000     4.033739685     0.422722129     0.403975525
     7.330000000     4.064165818     0.432058531     0.399313831
     7.340000000     4.099842457     0.438595748     0.394672483
     7.350000000     4.140254445     0.441765228     0.390055867
     7.360000000     4.184821740     0.441004090     0.385468174
     7.370000000     4.232907403     0.435774547     0.380913449
     7.380000000     4.283826367     0.425584543     0.376395627
     7.390000000     4.336854865     0.410006976     0.371918571
     7.400000000     4.391240383     0.388695518     0.367486105
     7.410000000     4.446211956     0.361396231     0.363102034
     7.420000000     4.500990684     0.327955426     0.358770170
     7.430000000     4.554800275     0.288325095     0.354494335
     7.440000000     4.606877456     0.242567386     0.350278368
     7.450000000     4.656482095     0.190858933     0.346126120
     7.460000000     4.702906856     0.133494613     0.342041440
     7.470000000     4.745486252     0.070888976     0.338028156
     7.480000000     4.783604942     0.003572746     0.334090049
     7.490000000     4.816705160    -0.067818030     0.330230822
     7.500000000     4.844293155    -0.142561415     0.326454062
     7.510000000     4.865944573    -0.219876803     0.322763200
     7.520000000     4.881308700    -0.298956976     0.319161469
     7.530000000     4.890111544    -0.379000625     0.315651862
     7.540000000     4.892157723    -0.459240717     0.312237084
     7.550000000     4.887331181    -0.538965405     0.308919514
     7.560000000     4.875594749    -0.617530468     0.305701160
     7.570000000     4.856988613    -0.694364752     0.302583625
     7.580000000     4.831627744    -0.768971810     0.299568070
     7.590000000     4.799698388    -0.840931153     0.296655185
     7.600000000     4.761453695    -0.909901205     0.293845162
     7.610000000     4.717208605    -0.975623816     0.291137678
     7.620000000     4.667334092    -1.037927915     0.288531877
     7.630000000     4.612250882    -1.096728788     0.286026359
     7.640000000     4.552422750    -1.152019918     0.283619176
     7.650000000     4.488349507    -1.203856275     0.281307829
     7.660000000     4.420559791    -1.252330649     0.279089273
     7.670000000     4.349603731    -1.297546825     0.276959920
     7.680000000     4.276045601    -1.339594555     0.274915655
     7.690000000     4.200456535    -1.378530853     0.272951845
     7.700000000     4.123407362    -1.414370526     0.271063354
     7.710000000     4.045461661    -1.447086735     0.269244568
     7.720000000     3.967169057    -1.476620342     0.267489406
     7.730000000     3.889058854    -1.502895481     0.265791352
     7.740000000     3.811634022    -1.525838326     0.264143472
     7.750000000     3.735365609    -1.545396224     0.262538445
     7.760000000     3.660687621    -1.561555050     0.260968588
     7.770000000     3.587992412    -1.574353404     0.259425890
     7.780000000     3.517626632    -1.583892905     0.257902041
     7.790000000     3.449887776    -1.590344350     0.256388471
     7.800000000     3.385021380    -1.593949799     0.254876387
     7.810000000     3.323218896    -1.595020911     0.253356816
     7.820000000     3.264616291    -1.593933999     0.251820649
     7.830000000     3.209293392    -1.591122413     0.250258692
     7.840000000     3.157274002    -1.587066772     0.248661720
     7.850000000     3.108526806    -1.582283359     0.247020536
     7.860000000     3.062967052    -1.577310620     0.245326031
     7.870000000     3.020459025    -1.572693419     0.243569253
     7.880000000     2.980819256    -1.568964640     0.241741475
     7.890000000     2.943820461    -1.566624121     0.239834271
     7.900000000     2.909196120    -1.566115742     0.237839590
     7.910000000     2.876645661    -1.567804575     0.235749835
     7.920000000     2.845840137    -1.571957092     0.233557942
     7.930000000     2.816428318    -1.578728020     0.231257456
     7.940000000     2.788043074    -1.588157092     0.228842610
     7.950000000     2.760307948    -1.600177574     0.226308394
     7.960000000     2.732843778    -1.614636059     0.223650629
     7.970000000     2.705275258    -1.631320229     0.220866021
     7.980000000     2.677237300    -1.649988969     0.217952224
     7.990000000     2.648381080    -1.670398244     0.214907879
     8.000000000     2.618379654    -1.692316984     0.211732654
     8.010000000     2.586933040    -1.715529816     0.208427263
     8.020000000     2.553772665    -1.739827001     0.204993481
     8.030000000     2.518665120    -1.764985355     0.201434142
     8.040000000     2.481415146    -1.790746299     0.197753121
     8.050000000     2.441867833    -1.816797832     0.193955313
     8.060000000     2.399909987    -1.842766185     0.190046584
     8.070000000     2.355470699    -1.868220532     0.186033723
     8.080000000     2.308521107    -1.892691054     0.181924374
     8.090000000     2.259073408    -1.915697747     0.177726960
     8.100000000     2.207179173    -1.936785194     0.173450593
     8.110000000     2.152927032    -1.955557489     0.169104987
     8.120000000     2.096439809    -1.971707709     0.164700350
     8.130000000     2.037871207    -1.985037506     0.160247283
     8.140000000     1.977402131    -1.995464243     0.155756668
     8.150000000     1.915236750    -2.003015171     0.151239560
     8.160000000     1.851598404    -2.007810122     0.146707074
     8.170000000     1.786725441    -2.010035792     0.142170283
     8.180000000     1.720867086    -2.009915738     0.137640106
     8.190000000     1.654279418    -2.007680526     0.133127220
     8.200000000     1.587221525    -2.003542122     0.128641957
     8.210000000     1.519951911    -1.997675621     0.124194228
     8.220000000     1.452725194    -1.990209934     0.119793442
     8.230000000     1.385789135    -1.981227397     0.115448443
     8.240000000     1.319382027    -1.970770832     0.111167448
     8.250000000     1.253730455    -1.958855580     0.106958008
     8.260000000     1.189047437    -1.945483664     0.102826963
     8.270000000     1.125530925    -1.930657470     0.098780423
     8.280000000     1.063362666    -1.914390927     0.094823747
     8.290000000     1.002707394    -1.896716922     0.090961541
     8.300000000     0.943712330    -1.877690497     0.087197656
     8.310000000     0.886506952    -1.857388036     0.083535205
     8.320000000     0.831203013    -1.835903312     0.079976577
     8.330000000     0.777894766    -1.813341647     0.076523472
     8.340000000     0.726659369    -1.789813664     0.073176925
     8.350000000     0.677557431    -1.765429930     0.069937356
     8.360000000     0.630633681    -1.740297360     0.066804608
     8.370000000     0.585917722    -1.714517612     0.063777995
     8.380000000     0.543424859    -1.688187158     0.060856358
     8.390000000     0.503156975    -1.661398316     0.058038117
     8.400000000     0.465103439    -1.634240493     0.055321324
     8.410000000     0.429242034    -1.606801049     0.052703725
     8.420000000     0.395539898    -1.579165509     0.050182809
     8.430000000     0.363954470    -1.551417120     0.047755864
     8.440000000     0.334434426    -1.523635926     0.045420034
     8.450000000     0.306920617    -1.495897618     0.043172364
     8.460000000     0.281346991    -1.468272379     0.041009850
     8.470000000     0.257641507    -1.440823897     0.038929482
     8.480000000     0.235727034    -1.413608671     0.036928283
     8.490000000     0.215522234    -1.386675657     0.035003343
     8.500000000     0.196942421    -1.360066309     0.033151850
     8.510000000     0.179900412    -1.333814987     0.031371116
     8.520000000     0.164307337    -1.307949707     0.029658596
     8.530000000     0.150073430    -1.282493133     0.028011902
     8.540000000     0.137108787    -1.257463663     0.026428815
     8.550000000     0.125324080    -1.232876431     0.024907289
     8.560000000     0.114631237    -1.208744060     0.023445451
     8.570000000     0.104944065    -1.185076987     0.022041598
     8.580000000     0.096178829    -1.161883321     0.020694188
     8.590000000     0.088254768    -1.139168217     0.019401831
     8.600000000     0.081094553    -1.116932890     0.018163275
     8.610000000     0.074624678    -1.095173447     0.016977387
     8.620000000     0.068775787    -1.073879821     0.015843136
     8.630000000     0.063482933    -1.053035116     0.014759578
     8.640000000     0.058685760    -1.032615627     0.013725827
     8.650000000     0.054328628    -1.012591734     0.012741044
     8.660000000     0.050360660    -0.992929652     0.011804411
     8.670000000     0.046735736    -0.973593827     0.010915116
     8.680000000     0.043412414    -0.954549574     0.010072333
     8.690000000     0.040353806    -0.935765490     0.009275209
     8.700000000     0.037527396    -0.917215264     0.008522845
     8.710000000     0.034904825    -0.898878633     0.007814292
     8.720000000     0.032461622    -0.880741490     0.007148535
     8.730000000     0.030176926    -0.862795301     0.006524493
     8.740000000     0.028033166    -0.845036071     0.005941007
     8.750000000     0.026015745    -0.827463139     0.005396848
     8.760000000     0.024112699    -0.810077987     0.004890710
     8.770000000     0.022314371    -0.792883220     0.004421217
     8.780000000     0.020613080    -0.775881763     0.003986930
     8.790000000     0.019002808    -0.759076289     0.003586350
     8.800000000     0.017478902    -0.742468858     0.003217929
     8.810000000     0.016037799    -0.726060716     0.002880078
     8.820000000     0.014676773    -0.709852213     0.002571182
     8.830000000     0.013393710    -0.693842817     0.002289607
     8.840000000     0.012186918    -0.678031163     0.002033710
     8.850000000     0.011054958    -0.662415150     0.001801858
     8.860000000     0.009996514    -0.646992032     0.001592431
     8.870000000     0.009010285    -0.631758527     0.001403836
     8.880000000     0.008094912    -0.616710908     0.001234521
     8.890000000     0.007248929    -0.601845091     0.001082974
     8.900000000     0.006470739    -0.587156712     0.000947742
     8.910000000     0.005758614    -0.572641193     0.000827431
     8.920000000     0.005110717    -0.558293796     0.000720711
     8.930000000     0.004525138    -0.544109667     0.000626327
     8.940000000     0.003999950    -0.530083873     0.000543096
     8.950000000     0.003533277    -0.516211436     0.000469909
     8.960000000     0.003123372    -0.502487352     0.000405739
     8.970000000     0.002768709    -0.488906612     0.000349631
     8.980000000     0.002468082    -0.475464217     0.000300710
     8.990000000     0.002220704    -0.462155191     0.000258172
     9.000000000     0.002026321    -0.448974588     0.000221288
     9.010000000     0.001885327    -0.435917498     0.000189396
     9.020000000     0.001798879    -0.422979056     0.000161902
     9.030000000     0.001769014    -0.410154441     0.000138271
     9.040000000     0.001798774    -0.397438883     0.000118027
     9.050000000     0.001892319    -0.384827665     0.000100750
     9.060000000     0.002055046    -0.372316124     0.000086067
     9.070000000     0.002293697    -0.359899655     0.000073652
     9.080000000     0.002616463    -0.347573714     0.000063221
     9.090000000     0.003033069    -0.335333821     0.000054527
     9.100000000     0.003554857    -0.323175570     0.000047358
     9.110000000     0.004194833    -0.311094631     0.000041531
     9.120000000     0.004967699    -0.299086762     0.000036893
     9.130000000     0.005889852    -0.287147821     0.000033314
     9.140000000     0.006979345    -0.275273784     0.000030684
     9.150000000     0.008255804    -0.263460761     0.000028913
     9.160000000     0.009740303    -0.251705026     0.000027928
     9.170000000     0.011455172    -0.240003047     0.000027668
     9.180000000     0.013423758    -0.228351526     0.000028087
     9.190000000     0.015670117    -0.216747448     0.000029145
     9.200000000     0.018218635    -0.205188146     0.000030813
     9.210000000     0.021093591    -0.193671372     0.000033066
     9.220000000     0.024318645    -0.182195395     0.000035886
     9.230000000     0.027916267    -0.170759109     0.000039256
     9.240000000     0.031907107    -0.159362178     0.000043163
     9.250000000     0.036309316    -0.148005201     0.000047592
     9.260000000     0.041137832    -0.136689918     0.000052528
     9.270000000     0.046403640    -0.125419462     0.000057956
     9.280000000     0.052113032    -0.114198654     0.000063855
     9.290000000     0.058266877    -0.103034365     0.000070203
     9.300000000     0.064859934    -0.091935947     0.000076969
     9.310000000     0.071880219    -0.080915733     0.000084122
     9.320000000     0.079308466    -0.069989643     0.000091621
     9.330000000     0.087117689    -0.059177866     0.000099421
     9.340000000     0.095272889    -0.048505647     0.000107471
     9.350000000     0.103730911    -0.038004170     0.000115711
     9.360000000     0.112440473    -0.027711504     0.000124079
     9.370000000     0.121342401    -0.017673587     0.000132504
     9.380000000     0.130370048    -0.007945176     0.000140912
     9.390000000     0.139449934     0.001409350     0.000149226
     9.400000000     0.148502588     0.010315482     0.000157363
     9.410000000     0.157443590     0.018688622     0.000165240
     9.420000000     0.166184796     0.026434944     0.000172773
     9.430000000     0.174635729     0.033453472     0.000179880
     9.440000000     0.182705111     0.039639780     0.000186480
     9.450000000     0.190302487     0.044891725     0.000192494
     9.460000000     0.197339929     0.049117488     0.000197852
     9.470000000     0.203733752     0.052245919     0.000202488
     9.480000000     0.209406220     0.054238698     0.000206344
     9.490000000     0.214287182     0.055103124     0.000209371
     9.500000000     0.218315600     0.054903600     0.000211531
     9.510000000     0.221440935     0.053769271     0.000212795
     9.520000000     0.223624334     0.051895175     0.000213148
     9.530000000     0.224839621     0.049534950     0.000212584
     9.540000000     0.225074021     0.046984722     0.000211111
     9.550000000     0.224328652     0.044559883     0.000208747
     9.560000000     0.222618736     0.042568440     0.000205523
     9.570000000     0.219973549     0.041285599     0.000201479
     9.580000000     0.216436130     0.040933936     0.000196667
     9.590000000     0.212062739     0.041671901     0.000191146
     9.600000000     0.206922128     0.043591288     0.000184984
     9.610000000     0.201094622     0.046722369     0.000178253
     9.620000000     0.194671081     0.051044220     0.000171033
     9.630000000     0.187751765     0.056497513     0.000163405
     9.640000000     0.180445151     0.062997433     0.000155454
     9.650000000     0.172866753     0.070445149     0.000147263
     9.660000000     0.165137979     0.078737024     0.000138918
     9.670000000     0.157385059     0.087771356     0.000130498
     9.680000000     0.149738091     0.097452877     0.000122084
     9.690000000     0.142330209     0.107695372     0.000113747
     9.700000000     0.135296898     0.118422895     0.000105558
     9.710000000     0.128775469     0.129569991     0.000097579
     9.720000000     0.122904657     0.141081259     0.000089867
     9.730000000     0.117824372     0.152910538     0.000082472
     9.740000000     0.113675529     0.165019888     0.000075436
     9.750000000     0.110599953     0.177378503     0.000068797
     9.760000000     0.108740301     0.189961623     0.000062584
     9.770000000     0.108239950     0.202749494     0.000056819
     9.780000000     0.109242798     0.215726397     0.000051520
     9.790000000     0.111892912     0.228879738     0.000046698
     9.800000000     0.116333975     0.242199207     0.000042360
     9.810000000     0.122708470     0.255675971     0.000038507
     9.820000000     0.131156550     0.269301902     0.000035136
     9.830000000     0.141814560     0.283068803     0.000032243
     9.840000000     0.154813173     0.296967615     0.000029818
     9.850000000     0.170275138     0.310987574     0.000027850
     9.860000000     0.188312634     0.325115288     0.000026324
     9.870000000     0.209024249     0.339333706     0.000025227
     9.880000000     0.232491639     0.353620935     0.000024541
     9.890000000     0.258775911     0.367948869     0.000024248
     9.900000000     0.287913826     0.382281577     0.000024329
     9.910000000     0.319913919     0.396573411     0.000024764
     9.920000000     0.354752650     0.410766763     0.000025532
     9.930000000     0.392370725     0.424789418     0.000026610
     9.940000000     0.432669732     0.438551444     0.000027976
     9.950000000     0.475509233     0.451941556     0.000029605
     9.960000000     0.520704475     0.464822913     0.000031472
     9.970000000     0.568024854     0.477028333     0.000033550
     9.980000000     0.617193271     0.488354946     0.000035812
     9.990000000     0.667886505     0.498558410     0.000038229
    10.000000000     0.719736681     0.507346914     0.000040769
    10.010000000     0.772333909     0.514375384     0.000043403
    10.020000000     0.825230122     0.519240572     0.000046096
    10.030000000     0.877944105     0.521478044     0.000048817
    10.040000000     0.929967669     0.520562510     0.000051531
    10.050000000     0.980772879     0.515913420     0.000054204
    10.060000000     1.029820210     0.506908212     0.000056802
    10.070000000     1.076567461     0.492905854     0.000059291
    10.080000000     1.120479230     0.473283180     0.000061640
    10.090000000     1.161036706     0.447485618     0.000063816
    10.100000000     1.197747542     0.415091870     0.000065792
    10.110000000     1.230155535     0.375888822     0.000067539
    10.120000000     1.257849837     0.329948526     0.000069034
    10.130000000     1.280473444     0.277694497     0.000070256
    10.140000000     1.297730703     0.219941403     0.000071188
    10.150000000     1.309393616     0.157892576     0.000071817
    10.160000000     1.315306747     0.093085306     0.000072133
    10.170000000     1.315390583     0.027284302     0.000072131
    10.180000000     1.309643238    -0.037663394     0.000071811
    10.190000000     1.298140455    -0.099988086     0.000071176
    10.200000000     1.281033894    -0.158143392     0.000070236
    10.210000000     1.258547764    -0.210914291     0.000069001
    10.220000000     1.230973906    -0.257473569     0.000067488
    10.230000000     1.198665458    -0.297385865     0.000065715
    10.240000000     1.162029317    -0.330569107     0.000063706
    10.250000000     1.121517603    -0.357228813     0.000061484
    10.260000000     1.077618383    -0.377781227     0.000059077
    10.270000000     1.030845917    -0.392778193     0.000056513
    10.280000000     0.981730695    -0.402842062     0.000053820
    10.290000000     0.930809536    -0.408614500     0.000051028
    10.300000000     0.878616000    -0.410719701     0.000048167
    10.310000000     0.825671350    -0.409740470     0.000045264
    10.320000000     0.772476260    -0.406204684     0.000042348
    10.330000000     0.719503451    -0.400579483     0.000039444
    10.340000000     0.667191390    -0.393270800     0.000036576
    10.350000000     0.615939128    -0.384626284     0.000033766
    10.360000000     0.566102356    -0.374940158     0.000031034
    10.370000000     0.517990670    -0.364458984     0.000028397
    10.380000000     0.471866034    -0.353387651     0.000025868
    10.390000000     0.427942384    -0.341895154     0.000023461
    10.400000000     0.386386274    -0.330119935     0.000021183
    10.410000000     0.347318473    -0.318174660     0.000019041
    10.420000000     0.310816366    -0.306150413     0.000017040
    10.430000000     0.276917037    -0.294120312     0.000015182
    10.440000000     0.245620877    -0.282142584     0.000013467
    10.450000000     0.216895570    -0.270263177     0.000011893
    10.460000000     0.190680328    -0.258517939     0.000010456
    10.470000000     0.166890225    -0.246934442     0.000009153
    10.480000000     0.145420527    -0.235533495     0.000007978
    10.490000000     0.126150893    -0.224330404     0.000006923
    10.500000000     0.108949376    -0.213336001     0.000005983
    10.510000000     0.093676137    -0.202557507     0.000005149
    10.520000000     0.080186822    -0.191999228     0.000004413
    10.530000000     0.068335572    -0.181663136     0.000003769
    10.540000000     0.057977632    -0.171549344     0.000003208
    10.550000000     0.048971559    -0.161656494     0.000002723
    10.560000000     0.041181029    -0.151982076     0.000002307
    10.570000000     0.034476271    -0.142522683     0.000001954
    10.580000000     0.028735133    -0.133274231     0.000001657
    10.590000000     0.023843829    -0.124232126     0.000001412
    10.600000000     0.019697388    -0.115391406     0.000001213
    10.610000000     0.016199858    -0.106746854     0.000001056
    10.620000000     0.013264283    -0.098293091     0.000000939
    10.630000000     0.010812507    -0.090024650     0.000000858
    10.640000000     0.008774841    -0.081936033     0.000000812
    10.650000000     0.007089613    -0.074021759     0.000000799
    10.660000000     0.005702648    -0.066276402     0.000000820
    10.670000000     0.004566695    -0.058694618     0.000000875
    10.680000000     0.003640822    -0.051271166     0.000000965
    10.690000000     0.002889817    -0.044000931     0.000001092
    10.700000000     0.002283582    -0.036878929     0.000001259
    10.710000000     0.001796557    -0.029900318     0.000001470
    10.720000000     0.001407176    -0.023060405     0.000001728
    10.730000000     0.001097350    -0.016354650     0.000002039
    10.740000000     0.000852006    -0.009778663     0.000002407
    10.750000000     0.000658654    -0.003328209     0.000002840
    10.760000000     0.000507007     0.003000795     0.000003344
    10.770000000     0.000388643     0.009212283     0.000003925
    10.780000000     0.000296708     0.015310043     0.000004592
    10.790000000     0.000225651     0.021297720     0.000005352
    10.800000000     0.000171008     0.027178816     0.000006212
    10.810000000     0.000129205     0.032956704     0.000007181
    10.820000000     0.000097396     0.038634621     0.000008266
    10.830000000     0.000073332     0.044215679     0.000009474
    10.840000000     0.000055239     0.049702870     0.000010810
    10.850000000     0.000041730     0.055099066     0.000012281
    10.860000000     0.000031724     0.060407028     0.000013891
    10.870000000     0.000024385     0.065629408     0.000015643
    10.880000000     0.000019067     0.070768754     0.000017537
    10.890000000     0.000015274     0.075827514     0.000019575
    10.900000000     0.000012630     0.080808042     0.000021751
    10.910000000     0.000010846     0.085712597     0.000024063
    10.920000000     0.000009706     0.090543353     0.000026503
    10.930000000     0.000009044     0.095302399     0.000029060
    10.940000000     0.000008738     0.099991743     0.000031724
    10.950000000     0.000008694     0.104613317     0.000034477
    10.960000000     0.000008841     0.109168978     0.000037304
    10.970000000     0.000009128     0.113660512     0.000040183
    10.980000000     0.000009512     0.118089639     0.000043092
    10.990000000     0.000009964     0.122458012     0.000046007
    11.000000000     0.000010458     0.126767224     0.000048902
    11.010000000     0.000010976     0.131018807     0.000051748
    11.020000000     0.000011500     0.135214236     0.000054517
    11.030000000     0.000012019     0.139354933     0.000057180
    11.040000000     0.000012521     0.143442268     0.000059706
    11.050000000     0.000012997     0.147477563     0.000062068
    11.060000000     0.000013438     0.151462091     0.000064237
    11.070000000     0.000013837     0.155397086     0.000066187
    11.080000000     0.000014188     0.159283738     0.000067894
    11.090000000     0.000014485     0.163123201     0.000069336
    11.100000000     0.000014725     0.166916593     0.000070495
    11.110000000     0.000014903     0.170664998     0.000071355
    11.120000000     0.000015016     0.174369470     0.000071905
    11.130000000     0.000015064     0.178031029     0.000072138
    11.140000000     0.000015046     0.181650666     0.000072051
    11.150000000     0.000014961     0.185229339     0.000071645
    11.160000000     0.000014810     0.188767975     0.000070926
    11.170000000     0.000014596     0.192267469     0.000069902
    11.180000000     0.000014322     0.195728681     0.000068588
    11.190000000     0.000013990     0.199152443     0.000066999
    11.200000000     0.000013605     0.202539553     0.000065158
    11.210000000     0.000013173     0.205890784     0.000063086
    11.220000000     0.000012697     0.209206879     0.000060809
    11.230000000     0.000012185     0.212488556     0.000058354
    11.240000000     0.000011641     0.215736512     0.000055750
    11.250000000     0.000011072     0.218951418     0.000053026
    11.260000000     0.000010484     0.222133928     0.000050211
    11.270000000     0.000009884     0.225284676     0.000047335
    11.280000000     0.000009277     0.228404275     0.000044426
    11.290000000     0.000008668     0.231493324     0.000041511
    11.300000000     0.000008063     0.234552403     0.000038615
    11.310000000     0.000007467     0.237582076     0.000035762
    11.320000000     0.000006885     0.240582891     0.000032972
    11.330000000     0.000006320     0.243555382     0.000030266
    11.340000000     0.000005775     0.246500069     0.000027658
    11.350000000     0.000005254     0.249417455     0.000025163
    11.360000000     0.000004759     0.252308032     0.000022792
    11.370000000     0.000004291     0.255172278     0.000020552
    11.380000000     0.000003853     0.258010659     0.000018451
    11.390000000     0.000003443     0.260823626     0.000016490
    11.400000000     0.000003064     0.263611621     0.000014673
    11.410000000     0.000002714     0.266375073     0.000012998
    11.420000000     0.000002394     0.269114400     0.000011463
    11.430000000     0.000002102     0.271830010     0.000010065
    11.440000000     0.000001837     0.274522299     0.000008798
    11.450000000     0.000001599     0.277191653     0.000007656
    11.460000000     0.000001385     0.279838450     0.000006633
    11.470000000     0.000001195     0.282463058     0.000005722
    11.480000000     0.000001026     0.285065833     0.000004913
    11.490000000     0.000000877     0.287647125     0.000004200
    11.500000000     0.000000746     0.290207276     0.000003575
    11.510000000     0.000000633     0.292746617     0.000003029
    11.520000000     0.000000534     0.295265473     0.000002555
    11.530000000     0.000000448     0.297764159     0.000002146
    11.540000000     0.000000375     0.300242986     0.000001794
    11.550000000     0.000000312     0.302702254     0.000001494
    11.560000000     0.000000258     0.305142258     0.000001238
    11.570000000     0.000000213     0.307563286     0.000001021
    11.580000000     0.000000175     0.309965618     0.000000839
    11.590000000     0.000000143     0.312349529     0.000000686
    11.600000000     0.000000117     0.314715287     0.000000558
    11.610000000     0.000000095     0.317063155     0.000000453
    11.620000000     0.000000076     0.319393388     0.000000365
    11.630000000     0.000000061     0.321706237     0.000000293
    11.640000000     0.000000049     0.324001947     0.000000235
    11.650000000     0.000000039     0.326280758     0.000000187
    11.660000000     0.000000031     0.328542904     0.000000148
    11.670000000     0.000000024     0.330788613     0.000000117
    11.680000000     0.000000019     0.333018112     0.000000092
    11.690000000     0.000000015     0.335231618     0.000000072
    11.700000000     0.000000012     0.337429348     0.000000056
    11.710000000     0.000000009     0.339611511     0.000000043
    11.720000000     0.000000007     0.341778313     0.000000033
    11.730000000     0.000000005     0.343929957     0.000000026
    11.740000000     0.000000004     0.346066639     0.000000020
    11.750000000     0.000000003     0.348188554     0.000000015
    11.760000000     0.000000002     0.350295891     0.000000011
    11.770000000     0.000000002     0.352388836     0.000000009
    11.780000000     0.000000001     0.354467571     0.000000006
    11.790000000     0.000000001     0.356532274     0.000000005
    11.800000000     0.000000001     0.358583120     0.000000004
    11.810000000     0.000000001     0.360620282     0.000000003
    11.820000000     0.000000000     0.362643927     0.000000002
    11.830000000     0.000000000     0.364654220     0.000000001
    11.840000000     0.000000000     0.366651323     0.000000001
    11.850000000     0.000000000     0.368635396     0.000000001
    11.860000000     0.000000000     0.370606592     0.000000001
    11.870000000     0.000000000     0.372565067     0.000000000
    11.880000000     0.000000000     0.374510968     0.000000000
    11.890000000     0.000000000     0.376444445     0.000000000
    11.900000000     0.000000000     0.378365640     0.000000000
    11.910000000     0.000000000     0.380274697     0.000000000
    11.920000000     0.000000000     0.382171754     0.000000000
    11.930000000     0.000000000     0.384056949     0.000000000
    11.940000000     0.000000000     0.385930415     0.000000000
    11.950000000     0.000000000     0.387792285     0.000000000
    11.960000000     0.000000000     0.389642687     0.000000000
    11.970000000     0.000000000     0.391481751     0.000000000
    11.980000000     0.000000000     0.393309600     0.000000000
    11.990000000     0.000000000     0.395126358     0.000000000
    12.000000000     0.000000000     0.396932145     0.000000000
    12.010000000     0.000000000     0.398727081     0.000000000
    12.020000000     0.000000000     0.400511283     0.000000000
    12.030000000     0.000000000     0.402284864     0.000000000
    12.040000000     0.000000000     0.404047938     0.000000000
    12.050000000     0.000000000     0.405800617     0.000000000
    12.060000000     0.000000000     0.407543008     0.000000000
    12.070000000     0.000000000     0.409275221     0.000000000
    12.080000000     0.000000000     0.410997359     0.000000000
    12.090000000     0.000000000     0.412709528     0.000000000
    12.100000000     0.000000000     0.414411829     0.000000000
    12.110000000     0.000000000     0.416104363     0.000000000
    12.120000000     0.000000000     0.417787230     0.000000000
    12.130000000     0.000000000     0.419460525     0.000000000
    12.140000000     0.000000000     0.421124347     0.000000000
    12.150000000     0.000000000     0.422778788     0.000000000
    12.160000000     0.000000000     0.424423942     0.000000000
    12.170000000     0.000000000     0.426059901     0.000000000
    12.180000000     0.000000000     0.427686754     0.000000000
    12.190000000     0.000000000     0.429304590     0.000000000
    12.200000000     0.000000000     0.430913497     0.000000000
    12.210000000     0.000000000     0.432513560     0.000000000
    12.220000000     0.000000000     0.434104865     0.000000000
    12.230000000     0.000000000     0.435687494     0.000000000
    12.240000000     0.000000000     0.437261531     0.000000000
    12.250000000     0.000000000     0.438827056     0.000000000
    12.260000000     0.000000000     0.440384150     0.000000000
    12.270000000     0.000000000     0.441932890     0.000000000
    12.280000000     0.000000000     0.443473354     0.000000000
    12.290000000     0.000000000     0.445005620     0.000000000
    12.300000000     0.000000000     0.446529761     0.000000000
    12.310000000     0.000000000     0.448045853     0.000000000
    12.320000000     0.000000000     0.449553969     0.000000000
    12.330000000     0.000000000     0.451054181     0.000000000
    12.340000000     0.000000000     0.452546560     0.000000000
    12.350000000     0.000000000     0.454031176     0.000000000
    12.360000000     0.000000000     0.455508099     0.000000000
    12.370000000     0.000000000     0.456977396     0.000000000
    12.380000000     0.000000000     0.458439136     0.000000000
    12.390000000     0.000000000     0.459893384     0.000000000
    12.400000000     0.000000000     0.461340206     0.000000000
    12.410000000     0.000000000     0.462779667     0.000000000
    12.420000000     0.000000000     0.464211830     0.000000000
    12.430000000     0.000000000     0.465636759     0.000000000
    12.440000000     0.000000000     0.467054515     0.000000000
    12.450000000     0.000000000     0.468465159     0.000000000
    12.460000000     0.000000000     0.469868753     0.000000000
    12.470000000     0.000000000     0.471265356     0.000000000
    12.480000000     0.000000000     0.472655026     0.000000000
    12.490000000     0.000000000     0.474037822     0.000000000
    12.500000000     0.000000000     0.475413801     0.000000000
    12.510000000     0.000000000     0.476783020     0.000000000
    12.520000000     0.000000000     0.478145535     0.000000000
    12.530000000     0.000000000     0.479501401     0.000000000
    12.540000000     0.000000000     0.480850672     0.000000000
    12.550000000     0.000000000     0.482193403     0.000000000
    12.560000000     0.000000000     0.483529645     0.000000000
    12.570000000     0.000000000     0.484859453     0.000000000
    12.580000000     0.000000000     0.486182878     0.000000000
    12.590000000     0.000000000     0.487499970     0.000000000
    12.600000000     0.000000000     0.488810782     0.000000000
    12.610000000     0.000000000     0.490115361     0.000000000
    12.620000000     0.000000000     0.491413759     0.000000000
    12.630000000     0.000000000     0.492706023     0.000000000
    12.640000000     0.000000000     0.493992202     0.000000000
    12.650000000     0.000000000     0.495272344     0.000000000
    12.660000000     0.000000000     0.496546495     0.000000000
    12.670000000     0.000000000     0.497814701     0.000000000
    12.680000000     0.000000000     0.499077010     0.000000000
    12.690000000     0.000000000     0.500333466     0.000000000
    12.700000000     0.000000000     0.501584114     0.000000000
    12.710000000     0.000000000     0.502828999     0.000000000
    12.720000000     0.000000000     0.504068164     0.000000000
    12.730000000     0.000000000     0.505301653     0.000000000
    12.740000000     0.000000000     0.506529508     0.000000000
    12.750000000     0.000000000     0.507751771     0.000000000
    12.760000000     0.000000000     0.508968486     0.000000000
    12.770000000     0.000000000     0.510179692     0.000000000
    12.780000000     0.000000000     0.511385431     0.000000000
    12.790000000     0.000000000     0.512585744     0.000000000
    12.800000000     0.000000000     0.513780670     0.000000000
    12.810000000     0.000000000     0.514970249     0.000000000
    12.820000000     0.000000000     0.516154520     0.000000000
    12.830000000     0.000000000     0.517333522     0.000000000
    12.840000000     0.000000000     0.518507293     0.000000000
    12.850000000     0.000000000     0.519675871     0.000000000
    12.860000000     0.000000000     0.520839292     0.000000000
    12.870000000     0.000000000     0.521997596     0.000000000
    12.880000000     0.000000000     0.523150817     0.000000000
    12.890000000     0.000000000     0.524298993     0.000000000
    12.900000000     0.000000000     0.525442158     0.000000000
    12.910000000     0.000000000     0.526580349     0.000000000
    12.920000000     0.000000000     0.527713601     0.000000000
    12.930000000     0.000000000     0.528841948     0.000000000
    12.940000000     0.000000000     0.529965424     0.000000000
    12.950000000     0.000000000     0.531084065     0.000000000
    12.960000000     0.000000000     0.532197902     0.000000000
    12.970000000     0.000000000     0.533306971     0.000000000
    12.980000000     0.000000000     0.534411302     0.000000000
    12.990000000     0.000000000     0.535510930     0.000000000
    13.000000000     0.000000000     0.536605887     0.000000000
