     0.000000000    -0.000000000     2.445270011     0.000000000
     0.010000000     0.000000000     2.445276960     0.000000000
     0.020000000     0.000000000     2.445297808     0.000000000
     0.030000000     0.000000000     2.445332558     0.000000000
     0.040000000     0.000000000     2.445381213     0.000000000
     0.050000000     0.000000000     2.445443778     0.000000000
     0.060000000     0.000000000     2.445520261     0.000000000
     0.070000000     0.000000000     2.445610669     0.000000000
     0.080000000     0.000000000     2.445715013     0.000000000
     0.090000000     0.000000000     2.445833304     0.000000000
     0.100000000     0.000000000     2.445965555     0.000000000
     0.110000000     0.000000000     2.446111781     0.000000000
     0.120000000     0.000000000     2.446271997     0.000000000
     0.130000000     0.000000000     2.446446222     0.000000000
     0.140000000     0.000000000     2.446634474     0.000000000
     0.150000000     0.000000000     2.446836774     0.000000000
     0.160000000     0.000000000     2.447053145     0.000000000
     0.170000000     0.000000000     2.447283611     0.000000000
     0.180000000     0.000000000     2.447528196     0.000000000
     0.190000000     0.000000000     2.447786929     0.000000000
     0.200000000     0.000000000     2.448059838     0.000000000
     0.210000000     0.000000000     2.448346953     0.000000000
     0.220000000     0.000000000     2.448648307     0.000000000
     0.230000000     0.000000000     2.448963932     0.000000000
     0.240000000     0.000000000     2.449293865     0.000000000
     0.250000000     0.000000000     2.449638142     0.000000000
     0.260000000     0.000000000     2.449996802     0.000000000
     0.270000000     0.000000000     2.450369886     0.000000000
     0.280000000     0.000000000     2.450757436     0.000000000
     0.290000000     0.000000000     2.451159495     0.000000000
     0.300000000     0.000000000     2.451576109     0.000000000
     0.310000000     0.000000000     2.452007326     0.000000000
     0.320000000     0.000000000     2.452453195     0.000000000
     0.330000000     0.000000000     2.452913767     0.000000000
     0.340000000     0.000000000     2.453389094     0.000000000
     0.350000000     0.000000000     2.453879233     0.000000000
     0.360000000     0.000000000     2.454384238     0.000000000
     0.370000000     0.000000000     2.454904169     0.000000000
     0.380000000     0.000000000     2.455439087     0.000000000
     0.390000000     0.000000000     2.455989053     0.000000000
     0.400000000     0.000000000     2.456554132     0.000000000
     0.410000000     0.000000000     2.457134391     0.000000000
     0.420000000     0.000000000     2.457729898     0.000000000
     0.430000000     0.000000000     2.458340724     0.000000000
     0.440000000     0.000000000     2.458966940     0.000000000
     0.450000000     0.000000000     2.459608623     0.000000000
     0.460000000     0.000000000     2.460265849     0.000000000
     0.470000000     0.000000000     2.460938697     0.000000000
     0.480000000     0.000000000     2.461627248     0.000000000
     0.490000000     0.000000000     2.462331587     0.000000000
     0.500000000     0.000000000     2.463051799     0.000000000
     0.510000000     0.000000000     2.463787972     0.000000000
     0.520000000     0.000000000     2.464540197     0.000000000
     0.530000000     0.000000000     2.465308567     0.000000000
     0.540000000     0.000000000     2.466093179     0.000000000
     0.550000000     0.000000000     2.466894129     0.000000000
     0.560000000     0.000000000     2.467711519     0.000000000
     0.570000000     0.000000000     2.468545452     0.000000000
     0.580000000     0.000000000     2.469396034     0.000000000
     0.590000000     0.000000000     2.470263374     0.000000000
     0.600000000     0.000000000     2.471147582     0.000000000
     0.610000000     0.000000000     2.472048774     0.000000000
     0.620000000     0.000000000     2.472967067     0.000000000
     0.630000000     0.000000000     2.473902579     0.000000000
     0.640000000     0.000000000     2.474855435     0.000000000
     0.650000000     0.000000000     2.475825761     0.000000000
     0.660000000     0.000000000     2.476813686     0.000000000
     0.670000000     0.000000000     2.477819342     0.000000000
     0.680000000     0.000000000     2.478842865     0.000000000
     0.690000000     0.000000000     2.479884394     0.000000000
     0.700000000     0.000000000     2.480944072     0.000000000
     0.710000000     0.000000000     2.482022043     0.000000000
     0.720000000     0.000000000     2.483118459     0.000000000
     0.730000000     0.000000000     2.484233471     0.000000000
     0.740000000     0.000000000     2.485367237     0.000000000
     0.750000000     0.000000000     2.486519918     0.000000000
     0.760000000     0.000000000     2.487691677     0.000000000
     0.770000000     0.000000000     2.488882683     0.000000000
     0.780000000     0.000000000     2.490093109     0.000000000
     0.790000000     0.000000000     2.491323133     0.000000000
     0.800000000     0.000000000     2.492572934     0.000000000
     0.810000000     0.000000000     2.493842698     0.000000000
     0.820000000     0.000000000     2.495132616     0.000000000
     0.830000000     0.000000000     2.496442882     0.000000000
     0.840000000     0.000000000     2.497773695     0.000000000
     0.850000000     0.000000000     2.499125261     0.000000000
     0.860000000     0.000000000     2.500497787     0.000000000
     0.870000000     0.000000000     2.501891489     0.000000000
     0.880000000     0.000000000     2.503306587     0.000000000
     0.890000000     0.000000000     2.504743304     0.000000000
     0.900000000     0.000000000     2.506201873     0.000000000
     0.910000000     0.000000000     2.507682530     0.000000000
     0.920000000     0.000000000     2.509185517     0.000000000
     0.930000000     0.000000000     2.510711081     0.000000000
     0.940000000     0.000000000     2.512259479     0.000000000
     0.950000000     0.000000000     2.513830971     0.000000000
     0.960000000     0.000000000     2.515425824     0.000000000
     0.970000000     0.000000000     2.517044313     0.000000000
     0.980000000     0.000000000     2.518686719     0.000000000
     0.990000000     0.000000000     2.520353332     0.000000000
     1.000000000     0.000000000     2.522044446     0.000000000
     1.010000000     0.000000000     2.523760365     0.000000000
     1.020000000     0.000000000     2.525501402     0.000000000
     1.030000000     0.000000000     2.527267875     0.000000000
     1.040000000     0.000000000     2.529060112     0.000000000
     1.050000000     0.000000000     2.530878451     0.000000000
     1.060000000     0.000000000     2.532723236     0.000000000
     1.070000000     0.000000000     2.534594822     0.000000000
     1.080000000     0.000000000     2.536493574     0.000000000
     1.090000000     0.000000000     2.538419866     0.000000000
     1.100000000     0.000000000     2.540374081     0.000000000
     1.110000000     0.000000000     2.542356614     0.000000000
     1.120000000     0.000000000     2.544367871     0.000000000
     1.130000000     0.000000000     2.546408268     0.000000000
     1.140000000     0.000000000     2.548478234     0.000000000
     1.150000000     0.000000000     2.550578208     0.000000000
     1.160000000     0.000000001     2.552708644     0.000000000
     1.170000000     0.000000001     2.554870005     0.000000000
     1.180000000     0.000000002     2.557062772     0.000000000
     1.190000000     0.000000002     2.559287436     0.000000000
     1.200000000     0.000000003     2.561544504     0.000000000
     1.210000000     0.000000005     2.563834496     0.000000000
     1.220000000     0.000000007     2.566157951     0.000000000
     1.230000000     0.000000011     2.568515419     0.000000000
     1.240000000     0.000000016     2.570907471     0.000000000
     1.250000000     0.000000024     2.573334691     0.000000000
     1.260000000     0.000000034     2.575797683     0.000000000
     1.270000000     0.000000050     2.578297069     0.000000000
     1.280000000     0.000000072     2.580833490     0.000000000
     1.290000000     0.000000104     2.583407607     0.000000000
     1.300000000     0.000000148     2.586020101     0.000000000
     1.310000000     0.000000211     2.588671673     0.000000000
     1.320000000     0.000000299     2.591363050     0.000000000
     1.330000000     0.000000422     2.594094977     0.000000000
     1.340000000     0.000000594     2.596868228     0.000000001
     1.350000000     0.000000831     2.599683597     0.000000001
     1.360000000     0.000001157     2.602541908     0.000000001
     1.370000000     0.000001605     2.605444008     0.000000002
     1.380000000     0.000002217     2.608390775     0.000000002
     1.390000000     0.000003047     2.611383114     0.000000003
     1.400000000     0.000004171     2.614421961     0.000000004
     1.410000000     0.000005683     2.617508283     0.000000006
     1.420000000     0.000007710     2.620643080     0.000000008
     1.430000000     0.000010413     2.623827385     0.000000011
     1.440000000     0.000014001     2.627062266     0.000000014
     1.450000000     0.000018743     2.630348827     0.000000019
     1.460000000     0.000024980     2.633688211     0.000000025
     1.470000000     0.000033144     2.637081600     0.000000033
     1.480000000     0.000043783     2.640530215     0.000000043
     1.490000000     0.000057581     2.644035321     0.000000056
     1.500000000     0.000075392     2.647598224     0.000000073
     1.510000000     0.000098275     2.651220277     0.000000094
     1.520000000     0.000127538     2.654902877     0.000000122
     1.530000000     0.000164781     2.658647471     0.000000156
     1.540000000     0.000211959     2.662455552     0.000000199
     1.550000000     0.000271438     2.666328665     0.000000254
     1.560000000     0.000346069     2.670268404     0.000000322
     1.570000000     0.000439268     2.674276416     0.000000406
     1.580000000     0.000555099     2.678354401     0.000000510
     1.590000000     0.000698370     2.682504109     0.000000638
     1.600000000     0.000874732     2.686727344     0.000000794
     1.610000000     0.001090784     2.691025960     0.000000986
     1.620000000     0.001354181     2.695401864     0.000001218
     1.630000000     0.001673743     2.699857008     0.000001498
     1.640000000     0.002059562     2.704393391     0.000001835
     1.650000000     0.002523105     2.709013051     0.000002239
     1.660000000     0.003077299     2.713718064     0.000002720
     1.670000000     0.003736616     2.718510529     0.000003291
     1.680000000     0.004517116     2.723392565     0.000003966
     1.690000000     0.005436487     2.728366295     0.000004761
     1.700000000     0.006514027     2.733433830     0.000005691
     1.710000000     0.007770609     2.738597250     0.000006776
     1.720000000     0.009228579     2.743858579     0.000008036
     1.730000000     0.010911612     2.749219753     0.000009493
     1.740000000     0.012844504     2.754682581     0.000011170
     1.750000000     0.015052900     2.760248699     0.000013094
     1.760000000     0.017562953     2.765919510     0.000015290
     1.770000000     0.020400907     2.771696114     0.000017787
     1.780000000     0.023592616     2.777579218     0.000020616
     1.790000000     0.027162988     2.783569029     0.000023807
     1.800000000     0.031135362     2.789665124     0.000027393
     1.810000000     0.035530835     2.795866288     0.000031407
     1.820000000     0.040367533     2.802170324     0.000035884
     1.830000000     0.045659857     2.808573813     0.000040859
     1.840000000     0.051417704     2.815071833     0.000046370
     1.850000000     0.057645700     2.821657616     0.000052452
     1.860000000     0.064342457     2.828322141     0.000059144
     1.870000000     0.071499872     2.835053645     0.000066484
     1.880000000     0.079102517     2.841837047     0.000074512
     1.890000000     0.087127119     2.848653280     0.000083268
     1.900000000     0.095542175     2.855478508     0.000092796
     1.910000000     0.104307719     2.862283253     0.000103137
     1.920000000     0.113375270     2.869031418     0.000114339
     1.930000000     0.122687967     2.875679247     0.000126450
     1.940000000     0.132180922     2.882174271     0.000139523
     1.950000000     0.141781792     2.888454324     0.000153614
     1.960000000     0.151411573     2.894446774     0.000168785
     1.970000000     0.160985615     2.900068169     0.000185103
     1.980000000     0.170414851     2.905224581     0.000202642
     1.990000000     0.179607213     2.909813018     0.000221485
     2.000000000     0.188469225     2.913724322     0.000241723
     2.010000000     0.196907724     2.916848042     0.000263455
     2.020000000     0.204831696     2.919079648     0.000286794
     2.030000000     0.212154159     2.920330284     0.000311861
     2.040000000     0.218794070     2.920538809     0.000338791
     2.050000000     0.224678205     2.919685259     0.000367728
     2.060000000     0.229742952     2.917804068     0.000398832
     2.070000000     0.233935990     2.914994624     0.000432272
     2.080000000     0.237217801     2.911426356     0.000468228
     2.090000000     0.239562982     2.907335829     0.000506892
     2.100000000     0.240961317     2.903014504     0.000548464
     2.110000000     0.241418593     2.898787832     0.000593150
     2.120000000     0.240957144     2.894988523     0.000641162
     2.130000000     0.239616102     2.891928514     0.000692712
     2.140000000     0.237451367     2.889874531     0.000748011
     2.150000000     0.234535293     2.889031151     0.000807266
     2.160000000     0.230956119     2.889533206     0.000870671
     2.170000000     0.226817151     2.891447189     0.000938409
     2.180000000     0.222235726     2.894779595     0.001010643
     2.190000000     0.217341998     2.899489353     0.001087510
     2.200000000     0.212277561     2.905501591     0.001169120
     2.210000000     0.207193953     2.912720616     0.001255545
     2.220000000     0.202251071     2.921040793     0.001346818
     2.230000000     0.197615518     2.930354827     0.001442928
     2.240000000     0.193458912     2.940559434     0.001543810
     2.250000000     0.189956175     2.951558796     0.001649348
     2.260000000     0.187283806     2.963266251     0.001759365
     2.270000000     0.185618165     2.975604737     0.001873625
     2.280000000     0.185133743     2.988506401     0.001991828
     2.290000000     0.186001439     3.001911702     0.002113609
     2.300000000     0.188386818     3.015768241     0.002238543
     2.310000000     0.192448353     3.030029464     0.002366139
     2.320000000     0.198335633     3.044653320     0.002495851
     2.330000000     0.206187537     3.059600923     0.002627076
     2.340000000     0.216130359     3.074835206     0.002759165
     2.350000000     0.228275891     3.090319569     0.002891426
     2.360000000     0.242719478     3.106016487     0.003023138
     2.370000000     0.259538047     3.121886060     0.003153555
     2.380000000     0.278788162     3.137884484     0.003281923
     2.390000000     0.300504118     3.153962464     0.003407487
     2.400000000     0.324696148     3.170063593     0.003529508
     2.410000000     0.351348799     3.186122732     0.003647277
     2.420000000     0.380419531     3.202064449     0.003760125
     2.430000000     0.411837650     3.217801526     0.003867440
     2.440000000     0.445503624     3.233233530     0.003968680
     2.450000000     0.481288891     3.248245367     0.004063387
     2.460000000     0.519036222     3.262705709     0.004151197
     2.470000000     0.558560725     3.276465140     0.004231854
     2.480000000     0.599651538     3.289353906     0.004305217
     2.490000000     0.642074265     3.301179219     0.004371270
     2.500000000     0.685574166     3.311722244     0.004430126
     2.510000000     0.729880111     3.320735155     0.004482031
     2.520000000     0.774709248     3.327938926     0.004527366
     2.530000000     0.819772344     3.333022868     0.004566645
     2.540000000     0.864779680     3.335647182     0.004600512
     2.550000000     0.909447393     3.335449969     0.004629734
     2.560000000     0.953504099     3.332060088     0.004655189
     2.570000000     0.996697616     3.325116971     0.004677859
     2.580000000     1.038801578     3.314297935     0.004698813
     2.590000000     1.079621722     3.299352668     0.004719192
     2.600000000     1.119001614     3.280143408     0.004740188
     2.610000000     1.156827590     3.256687782     0.004763028
     2.620000000     1.193032670     3.229199337     0.004788948
     2.630000000     1.227599268     3.198118776     0.004819174
     2.640000000     1.260560494     3.164127488     0.004854897
     2.650000000     1.291999923     3.128135260     0.004897249
     2.660000000     1.322049730     3.091237133     0.004947283
     2.670000000     1.350887138     3.054640237     0.005005945
     2.680000000     1.378729212     3.019568795     0.005074060
     2.690000000     1.405826040     2.987161747     0.005152303
     2.700000000     1.432452463     2.958379967     0.005241189
     2.710000000     1.458898529     2.933937693     0.005341056
     2.720000000     1.485458930     2.914266408     0.005452050
     2.730000000     1.512421710     2.899511574     0.005574116
     2.740000000     1.540056599     2.889556000     0.005706996
     2.750000000     1.568603327     2.884060036     0.005850224
     2.760000000     1.598260328     2.882508352     0.006003128
     2.770000000     1.629174199     2.884254965     0.006164838
     2.780000000     1.661430333     2.888561164     0.006334292
     2.790000000     1.695045057     2.894623854     0.006510257
     2.800000000     1.729959610     2.901594174     0.006691338
     2.810000000     1.766036227     2.908587728     0.006876007
     2.820000000     1.803056546     2.914688659     0.007062623
     2.830000000     1.840722450     2.918950285     0.007249459
     2.840000000     1.878659419     2.920395363     0.007434733
     2.850000000     1.916422358     2.918019327     0.007616639
     2.860000000     1.953503774     2.910800148     0.007793377
     2.870000000     1.989344126     2.897718510     0.007963185
     2.880000000     2.023344058     2.877791726     0.008124371
     2.890000000     2.054878187     2.850123784     0.008275342
     2.900000000     2.083310034     2.813971968     0.008414632
     2.910000000     2.108007677     2.768827407     0.008540929
     2.920000000     2.128359644     2.714502761     0.008653093
     2.930000000     2.143790572     2.651215537     0.008750178
     2.940000000     2.153776162     2.579651457     0.008831441
     2.950000000     2.157856981     2.500990534     0.008896355
     2.960000000     2.155650702     2.416881092     0.008944609
     2.970000000     2.146862429     2.329354715     0.008976109
     2.980000000     2.131292807     2.240687293     0.008990970
     2.990000000     2.108843719     2.153224371     0.008989508
     3.000000000     2.079521419     2.069198410     0.008972218
     3.010000000     2.043437068     1.990567511     0.008939763
     3.020000000     2.000804696     1.918898864     0.008892944
     3.030000000     1.951936716     1.855308417     0.008832679
     3.040000000     1.897237174     1.800455415     0.008759974
     3.050000000     1.837192999     1.754580709     0.008675893
     3.060000000     1.772363556     1.717573097     0.008581535
     3.070000000     1.703368859     1.689048115     0.008478000
     3.080000000     1.630876821     1.668426981     0.008366367
     3.090000000     1.555589923     1.655007808     0.008247669
     3.100000000     1.478231700     1.648025164     0.008122871
     3.110000000     1.399533414     1.646696976     0.007992853
     3.120000000     1.320221242     1.650259392     0.007858399
     3.130000000     1.241004302     1.657991071     0.007720185
     3.140000000     1.162563767     1.669228579     0.007578774
     3.150000000     1.085543261     1.683374633     0.007434617
     3.160000000     1.010540701     1.699900843     0.007288056
     3.170000000     0.938101658     1.718346475     0.007139331
     3.180000000     0.868714283     1.738314619     0.006988593
     3.190000000     0.802805772     1.759466885     0.006835913
     3.200000000     0.740740302     1.781517530     0.006681304
     3.210000000     0.682818342     1.804227595     0.006524733
     3.220000000     0.629277184     1.827399377     0.006366143
     3.230000000     0.580292545     1.850871312     0.006205467
     3.240000000     0.535981056     1.874513184     0.006042652
     3.250000000     0.496403458     1.898221485     0.005877669
     3.260000000     0.461568319     1.921914757     0.005710531
     3.270000000     0.431436102     1.945528826     0.005541302
     3.280000000     0.405923436     1.969011968     0.005370112
     3.290000000     0.384907436     1.992320139     0.005197158
     3.300000000     0.368229973     2.015412499     0.005022711
     3.310000000     0.355701809     2.038247414     0.004847113
     3.320000000     0.347106524     2.060779051     0.004670780
     3.330000000     0.342204208     2.082954575     0.004494190
     3.340000000     0.340734911     2.104711850     0.004317883
     3.350000000     0.342421846     2.125977514     0.004142446
     3.360000000     0.346974382     2.146665304     0.003968504
     3.370000000     0.354090866     2.166674586     0.003796711
     3.380000000     0.363461300     2.185889109     0.003627731
     3.390000000     0.374769952     2.204176137     0.003462234
     3.400000000     0.387697916     2.221386178     0.003300879
     3.410000000     0.401925689     2.237353625     0.003144304
     3.420000000     0.417135775     2.251898642     0.002993117
     3.430000000     0.433015351     2.264830661     0.002847889
     3.440000000     0.449258999     2.275953794     0.002709145
     3.450000000     0.465571488     2.285074449     0.002577363
     3.460000000     0.481670591     2.292011341     0.002452971
     3.470000000     0.497289900     2.296608051     0.002336342
     3.480000000     0.512181588     2.298748178     0.002227805
     3.490000000     0.526119055     2.298372864     0.002127639
     3.500000000     0.538899406     2.295499890     0.002036083
     3.510000000     0.550345679     2.290242579     0.001953343
     3.520000000     0.560308755     2.282825402     0.001879595
     3.530000000     0.568668902     2.273592024     0.001814999
     3.540000000     0.575336868     2.263001222     0.001759701
     3.550000000     0.580254499     2.251607365     0.001713852
     3.560000000     0.583394840     2.240025157     0.001677605
     3.570000000     0.584761687     2.228882386     0.001651137
     3.580000000     0.584388609     2.218768056     0.001634646
     3.590000000     0.582337434     2.210184911     0.001628370
     3.600000000     0.578696240     2.203514326     0.001632586
     3.610000000     0.573576887     2.198998264     0.001647624
     3.620000000     0.567112156     2.196738777     0.001673868
     3.630000000     0.559452566     2.196712044     0.001711767
     3.640000000     0.550762936     2.198791916     0.001761833
     3.650000000     0.541218795     2.202777687     0.001824653
     3.660000000     0.531002715     2.208421727     0.001900886
     3.670000000     0.520300652     2.215454099     0.001991268
     3.680000000     0.509298394     2.223602746     0.002096615
     3.690000000     0.498178179     2.232608987     0.002217822
     3.700000000     0.487115550     2.242238720     0.002355865
     3.710000000     0.476276522     2.252290042     0.002511800
     3.720000000     0.465815087     2.262597888     0.002686764
     3.730000000     0.455871111     2.273036054     0.002881972
     3.740000000     0.446568623     2.283516615     0.003098715
     3.750000000     0.438014525     2.293986605     0.003338361
     3.760000000     0.430297705     2.304421956     0.003602349
     3.770000000     0.423488556     2.314819130     0.003892187
     3.780000000     0.417638858     2.325185467     0.004209446
     3.790000000     0.412782016     2.335529720     0.004555759
     3.800000000     0.408933611     2.345854286     0.004932812
     3.810000000     0.406092216     2.356150219     0.005342342
     3.820000000     0.404240458     2.366395315     0.005786127
     3.830000000     0.403346271     2.376554794     0.006265981
     3.840000000     0.403364302     2.386583508     0.006783745
     3.850000000     0.404237439     2.396428577     0.007341278
     3.860000000     0.405898426     2.406031578     0.007940451
     3.870000000     0.408271520     2.415330073     0.008583134
     3.880000000     0.411274181     2.424258748     0.009271185
     3.890000000     0.414818762     2.432750872     0.010006442
     3.900000000     0.418814165     2.440740743     0.010790708
     3.910000000     0.423167468     2.448167500     0.011625739
     3.920000000     0.427785489     2.454980112     0.012513232
     3.930000000     0.432576274     2.461142878     0.013454810
     3.940000000     0.437450504     2.466640373     0.014452006
     3.950000000     0.442322807     2.471480765     0.015506250
     3.960000000     0.447112959     2.475696678     0.016618851
     3.970000000     0.451746971     2.479343290     0.017790983
     3.980000000     0.456158047     2.482493962     0.019023665
     3.990000000     0.460287414     2.485234220     0.020317743
     4.000000000     0.464085004     2.487655243     0.021673874
     4.010000000     0.467509990     2.489848003     0.023092507
     4.020000000     0.470531169     2.491898957     0.024573862
     4.030000000     0.473127181     2.493887758     0.026117913
     4.040000000     0.475286572     2.495886919     0.027724368
     4.050000000     0.477007689     2.497962940     0.029392650
     4.060000000     0.478298414     2.500178093     0.031121876
     4.070000000     0.479175740     2.502591961     0.032910845
     4.080000000     0.479665189     2.505261963     0.034758015
     4.090000000     0.479800093     2.508242448     0.036661485
     4.100000000     0.479620726     2.511582461     0.038618988
     4.110000000     0.479173328     2.515322757     0.040627869
     4.120000000     0.478509011     2.519492951     0.042685077
     4.130000000     0.477682581     2.524109643     0.044787156
     4.140000000     0.476751291     2.529176077     0.046930237
     4.150000000     0.475773539     2.534683371     0.049110034
     4.160000000     0.474807551     2.540612972     0.051321844
     4.170000000     0.473910052     2.546939682     0.053560549
     4.180000000     0.473134968     2.553634625     0.055820625
     4.190000000     0.472532170     2.560667608     0.058096151
     4.200000000     0.472146304     2.568008586     0.060380827
     4.210000000     0.472015702     2.575628153     0.062667996
     4.220000000     0.472171433     2.583497148     0.064950671
     4.230000000     0.472636486     2.591585577     0.067221565
     4.240000000     0.473425125     2.599861141     0.069473135
     4.250000000     0.474542427     2.608287652     0.071697623
     4.260000000     0.475984009     2.616823610     0.073887109
     4.270000000     0.477735976     2.625421148     0.076033570
     4.280000000     0.479775073     2.634025459     0.078128941
     4.290000000     0.482069061     2.642574758     0.080165188
     4.300000000     0.484577306     2.651000776     0.082134385
     4.310000000     0.487251575     2.659229773     0.084028787
     4.320000000     0.490037026     2.667184113     0.085840924
     4.330000000     0.492873379     2.674784429     0.087563683
     4.340000000     0.495696230     2.681952462     0.089190402
     4.350000000     0.498438502     2.688614602     0.090714957
     4.360000000     0.501031978     2.694706110     0.092131856
     4.370000000     0.503408901     2.700175935     0.093436324
     4.380000000     0.505503578     2.704991883     0.094624387
     4.390000000     0.507253981     2.709145757     0.095692954
     4.400000000     0.508603267     2.712657918     0.096639877
     4.410000000     0.509501205     2.715580542     0.097464020
     4.420000000     0.509905458     2.717998829     0.098165300
     4.430000000     0.509782691     2.720029592     0.098744719
     4.440000000     0.509109462     2.721816969     0.099204386
     4.450000000     0.507872893     2.723525535     0.099547515
     4.460000000     0.506071074     2.725331520     0.099778403
     4.470000000     0.503713212     2.727413222     0.099902399
     4.480000000     0.500819501     2.729941729     0.099925840
     4.490000000     0.497420735     2.733072953     0.099855980
     4.500000000     0.493557658     2.736941589     0.099700891
     4.510000000     0.489280084     2.741657266     0.099469353
     4.520000000     0.484645805     2.747302740     0.099170720
     4.530000000     0.479719324     2.753933781     0.098814780
     4.540000000     0.474570452     2.761580272     0.098411596
     4.550000000     0.469272803     2.770248040     0.097971347
     4.560000000     0.463902251     2.779921016     0.097504152
     4.570000000     0.458535370     2.790563443     0.097019904
     4.580000000     0.453247933     2.802121974     0.096528101
     4.590000000     0.448113480     2.814527650     0.096037682
     4.600000000     0.443202033     2.827697854     0.095556873
     4.610000000     0.438578964     2.841538393     0.095093055
     4.620000000     0.434304065     2.855945866     0.094652636
     4.630000000     0.430430835     2.870810389     0.094240955
     4.640000000     0.427006010     2.886018676     0.093862206
     4.650000000     0.424069337     2.901457433     0.093519386
     4.660000000     0.421653587     2.917016929     0.093214273
     4.670000000     0.419784826     2.932594674     0.092947431
     4.680000000     0.418482893     2.948099057     0.092718243
     4.690000000     0.417762100     2.963452867     0.092524974
     4.700000000     0.417632102     2.978596528     0.092364860
     4.710000000     0.418098915     2.993490875     0.092234221
     4.720000000     0.419166051     3.008119233     0.092128594
     4.730000000     0.420835722     3.022488510     0.092042891
     4.740000000     0.423110088     3.036629015     0.091971564
     4.750000000     0.425992493     3.050592770     0.091908784
     4.760000000     0.429488669     3.064450208     0.091848630
     4.770000000     0.433607863     3.078285413     0.091785270
     4.780000000     0.438363859     3.092190302     0.091713145
     4.790000000     0.443775859     3.106258365     0.091627144
     4.800000000     0.449869212     3.120578602     0.091522760
     4.810000000     0.456675964     3.135230218     0.091396237
     4.820000000     0.464235212     3.150278362     0.091244692
     4.830000000     0.472593258     3.165770980     0.091066209
     4.840000000     0.481803560     3.181736716     0.090859910
     4.850000000     0.491926467     3.198183790     0.090626002
     4.860000000     0.503028759     3.215099921     0.090365785
     4.870000000     0.515182978     3.232453444     0.090081635
     4.880000000     0.528466584     3.250195833     0.089776960
     4.890000000     0.542960920     3.268265698     0.089456126
     4.900000000     0.558750028     3.286594095     0.089124357
     4.910000000     0.575919311     3.305110615     0.088787611
     4.920000000     0.594554067     3.323749444     0.088452445
     4.930000000     0.614737915     3.342454365     0.088125853
     4.940000000     0.636551133     3.361181703     0.087815104
     4.950000000     0.660068923     3.379900474     0.087527565
     4.960000000     0.685359633     3.398589516     0.087270531
     4.970000000     0.712482952     3.417231997     0.087051050
     4.980000000     0.741488119     3.435808261     0.086875765
     4.990000000     0.772412144     3.454288342     0.086750757
     5.000000000     0.805278109     3.472625503     0.086681412
     5.010000000     0.840093540     3.490751807     0.086672307
     5.020000000     0.876848909     3.508576275     0.086727112
     5.030000000     0.915516290     3.525985576     0.086848523
     5.040000000     0.956048204     3.542846771     0.087038214
     5.050000000     0.998376685     3.559011407     0.087296817
     5.060000000     1.042412610     3.574320185     0.087623933
     5.070000000     1.088045321     3.588607670     0.088018157
     5.080000000     1.135142576     3.601706725     0.088477137
     5.090000000     1.183550847     3.613452690     0.088997645
     5.100000000     1.233096009     3.623687500     0.089575674
     5.110000000     1.283584420     3.632263949     0.090206547
     5.120000000     1.334804419     3.639050132     0.090885035
     5.130000000     1.386528233     3.643933668     0.091605486
     5.140000000     1.438514300     3.646824915     0.092361965
     5.150000000     1.490509984     3.647658106     0.093148378
     5.160000000     1.542254658     3.646389419     0.093958612
     5.170000000     1.593483112     3.642991656     0.094786656
     5.180000000     1.643929245     3.637446218     0.095626722
     5.190000000     1.693329968     3.629734282     0.096473343
     5.200000000     1.741429249     3.619829893     0.097321471
     5.210000000     1.787982225     3.607697770     0.098166551
     5.220000000     1.832759272     3.593297790     0.099004579
     5.230000000     1.875549962     3.576596579     0.099832150
     5.240000000     1.916166782     3.557584886     0.100646482
     5.250000000     1.954448532     3.536297978     0.101445427
     5.260000000     1.990263298     3.512835528     0.102227470
     5.270000000     2.023510912     3.487377406     0.102991710
     5.280000000     2.054124807     3.460192506     0.103737830
     5.290000000     2.082073212     3.431638803     0.104466065
     5.300000000     2.107359614     3.402154248     0.105177148
     5.310000000     2.130022470     3.372239417     0.105872265
     5.320000000     2.150134131     3.342433844     0.106552999
     5.330000000     2.167798999     3.313288457     0.107221275
     5.340000000     2.183150939     3.285336531     0.107879306
     5.350000000     2.196349987     3.259065376     0.108529544
     5.360000000     2.207578434     3.234890788     0.109174631
     5.370000000     2.217036378     3.213136253     0.109817358
     5.380000000     2.224936842     3.194018697     0.110460631
     5.390000000     2.231500595     3.177642000     0.111107441
     5.400000000     2.236950797     3.163998479     0.111760846
     5.410000000     2.241507628     3.152977373     0.112423951
     5.420000000     2.245383025     3.144378479     0.113099901
     5.430000000     2.248775689     3.137928782     0.113791879
     5.440000000     2.251866488     3.133300157     0.114503108
     5.450000000     2.254814391     3.130126705     0.115236850
     5.460000000     2.257753036     3.128020851     0.115996418
     5.470000000     2.260788036     3.126587699     0.116785182
     5.480000000     2.263995088     3.125437433     0.117606573
     5.490000000     2.267418943     3.124195792     0.118464092
     5.500000000     2.271073254     3.122512916     0.119361311
     5.510000000     2.274941309     3.120071007     0.120301872
     5.520000000     2.278977622     3.116591354     0.121289481
     5.530000000     2.283110339     3.111841045     0.122327898
     5.540000000     2.287244370     3.105639387     0.123420920
     5.550000000     2.291265191     3.097863591     0.124572358
     5.560000000     2.295043175     3.088453012     0.125786012
     5.570000000     2.298438356     3.077411118     0.127065632
     5.580000000     2.301305493     3.064804640     0.128414886
     5.590000000     2.303499292     3.050759773     0.129837312
     5.600000000     2.304879662     3.035455896     0.131336271
     5.610000000     2.305316871     3.019117531     0.132914900
     5.620000000     2.304696470     3.002005334     0.134576055
     5.630000000     2.302923866     2.984406549     0.136322262
     5.640000000     2.299928450     2.966625036     0.138155660
     5.650000000     2.295667168     2.948970770     0.140077950
     5.660000000     2.290127478     2.931748980     0.142090345
     5.670000000     2.283329613     2.915249599     0.144193522
     5.680000000     2.275328118     2.899738223     0.146387582
     5.690000000     2.266212626     2.885449966     0.148672007
     5.700000000     2.256107872     2.872587152     0.151045635
     5.710000000     2.245172933     2.861320895     0.153506635
     5.720000000     2.233599731     2.851795550     0.156052489
     5.730000000     2.221610827     2.844134250     0.158679984
     5.740000000     2.209456540     2.838443579     0.161385221
     5.750000000     2.197411465     2.834815900     0.164163617
     5.760000000     2.185770439     2.833328731     0.167009938
     5.770000000     2.174844038     2.834041450     0.169918323
     5.780000000     2.164953671     2.836990262     0.172882335
     5.790000000     2.156426368     2.842182557     0.175895009
     5.800000000     2.149589332     2.849591712     0.178948920
     5.810000000     2.144764356     2.859153106     0.182036257
     5.820000000     2.142262182     2.870761820     0.185148908
     5.830000000     2.142376904     2.884272266     0.188278549
     5.840000000     2.145380492     2.899499841     0.191416749
     5.850000000     2.151517534     2.916224527     0.194555072
     5.860000000     2.161000274     2.934196215     0.197685195
     5.870000000     2.174004038     2.953141293     0.200799015
     5.880000000     2.190663119     2.972769822     0.203888774
     5.890000000     2.211067204     2.992782456     0.206947170
     5.900000000     2.235258408     3.012876241     0.209967472
     5.910000000     2.263228980     3.032748642     0.212943630
     5.920000000     2.294919738     3.052099469     0.215870376
     5.930000000     2.330219280     3.070630833     0.218743316
     5.940000000     2.368964004     3.088045637     0.221559010
     5.950000000     2.410938967     3.104045320     0.224315039
     5.960000000     2.455879592     3.118327679     0.227010052
     5.970000000     2.503474216     3.130585453     0.229643796
     5.980000000     2.553367474     3.140506279     0.232217132
     5.990000000     2.605164469     3.147774461     0.234732015
     6.000000000     2.658435692     3.152074908     0.237191466
     6.010000000     2.712722619     3.153099514     0.239599513
     6.020000000     2.767543906     3.150556127     0.241961109
     6.030000000     2.822402085     3.144180081     0.244282030
     6.040000000     2.876790653     3.133748050     0.246568749
     6.050000000     2.930201426     3.119093633     0.248828289
     6.060000000     2.982132049     3.100123687     0.251068064
     6.070000000     3.032093497     3.076833967     0.253295696
     6.080000000     3.079617455     3.049322249     0.255518829
     6.090000000     3.124263428     3.017796967     0.257744932
     6.100000000     3.165625448     2.982579689     0.259981097
     6.110000000     3.203338255     2.944100405     0.262233842
     6.120000000     3.237082831     2.902885493     0.264508916
     6.130000000     3.266591199     2.859539181     0.266811124
     6.140000000     3.291650386     2.814719956     0.269144158
     6.150000000     3.312105488     2.769113837     0.271510455
     6.160000000     3.327861801     2.723406596     0.273911083
     6.170000000     3.338885981     2.678257071     0.276345654
     6.180000000     3.345206221     2.634273659     0.278812268
     6.190000000     3.346911486     2.591995773     0.281307503
     6.200000000     3.344149808     2.551881508     0.283826436
     6.210000000     3.337125725     2.514301997     0.286362703
     6.220000000     3.326096902     2.479542043     0.288908608
     6.230000000     3.311370036     2.447805888     0.291455263
     6.240000000     3.293296131     2.419226453     0.293992772
     6.250000000     3.272265232     2.393876180     0.296510443
     6.260000000     3.248700726     2.371777772     0.298997037
     6.270000000     3.223053323     2.352913510     0.301441041
     6.280000000     3.195794795     2.337232488     0.303830961
     6.290000000     3.167411606     2.324655801     0.306155626
     6.300000000     3.138398494     2.315080411     0.308404510
     6.310000000     3.109252119     2.308382777     0.310568035
     6.320000000     3.080464845     2.304423360     0.312637888
     6.330000000     3.052518734     2.303052627     0.314607301
     6.340000000     3.025879822     2.304118425     0.316471323
     6.350000000     3.000992723     2.307473734     0.318227056
     6.360000000     2.978275636     2.312983147     0.319873851
     6.370000000     2.958115776     2.320526256     0.321413469
     6.380000000     2.940865289     2.329996491     0.322850185
     6.390000000     2.926837679     2.341294827     0.324190847
     6.400000000     2.916304784     2.354318912     0.325444880
     6.410000000     2.909494317     2.368949258     0.326624232
     6.420000000     2.906588017     2.385034837     0.327743263
     6.430000000     2.907720411     2.402380610     0.328818586
     6.440000000     2.912978216     2.420739023     0.329868848
     6.450000000     2.922400388     2.439806730     0.330914467
     6.460000000     2.935978826     2.459226758     0.331977328
     6.470000000     2.953659719     2.478595614     0.333080436
     6.480000000     2.975345547     2.497474396     0.334247542
     6.490000000     3.000897698     2.515402972     0.335502749
     6.500000000     3.030139678     2.531916458     0.336870098
     6.510000000     3.062860883     2.546563365     0.338373154
     6.520000000     3.098820864     2.558924654     0.340034588
     6.530000000     3.137754040     2.568632593     0.341875778
     6.540000000     3.179374769     2.575387818     0.343916422
     6.550000000     3.223382700     2.578972717     0.346174183
     6.560000000     3.269468308     2.579259388     0.348664369
     6.570000000     3.317318505     2.576211041     0.351399646
     6.580000000     3.366622218     2.569876737     0.354389801
     6.590000000     3.417075820     2.560380531     0.357641557
     6.600000000     3.468388298     2.547906952     0.361158434
     6.610000000     3.520286033     2.532685160     0.364940666
     6.620000000     3.572517095     2.514973874     0.368985172
     6.630000000     3.624854937     2.495048450     0.373285581
     6.640000000     3.677101400     2.473190581     0.377832306
     6.650000000     3.729088946     2.449680410     0.382612667
     6.660000000     3.780682048     2.424790491     0.387611064
     6.670000000     3.831777705     2.398781099     0.392809178
     6.680000000     3.882305030     2.371896691     0.398186223
     6.690000000     3.932223936     2.344363514     0.403719214
     6.700000000     3.981522910     2.316388415     0.409383264
     6.710000000     4.030215929     2.288158755     0.415151902
     6.720000000     4.078338588     2.259843001     0.420997395
     6.730000000     4.125943507     2.231591389     0.426891080
     6.740000000     4.173095151     2.203535923     0.432803700
     6.750000000     4.219864171     2.175789090     0.438705720
     6.760000000     4.266321416     2.148440935     0.444567654
     6.770000000     4.312531792     2.121554464     0.450360355
     6.780000000     4.358548108     2.095159716     0.456055307
     6.790000000     4.404405119     2.069247136     0.461624878
     6.800000000     4.450113918     2.043761077     0.467042560
     6.810000000     4.495656866     2.018594290     0.472283179
     6.820000000     4.540983231     1.993584176     0.477323079
     6.830000000     4.586005681     1.968511336     0.482140273
     6.840000000     4.630597773     1.943100660     0.486714573
     6.850000000     4.674592560     1.917024903     0.491027686
     6.860000000     4.717782391     1.889910501     0.495063284
     6.870000000     4.759919974     1.861345343     0.498807051
     6.880000000     4.800720720     1.830888384     0.502246700
     6.890000000     4.839866363     1.798081310     0.505371969
     6.900000000     4.877009802     1.762462722     0.508174597
     6.910000000     4.911781095     1.723585438     0.510648282
     6.920000000     4.943794469     1.681037222     0.512788616
     6.930000000     4.972656223     1.634464745     0.514593016
     6.940000000     4.997973314     1.583599817     0.516060632
     6.950000000     5.019362455     1.528286285     0.517192251
     6.960000000     5.036459480     1.468505313     0.517990197
     6.970000000     5.048928755     1.404396443     0.518458219
     6.980000000     5.056472390     1.336271626     0.518601374
     6.990000000     5.058839014     1.264619721     0.518425922
     7.000000000     5.055831885     1.190099654     0.517939203
     7.010000000     5.047316115     1.113521487     0.517149530
     7.020000000     5.033224814     1.035815982     0.516066074
     7.030000000     5.013563996     0.957994602     0.514698762
     7.040000000     4.988416091     0.881103037     0.513058172
     7.050000000     4.957941977     0.806172259     0.511155433
     7.060000000     4.922381465     0.734171537     0.509002136
     7.070000000     4.882052200     0.665967705     0.506610245
     7.080000000     4.837347001     0.602294219     0.503992011
     7.090000000     4.788729691     0.543732171     0.501159896
     7.100000000     4.736729492     0.490703678     0.498126501
     7.110000000     4.681934108     0.443476312     0.494904491
     7.120000000     4.624981633     0.402175901     0.491506535
     7.130000000     4.566551463     0.366804390     0.487945239
     7.140000000     4.507354376     0.337259626     0.484233093
     7.150000000     4.448121991     0.313354615     0.480382408
     7.160000000     4.389595799     0.294834766     0.476405272
     7.170000000     4.332515979     0.281392473     0.472313495
     7.180000000     4.277610192     0.272678983     0.468118567
     7.190000000     4.225582552     0.268313793     0.463831618
     7.200000000     4.177102959     0.267892022     0.459463376
     7.210000000     4.132796964     0.270990278     0.455024143
     7.220000000     4.093236329     0.277171566     0.450523760
     7.230000000     4.058930415     0.285989702     0.445971591
     7.240000000     4.030318515     0.296993430     0.441376510
     7.250000000     4.007763263     0.309730020     0.436746888
     7.260000000     3.991545165     0.323747772     0.432090594
     7.270000000     3.981858358     0.338596664     0.427415006
     7.280000000     3.978807620     0.353826544     0.422727017
     7.290000000     3.982406676     0.368982751     0.418033060
     7.300000000     3.992577813     0.383599782     0.413339131
     7.310000000     4.009152804     0.397194332     0.408650826
     7.320000000     4.031875111     0.409259599     0.403973371
     7.330000000     4.060403348     0.419262924     0.399311670
     7.340000000     4.094315941     0.426648446     0.394670343
     7.350000000     4.133116922     0.430845655     0.390053774
     7.360000000     4.176242771     0.431283481     0.385466154
     7.370000000     4.223070206     0.427408491     0.380911525
     7.380000000     4.272924810     0.418704934     0.376393819
     7.390000000     4.325090362     0.404714339     0.371916898
     7.400000000     4.378818737     0.385052818     0.367484581
     7.410000000     4.433340215     0.359425218     0.363100673
     7.420000000     4.487874048     0.327636231     0.358768981
     7.430000000     4.541639112     0.289599210     0.354493325
     7.440000000     4.593864482     0.245343493     0.350277542
     7.450000000     4.643799751     0.195020465     0.346125479
     7.460000000     4.690724941     0.138907585     0.342040983
     7.470000000     4.733959842     0.077408687     0.338027881
     7.480000000     4.772872630     0.011048382     0.334089951
     7.490000000     4.806887646    -0.059541184     0.330230895
     7.500000000     4.835492204    -0.133641698     0.326454298
     7.510000000     4.858242350    -0.210476824     0.322763590
     7.520000000     4.874767497    -0.289244000     0.319162004
     7.530000000     4.884773873    -0.369145674     0.315652531
     7.540000000     4.888046784    -0.449415921     0.312237877
     7.550000000     4.884451666    -0.529339709     0.308920419
     7.560000000     4.873933966    -0.608264256     0.305702166
     7.570000000     4.856517881    -0.685604155     0.302584720
     7.580000000     4.832304027    -0.760843348     0.299569241
     7.590000000     4.801466118    -0.833537114     0.296656420
     7.600000000     4.764246731    -0.903315981     0.293846449
     7.610000000     4.720952282    -0.969891299     0.291139005
     7.620000000     4.671947306    -1.033060155     0.288533231
     7.630000000     4.617648150    -1.092706186     0.286027728
     7.640000000     4.558516215    -1.148793264     0.283620547
     7.650000000     4.495050829    -1.201350803     0.281309191
     7.660000000     4.427781882    -1.250451957     0.279090613
     7.670000000     4.357262312    -1.296188195     0.276961227
     7.680000000     4.284060549    -1.338644877     0.274916918
     7.690000000     4.208752986    -1.377882220     0.272953052
     7.700000000     4.131916590    -1.413924643     0.271064497
     7.710000000     4.054121686    -1.446759502     0.269245637
     7.720000000     3.975925031    -1.476344335     0.267490393
     7.730000000     3.897863190    -1.502620444     0.265792250
     7.740000000     3.820446321    -1.525530050     0.264144274
     7.750000000     3.744152380    -1.545034405     0.262539146
     7.760000000     3.669421838    -1.561130728     0.260969186
     7.770000000     3.596652924    -1.573866474     0.259426381
     7.780000000     3.526197471    -1.583350062     0.257902426
     7.790000000     3.458357389    -1.589757624     0.256388750
     7.800000000     3.393381818    -1.593335685     0.254876562
     7.810000000     3.331464999    -1.594399969     0.253356890
     7.820000000     3.272744888    -1.593330743     0.251820626
     7.830000000     3.217302554    -1.590565252     0.250258579
     7.840000000     3.165162365    -1.586587799     0.248661523
     7.850000000     3.116292976    -1.581917850     0.247020263
     7.860000000     3.070609127    -1.577096176     0.245325690
     7.870000000     3.027974212    -1.572668779     0.243568852
     7.880000000     2.988203618    -1.569168237     0.241741024
     7.890000000     2.951068766    -1.567092458     0.239833778
     7.900000000     2.916301808    -1.566881663     0.237839065
     7.910000000     2.883600900    -1.568895475     0.235749288
     7.920000000     2.852635978    -1.573393138     0.233557382
     7.930000000     2.823054909    -1.580520445     0.231256891
     7.940000000     2.794489936    -1.590306715     0.228842048
     7.950000000     2.766564287    -1.602673707     0.226307843
     7.960000000     2.738898810    -1.617455987     0.223650094
     7.970000000     2.711118544    -1.634429443     0.220865510
     7.980000000     2.682859058    -1.653342255     0.217951742
     7.990000000     2.653772472    -1.673941659     0.214907432
     8.000000000     2.623533033    -1.695990648     0.211732244
     8.010000000     2.591842141    -1.719271333     0.208426895
     8.020000000     2.558432750    -1.743575248     0.204993156
     8.030000000     2.523073053    -1.768684304     0.201433862
     8.040000000     2.485569420    -1.794348476     0.197752889
     8.050000000     2.445768530    -1.820267061     0.193955128
     8.060000000     2.403558694    -1.846079311     0.190046447
     8.070000000     2.358870377    -1.871367954     0.186033634
     8.080000000     2.311675924    -1.895676063     0.181924332
     8.090000000     2.261988553    -1.918534836     0.177726963
     8.100000000     2.209860646    -1.939497628     0.173450640
     8.110000000     2.155381437    -1.958174476     0.169105076
     8.120000000     2.098674151    -1.974261513     0.164700480
     8.130000000     2.039892705    -1.987560775     0.160247452
     8.140000000     1.979218051    -1.997987726     0.155756873
     8.150000000     1.916854272    -2.005565917     0.151239797
     8.160000000     1.853024521    -2.010410171     0.146707342
     8.170000000     1.787966892    -2.012701325     0.142170577
     8.180000000     1.721930329    -2.012656598     0.137640425
     8.190000000     1.655170637    -2.010500040     0.133127560
     8.200000000     1.587946672    -2.006437156     0.128642316
     8.210000000     1.520516775    -2.000636840     0.124194602
     8.220000000     1.453135492    -1.993222259     0.119793828
     8.230000000     1.386050620    -1.984270718     0.115448838
     8.240000000     1.319500609    -1.973821028     0.111167849
     8.250000000     1.253712325    -1.961885863     0.106958412
     8.260000000     1.188899181    -1.948466205     0.102827369
     8.270000000     1.125259635    -1.933565170     0.098780827
     8.280000000     1.062976035    -1.917199119     0.094824148
     8.290000000     1.002213789    -1.899404797     0.090961936
     8.300000000     0.943120842    -1.880242054     0.087198044
     8.310000000     0.885827421    -1.859792501     0.083535583
     8.320000000     0.830446028    -1.838155027     0.079976945
     8.330000000     0.777071636    -1.815439556     0.076523828
     8.340000000     0.725782065    -1.791760532     0.073177269
     8.350000000     0.676638510    -1.767231446     0.069937687
     8.360000000     0.629686184    -1.741961233     0.066804924
     8.370000000     0.584955056    -1.716052751     0.063778296
     8.380000000     0.542460660    -1.689602961     0.060856644
     8.390000000     0.502204963    -1.662704106     0.058038387
     8.400000000     0.464177266    -1.635445100     0.055321579
     8.410000000     0.428355125    -1.607912549     0.052703964
     8.420000000     0.394705298    -1.580191097     0.050183031
     8.430000000     0.363184684    -1.552363099     0.047756070
     8.440000000     0.333741277    -1.524507783     0.045420224
     8.450000000     0.306315104    -1.496700150     0.043172538
     8.460000000     0.280839164    -1.469009843     0.041010008
     8.470000000     0.257240353    -1.441500174     0.038929624
     8.480000000     0.235440376    -1.414227444     0.036928408
     8.490000000     0.215356646    -1.387240613     0.035003452
     8.500000000     0.196903166    -1.360581365     0.033151943
     8.510000000     0.179991384    -1.334284551     0.031371194
     8.520000000     0.164531036    -1.308378951     0.029658659
     8.530000000     0.150430943    -1.282888247     0.028011951
     8.540000000     0.137599793    -1.257832073     0.026428850
     8.550000000     0.125946871    -1.233226941     0.024907311
     8.560000000     0.115382756    -1.209086897     0.023445460
     8.570000000     0.105819962    -1.185423738     0.022041595
     8.580000000     0.097173530    -1.162246747     0.020694174
     8.590000000     0.089361563    -1.139561942     0.019401808
     8.600000000     0.082305697    -1.117370957     0.018163243
     8.610000000     0.075931504    -1.095669755     0.016977347
     8.620000000     0.070168829    -1.074447472     0.015843090
     8.630000000     0.064952060    -1.053685702     0.014759525
     8.640000000     0.060220319    -1.033358555     0.013725769
     8.650000000     0.055917586    -1.013433653     0.012740982
     8.660000000     0.051992756    -0.993874078     0.011804346
     8.670000000     0.048399626    -0.974641016     0.010915049
     8.680000000     0.045096820    -0.955696671     0.010072265
     8.690000000     0.042047656    -0.937006920     0.009275139
     8.700000000     0.039219959    -0.918543299     0.008522775
     8.710000000     0.036585833    -0.900284053     0.007814223
     8.720000000     0.034121386    -0.882214244     0.007148467
     8.730000000     0.031806430    -0.864325104     0.006524426
     8.740000000     0.029624157    -0.846612890     0.005940942
     8.750000000     0.027560795    -0.829077548     0.005396785
     8.760000000     0.025605263    -0.811721400     0.004890649
     8.770000000     0.023748815    -0.794548015     0.004421159
     8.780000000     0.021984701    -0.777561318     0.003986875
     8.790000000     0.020307836    -0.760764961     0.003586298
     8.800000000     0.018714483    -0.744161918     0.003217879
     8.810000000     0.017201968    -0.727754256     0.002880032
     8.820000000     0.015768408    -0.711543051     0.002571139
     8.830000000     0.014412486    -0.695528394     0.002289566
     8.840000000     0.013133238    -0.679709450     0.002033672
     8.850000000     0.011929888    -0.664084559     0.001801822
     8.860000000     0.010801704    -0.648651344     0.001592397
     8.870000000     0.009747894    -0.633406824     0.001403806
     8.880000000     0.008767527    -0.618347526     0.001234492
     8.890000000     0.007859484    -0.603469574     0.001082948
     8.900000000     0.007022439    -0.588768780     0.000947718
     8.910000000     0.006254859    -0.574240712     0.000827408
     8.920000000     0.005555031    -0.559880754     0.000720691
     8.930000000     0.004921106    -0.545684157     0.000626309
     8.940000000     0.004351156    -0.531646076     0.000543079
     8.950000000     0.003843250    -0.517761605     0.000469894
     8.960000000     0.003395542    -0.504025801     0.000405725
     8.970000000     0.003006366    -0.490433707     0.000349619
     8.980000000     0.002674337    -0.476980364     0.000300699
     8.990000000     0.002398465    -0.463660831     0.000258163
     9.000000000     0.002178270    -0.450470188     0.000221280
     9.010000000     0.002013899    -0.437403549     0.000189390
     9.020000000     0.001906248    -0.424456064     0.000161896
     9.030000000     0.001857086    -0.411622927     0.000138266
     9.040000000     0.001869176    -0.398899379     0.000118024
     9.050000000     0.001946396    -0.386280710     0.000100748
     9.060000000     0.002093856    -0.373762264     0.000086066
     9.070000000     0.002318012    -0.361339438     0.000073652
     9.080000000     0.002626765    -0.349007693     0.000063222
     9.090000000     0.003029555    -0.336762550     0.000054529
     9.100000000     0.003537432    -0.324599603     0.000047361
     9.110000000     0.004163116    -0.312514521     0.000041536
     9.120000000     0.004921025    -0.300503060     0.000036899
     9.130000000     0.005827271    -0.288561076     0.000033321
     9.140000000     0.006899624    -0.276684538     0.000030692
     9.150000000     0.008157435    -0.264869552     0.000028923
     9.160000000     0.009621502    -0.253112383     0.000027939
     9.170000000     0.011313891    -0.241409486     0.000027682
     9.180000000     0.013257691    -0.229757550     0.000028102
     9.190000000     0.015476713    -0.218153542     0.000029162
     9.200000000     0.017995115    -0.206594770     0.000030831
     9.210000000     0.020836966    -0.195078959     0.000033087
     9.220000000     0.024025740    -0.183604338     0.000035908
     9.230000000     0.027583750    -0.172169755     0.000039281
     9.240000000     0.031531521    -0.160774817     0.000043189
     9.250000000     0.035887119    -0.149420049     0.000047620
     9.260000000     0.040665440    -0.138107104     0.000052559
     9.270000000     0.045877476    -0.126839004     0.000057989
     9.280000000     0.051529580    -0.115620436     0.000063890
     9.290000000     0.057622739    -0.104458107     0.000070238
     9.300000000     0.064151890    -0.093361169     0.000077006
     9.310000000     0.071105292    -0.082341717     0.000084160
     9.320000000     0.078463985    -0.071415381     0.000091660
     9.330000000     0.086201357    -0.060602007     0.000099461
     9.340000000     0.094282846    -0.049926440     0.000107511
     9.350000000     0.102665794    -0.039419393     0.000115751
     9.360000000     0.111299477    -0.029118397     0.000124118
     9.370000000     0.120125329    -0.019068780     0.000132543
     9.380000000     0.129077357    -0.009324626     0.000140950
     9.390000000     0.138082771     0.000050405     0.000149262
     9.400000000     0.147062817     0.008982558     0.000157397
     9.410000000     0.155933808     0.017387978     0.000165272
     9.420000000     0.164608334     0.025173532     0.000172802
     9.430000000     0.172996648     0.032238829     0.000179906
     9.440000000     0.181008175     0.038479861     0.000186502
     9.450000000     0.188553131     0.043794673     0.000192513
     9.460000000     0.195544212     0.048091354     0.000197867
     9.470000000     0.201898295     0.051298355     0.000202499
     9.480000000     0.207538137     0.053376632     0.000206351
     9.490000000     0.212393998     0.054332455     0.000209373
     9.500000000     0.216405162     0.054228922     0.000211529
     9.510000000     0.219521315     0.053193649     0.000212789
     9.520000000     0.221703736     0.051419979     0.000213137
     9.530000000     0.222926268     0.049159761     0.000212569
     9.540000000     0.223176063     0.046707314     0.000211092
     9.550000000     0.222454059     0.044376309     0.000208725
     9.560000000     0.220775205     0.042473205     0.000205497
     9.570000000     0.218168418     0.041271931     0.000201451
     9.580000000     0.214676291     0.040994123     0.000196636
     9.590000000     0.210354575     0.041797665     0.000191113
     9.600000000     0.205271449     0.043774154     0.000184948
     9.610000000     0.199506622     0.046953998     0.000178216
     9.620000000     0.193150304     0.051316679     0.000170994
     9.630000000     0.186302089     0.056803470     0.000163366
     9.640000000     0.179069780     0.063330285     0.000155414
     9.650000000     0.171568230     0.070799077     0.000147224
     9.660000000     0.163918203     0.079106998     0.000138879
     9.670000000     0.156245323     0.088153111     0.000130460
     9.680000000     0.148679127     0.097842850     0.000122046
     9.690000000     0.141352237     0.108090639     0.000113711
     9.700000000     0.134399696     0.118821093     0.000105524
     9.710000000     0.127958429     0.129969242     0.000097547
     9.720000000     0.122166865     0.141480104     0.000089837
     9.730000000     0.117164676     0.153307866     0.000082444
     9.740000000     0.113092611     0.165414884     0.000075411
     9.750000000     0.110092399     0.177770593     0.000068774
     9.760000000     0.108306666     0.190350430     0.000062563
     9.770000000     0.107878816     0.203134800     0.000056801
     9.780000000     0.108952824     0.216108108     0.000051505
     9.790000000     0.111672877     0.229257859     0.000046686
     9.800000000     0.116182809     0.242573812     0.000042351
     9.810000000     0.122625272     0.256047184     0.000038501
     9.820000000     0.131140594     0.269669873     0.000035134
     9.830000000     0.141865290     0.283433693     0.000032244
     9.840000000     0.154930186     0.297329574     0.000029822
     9.850000000     0.170458151     0.311346722     0.000027857
     9.860000000     0.188561441     0.325471698     0.000026335
     9.870000000     0.209338668     0.339687382     0.000025240
     9.880000000     0.232871447     0.353971787     0.000024557
     9.890000000     0.259220776     0.368296685     0.000024268
     9.900000000     0.288423226     0.382625998     0.000024352
     9.910000000     0.320487065     0.396913888     0.000024789
     9.920000000     0.355388400     0.411102518     0.000025560
     9.930000000     0.393067508     0.425119394     0.000026641
     9.940000000     0.433425471     0.438874245     0.000028009
     9.950000000     0.476321277     0.452255381     0.000029641
     9.960000000     0.521569539     0.465125479     0.000031510
     9.970000000     0.568938976     0.477316783     0.000033590
     9.980000000     0.618151783     0.488625753     0.000035854
     9.990000000     0.668884018     0.498807273     0.000038272
    10.000000000     0.720767092     0.507568648     0.000040813
    10.010000000     0.773390430     0.514563818     0.000043447
    10.020000000     0.826305325     0.519388470     0.000046141
    10.030000000     0.879029994     0.521577057     0.000048861
    10.040000000     0.931055763     0.520603201     0.000051574
    10.050000000     0.981854326     0.515885387     0.000054246
    10.060000000     1.030885905     0.506800355     0.000056842
    10.070000000     1.077608188     0.492706829     0.000059330
    10.080000000     1.121485806     0.472982083     0.000061676
    10.090000000     1.162000139     0.447072907     0.000063849
    10.100000000     1.198659189     0.414560509     0.000065821
    10.110000000     1.231007255     0.375235554     0.000067565
    10.120000000     1.258634144     0.329175110     0.000069056
    10.130000000     1.281183647     0.276808685     0.000070273
    10.140000000     1.298361030     0.218957379     0.000071201
    10.150000000     1.309939320     0.156830643     0.000071824
    10.160000000     1.315764196     0.091970714     0.000072135
    10.170000000     1.315757318     0.026145312     0.000072128
    10.180000000     1.309918012    -0.038797928     0.000071803
    10.190000000     1.298323245    -0.101091183     0.000071164
    10.200000000     1.281125881    -0.159192035     0.000070219
    10.210000000     1.258551293    -0.211890819     0.000068979
    10.220000000     1.230892417    -0.258366250     0.000067462
    10.230000000     1.198503399    -0.298188707     0.000065686
    10.240000000     1.161792033    -0.331281114     0.000063673
    10.250000000     1.121211212    -0.357852927     0.000061448
    10.260000000     1.077249638    -0.378323186     0.000059039
    10.270000000     1.030422061    -0.393245469     0.000056472
    10.280000000     0.981259310    -0.403242979     0.000053777
    10.290000000     0.930298394    -0.408957559     0.000050984
    10.300000000     0.878072917    -0.411013110     0.000048122
    10.310000000     0.825104046    -0.409991848     0.000045219
    10.320000000     0.771892229    -0.406420902     0.000042303
    10.330000000     0.718909853    -0.400766603     0.000039399
    10.340000000     0.666594942    -0.393434077     0.000036532
    10.350000000     0.615346027    -0.384770213     0.000033723
    10.360000000     0.565518213    -0.375068543     0.000030993
    10.370000000     0.517420459    -0.364575014     0.000028357
    10.380000000     0.471314069    -0.353493982     0.000025830
    10.390000000     0.427412298    -0.341993980     0.000023424
    10.400000000     0.385881030    -0.330213060     0.000021148
    10.410000000     0.346840376    -0.318263559     0.000019009
    10.420000000     0.310367094    -0.306236286     0.000017010
    10.430000000     0.276497682    -0.294204128     0.000015154
    10.440000000     0.245231991    -0.282225124     0.000013441
    10.450000000     0.216537219    -0.270345065     0.000011869
    10.460000000     0.190352151    -0.258599669     0.000010435
    10.470000000     0.166591495    -0.247016400     0.000009134
    10.480000000     0.145150209    -0.235615984     0.000007960
    10.490000000     0.125907706    -0.224413653     0.000006908
    10.500000000     0.108731846    -0.213420182     0.000005969
    10.510000000     0.093482650    -0.202642745     0.000005136
    10.520000000     0.080015676    -0.192085609     0.000004403
    10.530000000     0.068185017    -0.181750717     0.000003760
    10.540000000     0.057845908    -0.171638156     0.000003200
    10.550000000     0.048856928    -0.161746549     0.000002716
    10.560000000     0.041081803    -0.152073368     0.000002301
    10.570000000     0.034390832    -0.142615196     0.000001949
    10.580000000     0.028661951    -0.133367939     0.000001653
    10.590000000     0.023781472    -0.124326994     0.000001408
    10.600000000     0.019644532    -0.115487394     0.000001210
    10.610000000     0.016155287    -0.106843919     0.000001054
    10.620000000     0.013226895    -0.098391187     0.000000937
    10.630000000     0.010781310    -0.090123727     0.000000856
    10.640000000     0.008748949    -0.082036040     0.000000810
    10.650000000     0.007068243    -0.074122646     0.000000798
    10.660000000     0.005685113    -0.066378118     0.000000819
    10.670000000     0.004552395    -0.058797112     0.000000875
    10.680000000     0.003629241    -0.051374389     0.000000965
    10.690000000     0.002880511    -0.044104833     0.000001092
    10.700000000     0.002276174    -0.036983461     0.000001260
    10.710000000     0.001790730    -0.030005434     0.000001470
    10.720000000     0.001402665    -0.023166059     0.000001729
    10.730000000     0.001093937    -0.016460796     0.000002039
    10.740000000     0.000849512    -0.009885259     0.000002408
    10.750000000     0.000656935    -0.003435214     0.000002841
    10.760000000     0.000505950     0.002893423     0.000003345
    10.770000000     0.000388161     0.009104582     0.000003927
    10.780000000     0.000296735     0.015202051     0.000004594
    10.790000000     0.000226141     0.021189472     0.000005354
    10.800000000     0.000171929     0.027070348     0.000006215
    10.810000000     0.000130539     0.032848048     0.000007184
    10.820000000     0.000099138     0.038525809     0.000008269
    10.830000000     0.000075484     0.044106742     0.000009477
    10.840000000     0.000057813     0.049593836     0.000010814
    10.850000000     0.000044743     0.054989964     0.000012286
    10.860000000     0.000035199     0.060297883     0.000013896
    10.870000000     0.000028347     0.065520244     0.000015648
    10.880000000     0.000023545     0.070659594     0.000017543
    10.890000000     0.000020300     0.075718378     0.000019580
    10.900000000     0.000018234     0.080698948     0.000021758
    10.910000000     0.000017060     0.085603562     0.000024070
    10.920000000     0.000016560     0.090434390     0.000026510
    10.930000000     0.000016568     0.095193519     0.000029068
    10.940000000     0.000016956     0.099882954     0.000031731
    10.950000000     0.000017629     0.104504622     0.000034485
    10.960000000     0.000018512     0.109060375     0.000037312
    10.970000000     0.000019547     0.113551997     0.000040191
    10.980000000     0.000020687     0.117981199     0.000043100
    10.990000000     0.000021895     0.122349629     0.000046016
    11.000000000     0.000023140     0.126658871     0.000048910
    11.010000000     0.000024396     0.130910450     0.000051756
    11.020000000     0.000025639     0.135105832     0.000054525
    11.030000000     0.000026848     0.139246429     0.000057187
    11.040000000     0.000028005     0.143333602     0.000059713
    11.050000000     0.000029093     0.147368663     0.000062075
    11.060000000     0.000030096     0.151352878     0.000064243
    11.070000000     0.000031001     0.155287474     0.000066192
    11.080000000     0.000031794     0.159173640     0.000067898
    11.090000000     0.000032465     0.163012530     0.000069340
    11.100000000     0.000033004     0.166805272     0.000070497
    11.110000000     0.000033405     0.170552961     0.000071357
    11.120000000     0.000033661     0.174256668     0.000071906
    11.130000000     0.000033769     0.177917439     0.000072139
    11.140000000     0.000033728     0.181536288     0.000072051
    11.150000000     0.000033537     0.185114200     0.000071644
    11.160000000     0.000033199     0.188652125     0.000070923
    11.170000000     0.000032720     0.192150978     0.000069899
    11.180000000     0.000032104     0.195611637     0.000068583
    11.190000000     0.000031360     0.199034941     0.000066995
    11.200000000     0.000030498     0.202421695     0.000065152
    11.210000000     0.000029527     0.205772670     0.000063080
    11.220000000     0.000028461     0.209088604     0.000060802
    11.230000000     0.000027312     0.212370210     0.000058347
    11.240000000     0.000026093     0.215618175     0.000055742
    11.250000000     0.000024818     0.218833162     0.000053018
    11.260000000     0.000023500     0.222015816     0.000050203
    11.270000000     0.000022154     0.225166760     0.000047327
    11.280000000     0.000020792     0.228286602     0.000044418
    11.290000000     0.000019427     0.231375930     0.000041503
    11.300000000     0.000018072     0.234435320     0.000038607
    11.310000000     0.000016736     0.237465329     0.000035754
    11.320000000     0.000015431     0.240466501     0.000032965
    11.330000000     0.000014164     0.243439366     0.000030258
    11.340000000     0.000012943     0.246384438     0.000027651
    11.350000000     0.000011776     0.249302221     0.000025156
    11.360000000     0.000010666     0.252193202     0.000022785
    11.370000000     0.000009618     0.255057858     0.000020546
    11.380000000     0.000008634     0.257896652     0.000018445
    11.390000000     0.000007717     0.260710036     0.000016485
    11.400000000     0.000006866     0.263498450     0.000014668
    11.410000000     0.000006082     0.266262321     0.000012994
    11.420000000     0.000005364     0.269002067     0.000011459
    11.430000000     0.000004710     0.271718096     0.000010061
    11.440000000     0.000004117     0.274410802     0.000008795
    11.450000000     0.000003583     0.277080574     0.000007653
    11.460000000     0.000003104     0.279727786     0.000006631
    11.470000000     0.000002677     0.282352806     0.000005719
    11.480000000     0.000002299     0.284955992     0.000004911
    11.490000000     0.000001965     0.287537694     0.000004198
    11.500000000     0.000001673     0.290098252     0.000003573
    11.510000000     0.000001417     0.292637997     0.000003028
    11.520000000     0.000001196     0.295157255     0.000002554
    11.530000000     0.000001004     0.297656342     0.000002145
    11.540000000     0.000000840     0.300135566     0.000001794
    11.550000000     0.000000699     0.302595229     0.000001493
    11.560000000     0.000000579     0.305035626     0.000001237
    11.570000000     0.000000478     0.307457044     0.000001021
    11.580000000     0.000000392     0.309859764     0.000000838
    11.590000000     0.000000321     0.312244061     0.000000686
    11.600000000     0.000000261     0.314610203     0.000000558
    11.610000000     0.000000212     0.316958452     0.000000452
    11.620000000     0.000000171     0.319289064     0.000000365
    11.630000000     0.000000137     0.321602290     0.000000293
    11.640000000     0.000000110     0.323898375     0.000000235
    11.650000000     0.000000087     0.326177558     0.000000187
    11.660000000     0.000000069     0.328440075     0.000000148
    11.670000000     0.000000055     0.330686153     0.000000117
    11.680000000     0.000000043     0.332916018     0.000000092
    11.690000000     0.000000034     0.335129889     0.000000072
    11.700000000     0.000000026     0.337327981     0.000000056
    11.710000000     0.000000020     0.339510504     0.000000043
    11.720000000     0.000000016     0.341677665     0.000000033
    11.730000000     0.000000012     0.343829666     0.000000026
    11.740000000     0.000000009     0.345966703     0.000000020
    11.750000000     0.000000007     0.348088971     0.000000015
    11.760000000     0.000000005     0.350196659     0.000000011
    11.770000000     0.000000004     0.352289954     0.000000009
    11.780000000     0.000000003     0.354369036     0.000000006
    11.790000000     0.000000002     0.356434085     0.000000005
    11.800000000     0.000000002     0.358485276     0.000000004
    11.810000000     0.000000001     0.360522780     0.000000003
    11.820000000     0.000000001     0.362546766     0.000000002
    11.830000000     0.000000001     0.364557399     0.000000001
    11.840000000     0.000000000     0.366554839     0.000000001
    11.850000000     0.000000000     0.368539248     0.000000001
    11.860000000     0.000000000     0.370510779     0.000000001
    11.870000000     0.000000000     0.372469586     0.000000000
    11.880000000     0.000000000     0.374415819     0.000000000
    11.890000000     0.000000000     0.376349625     0.000000000
    11.900000000     0.000000000     0.378271148     0.000000000
    11.910000000     0.000000000     0.380180531     0.000000000
    11.920000000     0.000000000     0.382077914     0.000000000
    11.930000000     0.000000000     0.383963431     0.000000000
    11.940000000     0.000000000     0.385837219     0.000000000
    11.950000000     0.000000000     0.387699409     0.000000000
    11.960000000     0.000000000     0.389550131     0.000000000
    11.970000000     0.000000000     0.391389512     0.000000000
    11.980000000     0.000000000     0.393217677     0.000000000
    11.990000000     0.000000000     0.395034749     0.000000000
    12.000000000     0.000000000     0.396840850     0.000000000
    12.010000000     0.000000000     0.398636098     0.000000000
    12.020000000     0.000000000     0.400420609     0.000000000
    12.030000000     0.000000000     0.402194499     0.000000000
    12.040000000     0.000000000     0.403957881     0.000000000
    12.050000000     0.000000000     0.405710865     0.000000000
    12.060000000     0.000000000     0.407453561     0.000000000
    12.070000000     0.000000000     0.409186077     0.000000000
    12.080000000     0.000000000     0.410908517     0.000000000
    12.090000000     0.000000000     0.412620986     0.000000000
    12.100000000     0.000000000     0.414323587     0.000000000
    12.110000000     0.000000000     0.416016419     0.000000000
    12.120000000     0.000000000     0.417699581     0.000000000
    12.130000000     0.000000000     0.419373172     0.000000000
    12.140000000     0.000000000     0.421037288     0.000000000
    12.150000000     0.000000000     0.422692021     0.000000000
    12.160000000     0.000000000     0.424337467     0.000000000
    12.170000000     0.000000000     0.425973715     0.000000000
    12.180000000     0.000000000     0.427600856     0.000000000
    12.190000000     0.000000000     0.429218980     0.000000000
    12.200000000     0.000000000     0.430828172     0.000000000
    12.210000000     0.000000000     0.432428520     0.000000000
    12.220000000     0.000000000     0.434020108     0.000000000
    12.230000000     0.000000000     0.435603020     0.000000000
    12.240000000     0.000000000     0.437177338     0.000000000
    12.250000000     0.000000000     0.438743143     0.000000000
    12.260000000     0.000000000     0.440300514     0.000000000
    12.270000000     0.000000000     0.441849531     0.000000000
    12.280000000     0.000000000     0.443390272     0.000000000
    12.290000000     0.000000000     0.444922812     0.000000000
    12.300000000     0.000000000     0.446447227     0.000000000
    12.310000000     0.000000000     0.447963591     0.000000000
    12.320000000     0.000000000     0.449471978     0.000000000
    12.330000000     0.000000000     0.450972460     0.000000000
    12.340000000     0.000000000     0.452465107     0.000000000
    12.350000000     0.000000000     0.453949990     0.000000000
    12.360000000     0.000000000     0.455427179     0.000000000
    12.370000000     0.000000000     0.456896742     0.000000000
    12.380000000     0.000000000     0.458358745     0.000000000
    12.390000000     0.000000000     0.459813256     0.000000000
    12.400000000     0.000000000     0.461260340     0.000000000
    12.410000000     0.000000000     0.462700061     0.000000000
    12.420000000     0.000000000     0.464132483     0.000000000
    12.430000000     0.000000000     0.465557670     0.000000000
    12.440000000     0.000000000     0.466975683     0.000000000
    12.450000000     0.000000000     0.468386583     0.000000000
    12.460000000     0.000000000     0.469790432     0.000000000
    12.470000000     0.000000000     0.471187288     0.000000000
    12.480000000     0.000000000     0.472577211     0.000000000
    12.490000000     0.000000000     0.473960258     0.000000000
    12.500000000     0.000000000     0.475336487     0.000000000
    12.510000000     0.000000000     0.476705956     0.000000000
    12.520000000     0.000000000     0.478068718     0.000000000
    12.530000000     0.000000000     0.479424831     0.000000000
    12.540000000     0.000000000     0.480774348     0.000000000
    12.550000000     0.000000000     0.482117323     0.000000000
    12.560000000     0.000000000     0.483453810     0.000000000
    12.570000000     0.000000000     0.484783860     0.000000000
    12.580000000     0.000000000     0.486107526     0.000000000
    12.590000000     0.000000000     0.487424859     0.000000000
    12.600000000     0.000000000     0.488735910     0.000000000
    12.610000000     0.000000000     0.490040727     0.000000000
    12.620000000     0.000000000     0.491339362     0.000000000
    12.630000000     0.000000000     0.492631863     0.000000000
    12.640000000     0.000000000     0.493918277     0.000000000
    12.650000000     0.000000000     0.495198653     0.000000000
    12.660000000     0.000000000     0.496473037     0.000000000
    12.670000000     0.000000000     0.497741476     0.000000000
    12.680000000     0.000000000     0.499004016     0.000000000
    12.690000000     0.000000000     0.500260702     0.000000000
    12.700000000     0.000000000     0.501511579     0.000000000
    12.710000000     0.000000000     0.502756692     0.000000000
    12.720000000     0.000000000     0.503996084     0.000000000
    12.730000000     0.000000000     0.505229798     0.000000000
    12.740000000     0.000000000     0.506457878     0.000000000
    12.750000000     0.000000000     0.507680366     0.000000000
    12.760000000     0.000000000     0.508897304     0.000000000
    12.770000000     0.000000000     0.510108732     0.000000000
    12.780000000     0.000000000     0.511314693     0.000000000
    12.790000000     0.000000000     0.512515226     0.000000000
    12.800000000     0.000000000     0.513710371     0.000000000
    12.810000000     0.000000000     0.514900168     0.000000000
    12.820000000     0.000000000     0.516084657     0.000000000
    12.830000000     0.000000000     0.517263875     0.000000000
    12.840000000     0.000000000     0.518437861     0.000000000
    12.850000000     0.000000000     0.519606653     0.000000000
    12.860000000     0.000000000     0.520770289     0.000000000
    12.870000000     0.000000000     0.521928805     0.000000000
    12.880000000     0.000000000     0.523082238     0.000000000
    12.890000000     0.000000000     0.524230624     0.000000000
    12.900000000     0.000000000     0.525374000     0.000000000
    12.910000000     0.000000000     0.526512400     0.000000000
    12.920000000     0.000000000     0.527645860     0.000000000
    12.930000000     0.000000000     0.528774414     0.000000000
    12.940000000     0.000000000     0.529898097     0.000000000
    12.950000000     0.000000000     0.531016942     0.000000000
    12.960000000     0.000000000     0.532130985     0.000000000
    12.970000000     0.000000000     0.533240257     0.000000000
    12.980000000     0.000000000     0.534344791     0.000000000
    12.990000000     0.000000000     0.535444621     0.000000000
    13.000000000     0.000000000     0.536539779     0.000000000
