     0.000000000    -0.000000000     1.811600491     0.000000000
     0.010000000     0.000000000     1.811603431     0.000000000
     0.020000000     0.000000000     1.811612250     0.000000000
     0.030000000     0.000000000     1.811626949     0.000000000
     0.040000000     0.000000000     1.811647529     0.000000000
     0.050000000     0.000000000     1.811673991     0.000000000
     0.060000000     0.000000000     1.811706336     0.000000000
     0.070000000     0.000000000     1.811744566     0.000000000
     0.080000000     0.000000000     1.811788684     0.000000000
     0.090000000     0.000000000     1.811838691     0.000000000
     0.100000000     0.000000000     1.811894591     0.000000000
     0.110000000     0.000000000     1.811956387     0.000000000
     0.120000000     0.000000000     1.812024082     0.000000000
     0.130000000     0.000000000     1.812097681     0.000000000
     0.140000000     0.000000000     1.812177186     0.000000000
     0.150000000     0.000000000     1.812262603     0.000000000
     0.160000000     0.000000000     1.812353937     0.000000000
     0.170000000     0.000000000     1.812451192     0.000000000
     0.180000000     0.000000000     1.812554375     0.000000000
     0.190000000     0.000000000     1.812663490     0.000000000
     0.200000000     0.000000000     1.812778545     0.000000000
     0.210000000     0.000000000     1.812899545     0.000000000
     0.220000000     0.000000000     1.813026498     0.000000000
     0.230000000     0.000000000     1.813159411     0.000000000
     0.240000000     0.000000000     1.813298290     0.000000000
     0.250000000     0.000000000     1.813443145     0.000000000
     0.260000000     0.000000000     1.813593983     0.000000000
     0.270000000     0.000000000     1.813750813     0.000000000
     0.280000000     0.000000000     1.813913643     0.000000000
     0.290000000     0.000000000     1.814082484     0.000000000
     0.300000000     0.000000000     1.814257344     0.000000000
     0.310000000     0.000000000     1.814438234     0.000000000
     0.320000000     0.000000000     1.814625164     0.000000000
     0.330000000     0.000000000     1.814818145     0.000000000
     0.340000000     0.000000000     1.815017187     0.000000000
     0.350000000     0.000000000     1.815222302     0.000000000
     0.360000000     0.000000000     1.815433502     0.000000000
     0.370000000     0.000000000     1.815650799     0.000000000
     0.380000000     0.000000000     1.815874205     0.000000000
     0.390000000     0.000000000     1.816103734     0.000000000
     0.400000000     0.000000000     1.816339398     0.000000000
     0.410000000     0.000000000     1.816581211     0.000000000
     0.420000000     0.000000000     1.816829187     0.000000000
     0.430000000     0.000000000     1.817083341     0.000000000
     0.440000000     0.000000000     1.817343687     0.000000000
     0.450000000     0.000000000     1.817610240     0.000000000
     0.460000000     0.000000000     1.817883016     0.000000000
     0.470000000     0.000000000     1.818162030     0.000000000
     0.480000000     0.000000000     1.818447300     0.000000000
     0.490000000     0.000000000     1.818738841     0.000000000
     0.500000000     0.000000000     1.819036670     0.000000000
     0.510000000     0.000000000     1.819340806     0.000000000
     0.520000000     0.000000000     1.819651265     0.000000000
     0.530000000     0.000000000     1.819968067     0.000000000
     0.540000000     0.000000000     1.820291229     0.000000000
     0.550000000     0.000000000     1.820620772     0.000000000
     0.560000000     0.000000000     1.820956714     0.000000000
     0.570000000     0.000000000     1.821299075     0.000000000
     0.580000000     0.000000000     1.821647876     0.000000000
     0.590000000     0.000000000     1.822003137     0.000000000
     0.600000000     0.000000000     1.822364880     0.000000000
     0.610000000     0.000000000     1.822733126     0.000000000
     0.620000000     0.000000000     1.823107897     0.000000000
     0.630000000     0.000000000     1.823489216     0.000000000
     0.640000000     0.000000000     1.823877106     0.000000000
     0.650000000     0.000000000     1.824271590     0.000000000
     0.660000000     0.000000000     1.824672692     0.000000000
     0.670000000     0.000000000     1.825080435     0.000000000
     0.680000000     0.000000000     1.825494846     0.000000000
     0.690000000     0.000000000     1.825915949     0.000000000
     0.700000000     0.000000000     1.826343770     0.000000000
     0.710000000     0.000000000     1.826778334     0.000000000
     0.720000000     0.000000000     1.827219669     0.000000000
     0.730000000     0.000000000     1.827667802     0.000000000
     0.740000000     0.000000000     1.828122760     0.000000000
     0.750000000     0.000000000     1.828584572     0.000000000
     0.760000000     0.000000000     1.829053265     0.000000000
     0.770000000     0.000000000     1.829528870     0.000000000
     0.780000000     0.000000000     1.830011415     0.000000000
     0.790000000     0.000000000     1.830500932     0.000000000
     0.800000000     0.000000000     1.830997449     0.000000000
     0.810000000     0.000000000     1.831501000     0.000000000
     0.820000000     0.000000000     1.832011614     0.000000000
     0.830000000     0.000000000     1.832529325     0.000000000
     0.840000000     0.000000000     1.833054166     0.000000000
     0.850000000     0.000000000     1.833586169     0.000000000
     0.860000000     0.000000000     1.834125369     0.000000000
     0.870000000     0.000000000     1.834671800     0.000000000
     0.880000000     0.000000000     1.835225497     0.000000000
     0.890000000     0.000000000     1.835786496     0.000000000
     0.900000000     0.000000000     1.836354833     0.000000000
     0.910000000     0.000000000     1.836930545     0.000000000
     0.920000000     0.000000000     1.837513668     0.000000000
     0.930000000     0.000000000     1.838104242     0.000000000
     0.940000000     0.000000000     1.838702304     0.000000000
     0.950000000     0.000000000     1.839307894     0.000000000
     0.960000000     0.000000000     1.839921052     0.000000000
     0.970000000     0.000000000     1.840541818     0.000000000
     0.980000000     0.000000000     1.841170234     0.000000000
     0.990000000     0.000000000     1.841806341     0.000000000
     1.000000000     0.000000000     1.842450181     0.000000000
     1.010000000     0.000000000     1.843101798     0.000000000
     1.020000000     0.000000000     1.843761236     0.000000000
     1.030000000     0.000000000     1.844428539     0.000000000
     1.040000000     0.000000000     1.845103752     0.000000000
     1.050000000     0.000000000     1.845786922     0.000000000
     1.060000000     0.000000000     1.846478094     0.000000000
     1.070000000     0.000000000     1.847177316     0.000000000
     1.080000000     0.000000000     1.847884637     0.000000000
     1.090000000     0.000000000     1.848600105     0.000000000
     1.100000000     0.000000000     1.849323769     0.000000000
     1.110000000     0.000000000     1.850055681     0.000000000
     1.120000000     0.000000000     1.850795891     0.000000000
     1.130000000     0.000000000     1.851544451     0.000000000
     1.140000000     0.000000000     1.852301414     0.000000000
     1.150000000     0.000000000     1.853066834     0.000000000
     1.160000000     0.000000000     1.853840764     0.000000000
     1.170000000     0.000000000     1.854623261     0.000000000
     1.180000000     0.000000000     1.855414381     0.000000000
     1.190000000     0.000000000     1.856214179     0.000000000
     1.200000000     0.000000000     1.857022715     0.000000000
     1.210000000     0.000000000     1.857840046     0.000000000
     1.220000000     0.000000000     1.858666233     0.000000000
     1.230000000     0.000000000     1.859501336     0.000000000
     1.240000000     0.000000000     1.860345417     0.000000000
     1.250000000     0.000000000     1.861198537     0.000000000
     1.260000000     0.000000000     1.862060761     0.000000000
     1.270000000     0.000000000     1.862932153     0.000000000
     1.280000000     0.000000000     1.863812778     0.000000000
     1.290000000     0.000000000     1.864702703     0.000000000
     1.300000000     0.000000000     1.865601995     0.000000000
     1.310000000     0.000000000     1.866510722     0.000000000
     1.320000000     0.000000000     1.867428955     0.000000000
     1.330000000     0.000000000     1.868356763     0.000000000
     1.340000000     0.000000000     1.869294218     0.000000001
     1.350000000     0.000000000     1.870241394     0.000000001
     1.360000000     0.000000000     1.871198364     0.000000001
     1.370000000     0.000000000     1.872165203     0.000000002
     1.380000000     0.000000000     1.873141988     0.000000002
     1.390000000     0.000000001     1.874128796     0.000000003
     1.400000000     0.000000001     1.875125706     0.000000004
     1.410000000     0.000000001     1.876132797     0.000000006
     1.420000000     0.000000002     1.877150152     0.000000008
     1.430000000     0.000000002     1.878177851     0.000000011
     1.440000000     0.000000003     1.879215980     0.000000014
     1.450000000     0.000000004     1.880264623     0.000000019
     1.460000000     0.000000005     1.881323867     0.000000025
     1.470000000     0.000000007     1.882393799     0.000000033
     1.480000000     0.000000009     1.883474509     0.000000043
     1.490000000     0.000000011     1.884566087     0.000000056
     1.500000000     0.000000015     1.885668625     0.000000073
     1.510000000     0.000000019     1.886782217     0.000000094
     1.520000000     0.000000024     1.887906958     0.000000122
     1.530000000     0.000000031     1.889042944     0.000000156
     1.540000000     0.000000039     1.890190274     0.000000199
     1.550000000     0.000000049     1.891349047     0.000000254
     1.560000000     0.000000062     1.892519364     0.000000322
     1.570000000     0.000000078     1.893701329     0.000000406
     1.580000000     0.000000097     1.894895046     0.000000510
     1.590000000     0.000000121     1.896100621     0.000000638
     1.600000000     0.000000150     1.897318162     0.000000794
     1.610000000     0.000000184     1.898547780     0.000000985
     1.620000000     0.000000226     1.899789586     0.000001217
     1.630000000     0.000000276     1.901043692     0.000001497
     1.640000000     0.000000335     1.902310216     0.000001835
     1.650000000     0.000000406     1.903589273     0.000002238
     1.660000000     0.000000489     1.904880984     0.000002719
     1.670000000     0.000000586     1.906185468     0.000003291
     1.680000000     0.000000700     1.907502850     0.000003965
     1.690000000     0.000000832     1.908833255     0.000004760
     1.700000000     0.000000985     1.910176810     0.000005690
     1.710000000     0.000001160     1.911533644     0.000006775
     1.720000000     0.000001361     1.912903890     0.000008034
     1.730000000     0.000001589     1.914287680     0.000009491
     1.740000000     0.000001848     1.915685152     0.000011168
     1.750000000     0.000002140     1.917096443     0.000013091
     1.760000000     0.000002466     1.918521694     0.000015287
     1.770000000     0.000002830     1.919961049     0.000017784
     1.780000000     0.000003234     1.921414653     0.000020612
     1.790000000     0.000003680     1.922882653     0.000023803
     1.800000000     0.000004168     1.924365201     0.000027388
     1.810000000     0.000004701     1.925862450     0.000031401
     1.820000000     0.000005280     1.927374554     0.000035878
     1.830000000     0.000005904     1.928901672     0.000040853
     1.840000000     0.000006575     1.930443964     0.000046363
     1.850000000     0.000007290     1.932001594     0.000052444
     1.860000000     0.000008050     1.933574728     0.000059135
     1.870000000     0.000008852     1.935163532     0.000066474
     1.880000000     0.000009693     1.936768180     0.000074501
     1.890000000     0.000010572     1.938388843     0.000083257
     1.900000000     0.000011484     1.940025699     0.000092783
     1.910000000     0.000012426     1.941678925     0.000103123
     1.920000000     0.000013393     1.943348701     0.000114324
     1.930000000     0.000014382     1.945035213     0.000126435
     1.940000000     0.000015386     1.946738645     0.000139506
     1.950000000     0.000016402     1.948459186     0.000153596
     1.960000000     0.000017425     1.950197027     0.000168766
     1.970000000     0.000018452     1.951952362     0.000185083
     1.980000000     0.000019479     1.953725390     0.000202621
     1.990000000     0.000020503     1.955516312     0.000221463
     2.000000000     0.000021523     1.957325337     0.000241700
     2.010000000     0.000022538     1.959152679     0.000263431
     2.020000000     0.000023550     1.960998559     0.000286769
     2.030000000     0.000024561     1.962863209     0.000311835
     2.040000000     0.000025577     1.964746870     0.000338764
     2.050000000     0.000026602     1.966649795     0.000367700
     2.060000000     0.000027646     1.968572246     0.000398803
     2.070000000     0.000028719     1.970514498     0.000432241
     2.080000000     0.000029832     1.972476830     0.000468196
     2.090000000     0.000031001     1.974459530     0.000506859
     2.100000000     0.000032241     1.976462888     0.000548430
     2.110000000     0.000033570     1.978487195     0.000593114
     2.120000000     0.000035007     1.980532742     0.000641124
     2.130000000     0.000036572     1.982599817     0.000692672
     2.140000000     0.000038286     1.984688709     0.000747969
     2.150000000     0.000040170     1.986799705     0.000807221
     2.160000000     0.000042246     1.988933095     0.000870624
     2.170000000     0.000044534     1.991089168     0.000938359
     2.180000000     0.000047055     1.993268220     0.001010590
     2.190000000     0.000049827     1.995470548     0.001087454
     2.200000000     0.000052866     1.997696457     0.001169060
     2.210000000     0.000056187     1.999946256     0.001255482
     2.220000000     0.000059800     2.002220261     0.001346751
     2.230000000     0.000063715     2.004518794     0.001442857
     2.240000000     0.000067935     2.006842184     0.001543736
     2.250000000     0.000072460     2.009190766     0.001649271
     2.260000000     0.000077289     2.011564879     0.001759285
     2.270000000     0.000082411     2.013964869     0.001873543
     2.280000000     0.000087816     2.016391088     0.001991743
     2.290000000     0.000093487     2.018843891     0.002113524
     2.300000000     0.000099402     2.021323639     0.002238457
     2.310000000     0.000105539     2.023830698     0.002366053
     2.320000000     0.000111869     2.026365441     0.002495766
     2.330000000     0.000118360     2.028928245     0.002626994
     2.340000000     0.000124981     2.031519498     0.002759086
     2.350000000     0.000131695     2.034139601     0.002891352
     2.360000000     0.000138467     2.036788964     0.003023070
     2.370000000     0.000145260     2.039468018     0.003153494
     2.380000000     0.000152040     2.042177212     0.003281870
     2.390000000     0.000158772     2.044917020     0.003407444
     2.400000000     0.000165424     2.047687941     0.003529477
     2.410000000     0.000171970     2.050490499     0.003647259
     2.420000000     0.000178386     2.053325247     0.003760121
     2.430000000     0.000184653     2.056192765     0.003867451
     2.440000000     0.000190760     2.059093658     0.003968707
     2.450000000     0.000196702     2.062028555     0.004063432
     2.460000000     0.000202481     2.064998106     0.004151260
     2.470000000     0.000208109     2.068002976     0.004231937
     2.480000000     0.000213604     2.071043845     0.004305320
     2.490000000     0.000218996     2.074121404     0.004371394
     2.500000000     0.000224322     2.077236347     0.004430271
     2.510000000     0.000229628     2.080389376     0.004482197
     2.520000000     0.000234970     2.083581196     0.004527554
     2.530000000     0.000240413     2.086812520     0.004566855
     2.540000000     0.000246028     2.090084064     0.004600744
     2.550000000     0.000251895     2.093396559     0.004629987
     2.560000000     0.000258100     2.096750742     0.004655462
     2.570000000     0.000264734     2.100147369     0.004678152
     2.580000000     0.000271894     2.103587207     0.004699125
     2.590000000     0.000279678     2.107071046     0.004719521
     2.600000000     0.000288185     2.110599694     0.004740533
     2.610000000     0.000297516     2.114173983     0.004763386
     2.620000000     0.000307767     2.117794770     0.004789317
     2.630000000     0.000319033     2.121462934     0.004819551
     2.640000000     0.000331401     2.125179382     0.004855279
     2.650000000     0.000344953     2.128945039     0.004897633
     2.660000000     0.000359760     2.132760850     0.004947664
     2.670000000     0.000375881     2.136627775     0.005006321
     2.680000000     0.000393366     2.140546789     0.005074425
     2.690000000     0.000412249     2.144518878     0.005152653
     2.700000000     0.000432548     2.148545042     0.005241521
     2.710000000     0.000454268     2.152626300     0.005341364
     2.720000000     0.000477396     2.156763688     0.005452329
     2.730000000     0.000501905     2.160958266     0.005574362
     2.740000000     0.000527750     2.165211118     0.005707204
     2.750000000     0.000554874     2.169523356     0.005850390
     2.760000000     0.000583205     2.173896119     0.006003248
     2.770000000     0.000612663     2.178330577     0.006164908
     2.780000000     0.000643157     2.182827930     0.006334309
     2.790000000     0.000674597     2.187389416     0.006510219
     2.800000000     0.000706888     2.192016315     0.006691243
     2.810000000     0.000739944     2.196709959     0.006875854
     2.820000000     0.000773687     2.201471742     0.007062411
     2.830000000     0.000808058     2.206303133     0.007249189
     2.840000000     0.000843021     2.211205685     0.007434407
     2.850000000     0.000878570     2.216181046     0.007616259
     2.860000000     0.000914737     2.221230965     0.007792946
     2.870000000     0.000951601     2.226357293     0.007962707
     2.880000000     0.000989295     2.231561990     0.008123851
     2.890000000     0.001028013     2.236847120     0.008274785
     2.900000000     0.001068019     2.242214850     0.008414045
     2.910000000     0.001109654     2.247667451     0.008540319
     2.920000000     0.001153345     2.253207302     0.008652467
     2.930000000     0.001199611     2.258836895     0.008749543
     2.940000000     0.001249069     2.264558838     0.008830806
     2.950000000     0.001302443     2.270375855     0.008895727
     2.960000000     0.001360570     2.276290785     0.008943996
     2.970000000     0.001424404     2.282306569     0.008975519
     2.980000000     0.001495028     2.288426226     0.008990410
     2.990000000     0.001573660     2.294652837     0.008988984
     3.000000000     0.001661664     2.300989521     0.008971738
     3.010000000     0.001760560     2.307439413     0.008939331
     3.020000000     0.001872047     2.314005667     0.008892565
     3.030000000     0.001998020     2.320691450     0.008832357
     3.040000000     0.002140599     2.327499959     0.008759711
     3.050000000     0.002302170     2.334434438     0.008675692
     3.060000000     0.002485425     2.341498200     0.008581396
     3.070000000     0.002693433     2.348694637     0.008477923
     3.080000000     0.002929702     2.356027234     0.008366352
     3.090000000     0.003198286     2.363499560     0.008247713
     3.100000000     0.003503885     2.371115258     0.008122971
     3.110000000     0.003851989     2.378878018     0.007993006
     3.120000000     0.004249036     2.386791546     0.007858601
     3.130000000     0.004702599     2.394859538     0.007720430
     3.140000000     0.005221597     2.403085644     0.007579058
     3.150000000     0.005816548     2.411473445     0.007434933
     3.160000000     0.006499834     2.420026430     0.007288399
     3.170000000     0.007286003     2.428747979     0.007139696
     3.180000000     0.008192097     2.437641351     0.006988973
     3.190000000     0.009237995     2.446709674     0.006836303
     3.200000000     0.010446775     2.455955952     0.006681697
     3.210000000     0.011845077     2.465383076     0.006525125
     3.220000000     0.013463473     2.474993851     0.006366528
     3.230000000     0.015336812     2.484791051     0.006205842
     3.240000000     0.017504536     2.494777501     0.006043012
     3.250000000     0.020010960     2.504956195     0.005878011
     3.260000000     0.022905473     2.515330467     0.005710851
     3.270000000     0.026242669     2.525904209     0.005541599
     3.280000000     0.030082365     2.536682119     0.005370384
     3.290000000     0.034489497     2.547669967     0.005197404
     3.300000000     0.039533872     2.558874809     0.005022929
     3.310000000     0.045289749     2.570305089     0.004847304
     3.320000000     0.051835243     2.581970567     0.004670943
     3.330000000     0.059251529     2.593881994     0.004494326
     3.340000000     0.067621839     2.606050557     0.004317993
     3.350000000     0.077030249     2.618487090     0.004142531
     3.360000000     0.087560258     2.631201139     0.003968566
     3.370000000     0.099293162     2.644199963     0.003796750
     3.380000000     0.112306247     2.657487542     0.003627750
     3.390000000     0.126670835     2.671063630     0.003462235
     3.400000000     0.142450194     2.684922881     0.003300863
     3.410000000     0.159697382     2.699053996     0.003144273
     3.420000000     0.178453065     2.713438879     0.002993073
     3.430000000     0.198743367     2.728051711     0.002847833
     3.440000000     0.220577830     2.742857891     0.002709080
     3.450000000     0.243947538     2.757812769     0.002577290
     3.460000000     0.268823494     2.772860097     0.002452890
     3.470000000     0.295155317     2.787930170     0.002336256
     3.480000000     0.322870317     2.802937592     0.002227713
     3.490000000     0.351873041     2.817778710     0.002127543
     3.500000000     0.382045306     2.832328724     0.002035985
     3.510000000     0.413246795     2.846438613     0.001953242
     3.520000000     0.445316231     2.859932062     0.001879492
     3.530000000     0.478073133     2.872602734     0.001814894
     3.540000000     0.511320163     2.884212371     0.001759595
     3.550000000     0.544846023     2.894490459     0.001713744
     3.560000000     0.578428869     2.903136401     0.001677497
     3.570000000     0.611840158     2.909825436     0.001651028
     3.580000000     0.644848861     2.914219687     0.001634536
     3.590000000     0.677225936     2.915985736     0.001628259
     3.600000000     0.708748936     2.914819721     0.001632474
     3.610000000     0.739206653     2.910479980     0.001647511
     3.620000000     0.768403647     2.902825605     0.001673754
     3.630000000     0.796164548     2.891856968     0.001711651
     3.640000000     0.822338001     2.877751723     0.001761716
     3.650000000     0.846800140     2.860887936     0.001824534
     3.660000000     0.869457501     2.841845806     0.001900765
     3.670000000     0.890249275     2.821381980     0.001991146
     3.680000000     0.909148854     2.800375753     0.002096491
     3.690000000     0.926164635     2.779753301     0.002217696
     3.700000000     0.941340056     2.760402195     0.002355737
     3.710000000     0.954752890     2.743091432     0.002511670
     3.720000000     0.966513839     2.728410695     0.002686631
     3.730000000     0.976764468     2.716737373     0.002881835
     3.740000000     0.985674589     2.708232922     0.003098574
     3.750000000     0.993439162     2.702864146     0.003338216
     3.760000000     1.000274842     2.700441295     0.003602199
     3.770000000     1.006416274     2.700663960     0.003892030
     3.780000000     1.012112256     2.703166817     0.004209281
     3.790000000     1.017621872     2.707559351     0.004555585
     3.800000000     1.023210704     2.713455948     0.004932628
     3.810000000     1.029147213     2.720494880     0.005342145
     3.820000000     1.035699344     2.728346612     0.005785916
     3.830000000     1.043131428     2.736713532     0.006265752
     3.840000000     1.051701399     2.745324628     0.006783497
     3.850000000     1.061658334     2.753929330     0.007341008
     3.860000000     1.073240326     2.762294623     0.007940157
     3.870000000     1.086672635     2.770208415     0.008582812
     3.880000000     1.102166099     2.777490137     0.009270832
     3.890000000     1.119915745     2.784007208     0.010006056
     3.900000000     1.140099527     2.789693683     0.010790285
     3.910000000     1.162877147     2.794565827     0.011625276
     3.920000000     1.188388892     2.798728994     0.012512726
     3.930000000     1.216754424     2.802371369     0.013454258
     3.940000000     1.248071495     2.805742898     0.014451406
     3.950000000     1.282414550     2.809121267     0.015505600
     3.960000000     1.319833204     2.812770214     0.016618150
     3.970000000     1.360350603     2.816897450     0.017790228
     3.980000000     1.403961703     2.821619410     0.019022856
     3.990000000     1.450631493     2.826938084     0.020316879
     4.000000000     1.500293236     2.832732161     0.021672956
     4.010000000     1.552846810     2.838761721     0.023091535
     4.020000000     1.608157228     2.844683670     0.024572839
     4.030000000     1.666053432     2.850074215     0.026116840
     4.040000000     1.726327474     2.854454861     0.027723248
     4.050000000     1.788734176     2.857319058     0.029391487
     4.060000000     1.852991364     2.858157481     0.031120675
     4.070000000     1.918780757     2.856480542     0.032909612
     4.080000000     1.985749584     2.851837263     0.034756755
     4.090000000     2.053512981     2.843829955     0.036660206
     4.100000000     2.121657193     2.832124491     0.038617697
     4.110000000     2.189743578     2.816456227     0.040626574
     4.120000000     2.257313413     2.796631920     0.042683788
     4.130000000     2.323893424     2.772528249     0.044785883
     4.140000000     2.389001996     2.744087863     0.046928989
     4.150000000     2.452155932     2.711314078     0.049108821
     4.160000000     2.512877664     2.674265408     0.051320677
     4.170000000     2.570702757     2.633050793     0.053559438
     4.180000000     2.625187545     2.587825842     0.055819581
     4.190000000     2.675916731     2.538789885     0.058095184
     4.200000000     2.722510771     2.486183463     0.060379947
     4.210000000     2.764632845     2.430286222     0.062667213
     4.220000000     2.801995247     2.371415853     0.064949994
     4.230000000     2.834365007     2.309929237     0.067221003
     4.240000000     2.861568598     2.246226880     0.069472695
     4.250000000     2.883495563     2.180760729     0.071697312
     4.260000000     2.900100964     2.114043753     0.073886932
     4.270000000     2.911406537     2.046657726     0.076033531
     4.280000000     2.917500508     1.979254481     0.078129044
     4.290000000     2.918536021     1.912546277     0.080165436
     4.300000000     2.914728195     1.847283089     0.082134776
     4.310000000     2.906349840     1.784218098     0.084029322
     4.320000000     2.893725913     1.724066023     0.085841601
     4.330000000     2.877226816     1.667461056     0.087564499
     4.340000000     2.857260689     1.614921185     0.089191352
     4.350000000     2.834264859     1.566823880     0.090716035
     4.360000000     2.808696638     1.523395225     0.092133055
     4.370000000     2.781023713     1.484711752     0.093437637
     4.380000000     2.751714322     1.450712267     0.094625806
     4.390000000     2.721227489     1.421216042     0.095694467
     4.400000000     2.690003546     1.395943890     0.096641477
     4.410000000     2.658455186     1.374539300     0.097465695
     4.420000000     2.626959267     1.356587648     0.098167038
     4.430000000     2.595849588     1.341632332     0.098746511
     4.440000000     2.565410807     1.329187267     0.099206221
     4.450000000     2.535873670     1.318745736     0.099549380
     4.460000000     2.507411657     1.309785989     0.099780289
     4.470000000     2.480139135     1.301774379     0.099904295
     4.480000000     2.454111049     1.294167165     0.099927737
     4.490000000     2.429324148     1.286412385     0.099857868
     4.500000000     2.405719703     1.277953389     0.099702763
     4.510000000     2.383187618     1.268235679     0.099471200
     4.520000000     2.361571808     1.256718630     0.099172536
     4.530000000     2.340676676     1.242893218     0.098816558
     4.540000000     2.320274493     1.226306126     0.098413331
     4.550000000     2.300113463     1.206589306     0.097973034
     4.560000000     2.279926221     1.183492465     0.097505787
     4.570000000     2.259438530     1.156914291     0.097021485
     4.580000000     2.238377919     1.126927112     0.096529625
     4.590000000     2.216482010     1.093789655     0.096039146
     4.600000000     2.193506312     1.057943892     0.095558277
     4.610000000     2.169231266     1.019994602     0.095094396
     4.620000000     2.143468353     0.980673437     0.094653913
     4.630000000     2.116065120     0.940792116     0.094242168
     4.640000000     2.086909014     0.901191057     0.093863353
     4.650000000     2.055929933     0.862689770     0.093520467
     4.660000000     2.023101484     0.826044029     0.093215285
     4.670000000     1.988440943     0.791912723     0.092948373
     4.680000000     1.952007968     0.760835161     0.092719113
     4.690000000     1.913902167     0.733218125     0.092525770
     4.700000000     1.874259617     0.709331280     0.092365579
     4.710000000     1.833248509     0.689309460     0.092234859
     4.720000000     1.791064069     0.673160610     0.092129149
     4.730000000     1.747922957     0.660778298     0.092043358
     4.740000000     1.704057327     0.651957753     0.091971940
     4.750000000     1.659708750     0.646414219     0.091909065
     4.760000000     1.615122193     0.643802374     0.091848813
     4.770000000     1.570540227     0.643735558     0.091785350
     4.780000000     1.526197629     0.645803780     0.091713120
     4.790000000     1.482316521     0.649589832     0.091627011
     4.800000000     1.439102153     0.654683297     0.091522518
     4.810000000     1.396739423     0.660692670     0.091395885
     4.820000000     1.355390189     0.667256128     0.091244230
     4.830000000     1.315191402     0.674051550     0.091065637
     4.840000000     1.276254050     0.680806109     0.090859232
     4.850000000     1.238662898     0.687305186     0.090625222
     4.860000000     1.202476964     0.693399596     0.090364907
     4.870000000     1.167730661     0.699009505     0.090080665
     4.880000000     1.134435510     0.704123239     0.089775907
     4.890000000     1.102582339     0.708789668     0.089454999
     4.900000000     1.072143840     0.713104101     0.089123165
     4.910000000     1.043077383     0.717189218     0.088786367
     4.920000000     1.015327974     0.721174047     0.088451160
     4.930000000     0.988831252     0.725174757     0.088124540
     4.940000000     0.963516419     0.729280762     0.087813776
     4.950000000     0.939309028     0.733548388     0.087526236
     4.960000000     0.916133542     0.738002586     0.087269214
     4.970000000     0.893915612     0.742645395     0.087049761
     4.980000000     0.872584026     0.747468527     0.086874515
     4.990000000     0.852072298     0.752466848     0.086749559
     5.000000000     0.832319895     0.757649636     0.086680278
     5.010000000     0.813273078     0.763047268     0.086671248
     5.020000000     0.794885404     0.768712182     0.086726138
     5.030000000     0.777117889     0.774714293     0.086847642
     5.040000000     0.759938874     0.781132169     0.087037431
     5.050000000     0.743323645     0.788042057     0.087296139
     5.060000000     0.727253843     0.795506968     0.087623363
     5.070000000     0.711716730     0.803567752     0.088017696
     5.080000000     0.696704346     0.812237377     0.088476784
     5.090000000     0.682212620     0.821498810     0.088997399
     5.100000000     0.668240486     0.831306232     0.089575531
     5.110000000     0.654789035     0.841588840     0.090206501
     5.120000000     0.641860755     0.852256306     0.090885079
     5.130000000     0.629458876     0.863205056     0.091605612
     5.140000000     0.617586856     0.874324711     0.092362162
     5.150000000     0.606248016     0.885504250     0.093148635
     5.160000000     0.595445329     0.896637634     0.093958917
     5.170000000     0.585181366     0.907628734     0.094786998
     5.180000000     0.575458383     0.918395419     0.095627086
     5.190000000     0.566278542     0.928872757     0.096473717
     5.200000000     0.557644230     0.939015275     0.097321841
     5.210000000     0.549558464     0.948798333     0.098166905
     5.220000000     0.542025334     0.958218735     0.099004904
     5.230000000     0.535050467     0.967294671     0.099832435
     5.240000000     0.528641461     0.976065049     0.100646717
     5.250000000     0.522808277     0.984588088     0.101445603
     5.260000000     0.517563528     0.992938888     0.102227579
     5.270000000     0.512922673     1.001205626     0.102991746
     5.280000000     0.508904058     1.009484167     0.103737790
     5.290000000     0.505528814     1.017871225     0.104465946
     5.300000000     0.502820576     1.026456746     0.105176950
     5.310000000     0.500805047     1.035316535     0.105871989
     5.320000000     0.499509375     1.044506308     0.106552648
     5.330000000     0.498961389     1.054058046     0.107220854
     5.340000000     0.499188675     1.063979048     0.107878822
     5.350000000     0.500217545     1.074253434     0.108529005
     5.360000000     0.502071906     1.084845382     0.109174044
     5.370000000     0.504772073     1.095703167     0.109816734
     5.380000000     0.508333558     1.106763083     0.110459979
     5.390000000     0.512765878     1.117952615     0.111106773
     5.400000000     0.518071412     1.129192567     0.111760170
     5.410000000     0.524244362     1.140398251     0.112423276
     5.420000000     0.531269843     1.151480113     0.113099236
     5.430000000     0.539123145     1.162344282     0.113791232
     5.440000000     0.547769190     1.172893418     0.114502484
     5.450000000     0.557162222     1.183028017     0.115236253
     5.460000000     0.567245735     1.192648042     0.115995850
     5.470000000     0.577952668     1.201654600     0.116784642
     5.480000000     0.589205858     1.209951362     0.117606060
     5.490000000     0.600918754     1.217445604     0.118463601
     5.500000000     0.612996391     1.224049018     0.119360835
     5.510000000     0.625336588     1.229678658     0.120301401
     5.520000000     0.637831361     1.234258483     0.121289005
     5.530000000     0.650368515     1.237721871     0.122327404
     5.540000000     0.662833374     1.240015166     0.123420392
     5.550000000     0.675110611     1.241101967     0.124571781
     5.560000000     0.687086130     1.240967542     0.125785368
     5.570000000     0.698648960     1.239622565     0.127064905
     5.580000000     0.709693105     1.237105441     0.128414057
     5.590000000     0.720119298     1.233482797     0.129836362
     5.600000000     0.729836632     1.228848050     0.131335184
     5.610000000     0.738764011     1.223318381     0.132913659
     5.620000000     0.746831385     1.217030603     0.134574645
     5.630000000     0.753980744     1.210136514     0.136320669
     5.640000000     0.760166848     1.202798121     0.138153871
     5.650000000     0.765357671     1.195183029     0.140075955
     5.660000000     0.769534551     1.187460004     0.142088137
     5.670000000     0.772692058     1.179794672     0.144191095
     5.680000000     0.774837568     1.172345219     0.146384933
     5.690000000     0.775990582     1.165258029     0.148669136
     5.700000000     0.776181800     1.158663313     0.151042546
     5.710000000     0.775451983     1.152670892     0.153503332
     5.720000000     0.773850645     1.147366421     0.156048979
     5.730000000     0.771434606     1.142808382     0.158676278
     5.740000000     0.768266454     1.139026139     0.161381329
     5.750000000     0.764412965     1.136019289     0.164159556
     5.760000000     0.759943516     1.133758491     0.167005723
     5.770000000     0.754928532     1.132187840     0.169913972
     5.780000000     0.749438025     1.131228782     0.172877867
     5.790000000     0.743540236     1.130785400     0.175890445
     5.800000000     0.737300423     1.130750732     0.178944282
     5.810000000     0.730779823     1.131013612     0.182031567
     5.820000000     0.724034797     1.131465449     0.185144189
     5.830000000     0.717116166     1.132006313     0.188273824
     5.840000000     0.710068763     1.132549839     0.191412041
     5.850000000     0.702931166     1.133026653     0.194550406
     5.860000000     0.695735637     1.133386252     0.197680592
     5.870000000     0.688508226     1.133597491     0.200794501
     5.880000000     0.681269040     1.133647969     0.203884370
     5.890000000     0.674032642     1.133542621     0.206942899
     5.900000000     0.666808566     1.133301757     0.209963356
     5.910000000     0.659601916     1.132958654     0.212939691
     5.920000000     0.652414016     1.132556733     0.215866635
     5.930000000     0.645243105     1.132146279     0.218739793
     5.940000000     0.638085029     1.131780776     0.221555725
     5.950000000     0.630933926     1.131513031     0.224312011
     5.960000000     0.623782870     1.131391448     0.227007299
     5.970000000     0.616624472     1.131456831     0.229641337
     5.980000000     0.609451413     1.131740124     0.232214983
     5.990000000     0.602256912     1.132261333     0.234730192
     6.000000000     0.595035109     1.133029665     0.237189984
     6.010000000     0.587781374     1.134044759     0.239598386
     6.020000000     0.580492539     1.135298670     0.241960350
     6.030000000     0.573167052     1.136778217     0.244281651
     6.040000000     0.565805064     1.138467304     0.246568760
     6.050000000     0.558408456     1.140348900     0.248828700
     6.060000000     0.550980808     1.142406574     0.251068881
     6.070000000     0.543527327     1.144625567     0.253296925
     6.080000000     0.536054740     1.146993541     0.255520475
     6.090000000     0.528571157     1.149501151     0.257746996
     6.100000000     0.521085919     1.152142497     0.259983578
     6.110000000     0.513609430     1.154915468     0.262236738
     6.120000000     0.506152983     1.157821850     0.264512222
     6.130000000     0.498728595     1.160867128     0.266814833
     6.140000000     0.491348830     1.164059888     0.269148258
     6.150000000     0.484026642     1.167410892     0.271514935
     6.160000000     0.476775220     1.170931891     0.273915926
     6.170000000     0.469607843     1.174634368     0.276350841
     6.180000000     0.462537746     1.178528317     0.278817779
     6.190000000     0.455578000     1.182621221     0.281313313
     6.200000000     0.448741392     1.186917302     0.283832517
     6.210000000     0.442040328     1.191417114     0.286369026
     6.220000000     0.435486734     1.196117517     0.288915141
     6.230000000     0.429091971     1.201012029     0.291461973
     6.240000000     0.422866757     1.206091483     0.293999622
     6.250000000     0.416821096     1.211344868     0.296517396
     6.260000000     0.410964218     1.216760173     0.299004054
     6.270000000     0.405304520     1.222325069     0.301448082
     6.280000000     0.399849519     1.228027264     0.303837986
     6.290000000     0.394605813     1.233854511     0.306162596
     6.300000000     0.389579043     1.239794339     0.308411385
     6.310000000     0.384773873     1.245833663     0.310574779
     6.320000000     0.380193964     1.251958514     0.312644462
     6.330000000     0.375841967     1.258154044     0.314613671
     6.340000000     0.371719510     1.264404944     0.316477457
     6.350000000     0.367827204     1.270696248     0.318232923
     6.360000000     0.364164644     1.277014424     0.319879425
     6.370000000     0.360730421     1.283348541     0.321418724
     6.380000000     0.357522135     1.289691293     0.322855101
     6.390000000     0.354536414     1.296039653     0.324195408
     6.400000000     0.351768937     1.302394979     0.325449071
     6.410000000     0.349214460     1.308762522     0.326628043
     6.420000000     0.346866842     1.315150329     0.327746686
     6.430000000     0.344719083     1.321567712     0.328821617
     6.440000000     0.342763354     1.328023473     0.329871486
     6.450000000     0.340991046     1.334524143     0.330916714
     6.460000000     0.339392807     1.341072483     0.331979187
     6.470000000     0.337958597     1.347666431     0.333081912
     6.480000000     0.336677749     1.354298630     0.334248645
     6.490000000     0.335539023     1.360956570     0.335503488
     6.500000000     0.334530687     1.367623355     0.336870484
     6.510000000     0.333640585     1.374279012     0.338373199
     6.520000000     0.332856232     1.380902235     0.340034306
     6.530000000     0.332164898     1.387472375     0.341875182
     6.540000000     0.331553713     1.393971458     0.343915528
     6.550000000     0.331009766     1.400385961     0.346173007
     6.560000000     0.330520222     1.406708120     0.348662927
     6.570000000     0.330072425     1.412936602     0.351397955
     6.580000000     0.329654021     1.419076493     0.354387879
     6.590000000     0.329253067     1.425138657     0.357639424
     6.600000000     0.328858141     1.431138622     0.361156111
     6.610000000     0.328458452     1.437095175     0.364938173
     6.620000000     0.328043942     1.443028835     0.368982533
     6.630000000     0.327605373     1.448960364     0.373282820
     6.640000000     0.327134412     1.454909416     0.377829447
     6.650000000     0.326623704     1.460893397     0.382609738
     6.660000000     0.326066924     1.466926625     0.387608091
     6.670000000     0.325458826     1.473019829     0.392806191
     6.680000000     0.324795270     1.479180030     0.398183250
     6.690000000     0.324073233     1.485410820     0.403716283
     6.700000000     0.323290813     1.491712991     0.409380405
     6.710000000     0.322447209     1.498085439     0.415149142
     6.720000000     0.321542691     1.504526220     0.420994761
     6.730000000     0.320578557     1.511033624     0.426888598
     6.740000000     0.319557075     1.517607113     0.432801390
     6.750000000     0.318481412     1.524248013     0.438703603
     6.760000000     0.317355557     1.530959871     0.444565744
     6.770000000     0.316184228     1.537748463     0.450358665
     6.780000000     0.314972781     1.544621493     0.456053843
     6.790000000     0.313727097     1.551588087     0.461623642
     6.800000000     0.312453479     1.558658197     0.467041550
     6.810000000     0.311158537     1.565842010     0.472282386
     6.820000000     0.309849073     1.573149441     0.477322489
     6.830000000     0.308531962     1.580589684     0.482139867
     6.840000000     0.307214040     1.588170839     0.486714328
     6.850000000     0.305901988     1.595899554     0.491027574
     6.860000000     0.304602224     1.603780679     0.495063274
     6.870000000     0.303320797     1.611816971     0.498807108
     6.880000000     0.302063292     1.620008861     0.502246787
     6.890000000     0.300834742     1.628354371     0.505372048
     6.900000000     0.299639544     1.636849208     0.508174630
     6.910000000     0.298481399     1.645487080     0.510648232
     6.920000000     0.297363252     1.654260215     0.512788449
     6.930000000     0.296287252     1.663160038     0.514592698
     6.940000000     0.295254728     1.672177940     0.516060135
     6.950000000     0.294266175     1.681306051     0.517191553
     6.960000000     0.293321262     1.690537928     0.517989280
     6.970000000     0.292418854     1.699869094     0.518457072
     6.980000000     0.291557049     1.709297367     0.518599994
     6.990000000     0.290733234     1.718822966     0.518424313
     7.000000000     0.289944155     1.728448388     0.517937378
     7.010000000     0.289186003     1.738178079     0.517147508
     7.020000000     0.288454514     1.748017965     0.516063885
     7.030000000     0.287745084     1.757974883     0.514696441
     7.040000000     0.287052887     1.768055993     0.513055762
     7.050000000     0.286373011     1.778268241     0.511152985
     7.060000000     0.285700598     1.788617947     0.508999706
     7.070000000     0.285030983     1.799110571     0.506607893
     7.080000000     0.284359845     1.809750693     0.503989800
     7.090000000     0.283683346     1.820542202     0.501157894
     7.100000000     0.282998273     1.831488667     0.498124775
     7.110000000     0.282302170     1.842593814     0.494903108
     7.120000000     0.281593460     1.853862035     0.491505560
     7.130000000     0.280871559     1.865298876     0.487944736
     7.140000000     0.280136960     1.876911426     0.484233117
     7.150000000     0.279391318     1.888708606     0.480383012
     7.160000000     0.278637497     1.900701328     0.476406499
     7.170000000     0.277879604     1.912902536     0.472315381
     7.180000000     0.277122994     1.925327157     0.468121138
     7.190000000     0.276374256     1.937991945     0.463834889
     7.200000000     0.275641163     1.950915261     0.459467353
     7.210000000     0.274932607     1.964116770     0.455028818
     7.220000000     0.274258505     1.977617031     0.450529115
     7.230000000     0.273629684     1.991436988     0.445977598
     7.240000000     0.273057751     2.005597314     0.441383128
     7.250000000     0.272554936     2.020117636     0.436754065
     7.260000000     0.272133939     2.035015681     0.432098272
     7.270000000     0.271807758     2.050306429     0.427423116
     7.280000000     0.271589519     2.066001367     0.422735482
     7.290000000     0.271492318     2.082107969     0.418041798
     7.300000000     0.271529060     2.098629483     0.413348057
     7.310000000     0.271712332     2.115565075     0.408659850
     7.320000000     0.272054282     2.132910348     0.403982405
     7.330000000     0.272566544     2.150658166     0.399320623
     7.340000000     0.273260189     2.168799706     0.394679129
     7.350000000     0.274145720     2.187325602     0.390062309
     7.360000000     0.275233117     2.206227064     0.385474359
     7.370000000     0.276531925     2.225496810     0.380919327
     7.380000000     0.278051408     2.245129751     0.376401154
     7.390000000     0.279800750     2.265123323     0.371923708
     7.400000000     0.281789323     2.285477494     0.367490819
     7.410000000     0.284027012     2.306194478     0.363106299
     7.420000000     0.286524607     2.327278274     0.358773965
     7.430000000     0.289294257     2.348734184     0.354497645
     7.440000000     0.292349986     2.370568476     0.350281186
     7.450000000     0.295708275     2.392788316     0.346128443
     7.460000000     0.299388718     2.415402065     0.342043271
     7.470000000     0.303414730     2.438419906     0.338029504
     7.480000000     0.307814339     2.461854736     0.334090926
     7.490000000     0.312621041     2.485723136     0.330231246
     7.500000000     0.317874740     2.510046239     0.326454052
     7.510000000     0.323622765     2.534850279     0.322762779
     7.520000000     0.329920973     2.560166700     0.319160662
     7.530000000     0.336834955     2.586031738     0.315650695
     7.540000000     0.344441339     2.612485500     0.312235585
     7.550000000     0.352829205     2.639570621     0.308917710
     7.560000000     0.362101617     2.667330621     0.305699080
     7.570000000     0.372377272     2.695808105     0.302581297
     7.580000000     0.383792281     2.725042957     0.299565521
     7.590000000     0.396502062     2.755070668     0.296652440
     7.600000000     0.410683349     2.785920938     0.293842249
     7.610000000     0.426536300     2.817616674     0.291134620
     7.620000000     0.444286669     2.850173455     0.288528698
     7.630000000     0.464188026     2.883599481     0.286023082
     7.640000000     0.486523952     2.917895954     0.283615822
     7.650000000     0.511610173     2.953057766     0.281304418
     7.660000000     0.539796529     2.989074330     0.279085823
     7.670000000     0.571468706     3.025930397     0.276956451
     7.680000000     0.607049608     3.063606702     0.274912183
     7.690000000     0.647000254     3.102080342     0.272948387
     7.700000000     0.691820045     3.141324848     0.271059925
     7.710000000     0.742046265     3.181309925     0.269241182
     7.720000000     0.798252648     3.222000894     0.267486076
     7.730000000     0.861046848     3.263357846     0.265788090
     7.740000000     0.931066647     3.305334547     0.264140290
     7.750000000     1.008974752     3.347877126     0.262535352
     7.760000000     1.095452040     3.390922581     0.260965593
     7.770000000     1.191189135     3.434397151     0.259423000
     7.780000000     1.296876247     3.478214582     0.257899263
     7.790000000     1.413191228     3.522274256     0.256385809
     7.800000000     1.540785864     3.566459106     0.254873846
     7.810000000     1.680270487     3.610633126     0.253354396
     7.820000000     1.832197047     3.654638190     0.251818351
     7.830000000     1.997040862     3.698289818     0.250256516
     7.840000000     2.175181350     3.741371525     0.248659665
     7.850000000     2.366882120     3.783627441     0.247018597
     7.860000000     2.572270867     3.824753043     0.245324204
     7.870000000     2.791319588     3.864384039     0.243567532
     7.880000000     3.023825718     3.902083649     0.241739854
     7.890000000     3.269394792     3.937328668     0.239832743
     7.900000000     3.527425299     3.969494770     0.237838148
     7.910000000     3.797096392     3.997841417     0.235748470
     7.920000000     4.077359093     4.021496571     0.233556646
     7.930000000     4.366931612     4.039441144     0.231256221
     7.940000000     4.664299309     4.050493035     0.228841427
     7.950000000     4.967719759     4.053290650     0.226307256
     7.960000000     5.275233225     4.046276390     0.223649527
     7.970000000     5.584678749     4.027681634     0.220864949
     7.980000000     5.893715867     3.995516333     0.217951175
     7.990000000     6.199851810     3.947568311     0.214906849
     8.000000000     6.500473845     3.881419433     0.211731638
     8.010000000     6.792886258     3.794487588     0.208426258
     8.020000000     7.074351262     3.684104361     0.204992484
     8.030000000     7.342132996     3.547637821     0.201433151
     8.040000000     7.593543594     3.382667133     0.197752137
     8.050000000     7.825990236     3.187210051     0.193954336
     8.060000000     8.037021957     2.959995159     0.190045616
     8.070000000     8.224375015     2.700758062     0.186032767
     8.080000000     8.386015564     2.410526146     0.181923432
     8.090000000     8.520178460     2.091843234     0.177726036
     8.100000000     8.625401108     1.748878680     0.173449692
     8.110000000     8.700551373     1.387370890     0.169104114
     8.120000000     8.744848782     1.014376478     0.164699511
     8.130000000     8.757878395     0.637831896     0.160246484
     8.140000000     8.739596988     0.265976040     0.155755914
     8.150000000     8.690331391    -0.093282964     0.151238857
     8.160000000     8.610769093    -0.432958558     0.146706428
     8.170000000     8.501941429    -0.747446361     0.142169698
     8.180000000     8.365199930    -1.032798805     0.137639588
     8.190000000     8.202186566    -1.286799802     0.133126774
     8.200000000     8.014798814    -1.508863175     0.128641587
     8.210000000     7.805150613    -1.699802740     0.124193937
     8.220000000     7.575530332    -1.861529514     0.119793234
     8.230000000     7.328356964    -1.996725709     0.115448320
     8.240000000     7.066135732    -2.108531946     0.111167412
     8.250000000     6.791414255    -2.200269507     0.106958059
     8.260000000     6.506740381    -2.275207480     0.102827103
     8.270000000     6.214622630    -2.336377191     0.098780650
     8.280000000     5.917494085    -2.386433108     0.094824060
     8.290000000     5.617680409    -2.427559237     0.090961938
     8.300000000     5.317372467    -2.461421010     0.087198134
     8.310000000     5.018603893    -2.489162920     0.083535759
     8.320000000     4.723233723    -2.511450518     0.079977204
     8.330000000     4.432934084    -2.528551398     0.076524166
     8.340000000     4.149182763    -2.540444569     0.073177681
     8.350000000     3.873260341    -2.546942929     0.069938167
     8.360000000     3.606251488    -2.547811624     0.066805467
     8.370000000     3.349049917    -2.542866832     0.063778894
     8.380000000     3.102366451    -2.532044698     0.060857290
     8.390000000     2.866739612    -2.515436959     0.058039073
     8.400000000     2.642548160    -2.493296082     0.055322297
     8.410000000     2.430025004    -2.466017099     0.052704706
     8.420000000     2.229271951    -2.434104960     0.050183788
     8.430000000     2.040274810    -2.398135817     0.047756835
     8.440000000     1.862918437    -2.358718824     0.045420989
     8.450000000     1.697001346    -2.316462792     0.043173295
     8.460000000     1.542249623    -2.271949949     0.041010751
     8.470000000     1.398329910    -2.225717462     0.038930346
     8.480000000     1.264861319    -2.178246309     0.036929104
     8.490000000     1.141426188    -2.129956436     0.035004117
     8.500000000     1.027579646    -2.081206878     0.033152573
     8.510000000     0.922857985    -2.032299369     0.031371784
     8.520000000     0.826785911    -1.983484082     0.029659208
     8.530000000     0.738882711    -1.934966303     0.028012456
     8.540000000     0.658667468    -1.886913113     0.026429311
     8.550000000     0.585663388    -1.839459509     0.024907727
     8.560000000     0.519401367    -1.792713654     0.023445832
     8.570000000     0.459422898    -1.746761223     0.022041923
     8.580000000     0.405282400    -1.701668934     0.020694459
     8.590000000     0.356549086    -1.657487418     0.019402052
     8.600000000     0.312808415    -1.614253593     0.018163449
     8.610000000     0.273663216    -1.571992687     0.016977517
     8.620000000     0.238734537    -1.530719980     0.015843227
     8.630000000     0.207662244    -1.490442350     0.014759633
     8.640000000     0.180105436    -1.451159632     0.013725850
     8.650000000     0.155742670    -1.412865836     0.012741039
     8.660000000     0.134272036    -1.375550210     0.011804383
     8.670000000     0.115411094    -1.339198174     0.010915067
     8.680000000     0.098896682    -1.303792128     0.010072268
     8.690000000     0.084484597    -1.269312142     0.009275130
     8.700000000     0.071949182    -1.235736540     0.008522756
     8.710000000     0.061082799    -1.203042394     0.007814195
     8.720000000     0.051695216    -1.171205929     0.007148434
     8.730000000     0.043612916    -1.140202862     0.006524388
     8.740000000     0.036678333    -1.110008674     0.005940901
     8.750000000     0.030749025    -1.080598836     0.005396742
     8.760000000     0.025696817    -1.051948982     0.004890606
     8.770000000     0.021406891    -1.024035056     0.004421116
     8.780000000     0.017776874    -0.996833418     0.003986832
     8.790000000     0.014715904    -0.970320930     0.003586256
     8.800000000     0.012143714    -0.944475017     0.003217839
     8.810000000     0.009989718    -0.919273715     0.002879994
     8.820000000     0.008192134    -0.894695701     0.002571103
     8.830000000     0.006697127    -0.870720313     0.002289532
     8.840000000     0.005458006    -0.847327558     0.002033640
     8.850000000     0.004434454    -0.824498116     0.001801792
     8.860000000     0.003591817    -0.802213338     0.001592369
     8.870000000     0.002900439    -0.780455237     0.001403780
     8.880000000     0.002335051    -0.759206477     0.001234468
     8.890000000     0.001874219    -0.738450358     0.001082925
     8.900000000     0.001499835    -0.718170800     0.000947697
     8.910000000     0.001196670    -0.698352330     0.000827389
     8.920000000     0.000951964    -0.678980055     0.000720672
     8.930000000     0.000755077    -0.660039652     0.000626291
     8.940000000     0.000597165    -0.641517341     0.000543062
     8.950000000     0.000470911    -0.623399870     0.000469879
     8.960000000     0.000370283    -0.605674494     0.000405711
     8.970000000     0.000290329    -0.588328955     0.000349605
     8.980000000     0.000226998    -0.571351463     0.000300686
     8.990000000     0.000176988    -0.554730679     0.000258150
     9.000000000     0.000137619    -0.538455696     0.000221268
     9.010000000     0.000106723    -0.522516020     0.000189378
     9.020000000     0.000082551    -0.506901553     0.000161886
     9.030000000     0.000063701    -0.491602581     0.000138256
     9.040000000     0.000049049    -0.476609751     0.000118014
     9.050000000     0.000037700    -0.461914060     0.000100739
     9.060000000     0.000028943    -0.447506842     0.000086057
     9.070000000     0.000022214    -0.433379749     0.000073644
     9.080000000     0.000017070    -0.419524741     0.000063214
     9.090000000     0.000013161    -0.405934071     0.000054521
     9.100000000     0.000010214    -0.392600275     0.000047354
     9.110000000     0.000008018    -0.379516158     0.000041529
     9.120000000     0.000006406    -0.366674784     0.000036892
     9.130000000     0.000005253    -0.354069463     0.000033314
     9.140000000     0.000004461    -0.341693744     0.000030685
     9.150000000     0.000003955    -0.329541401     0.000028916
     9.160000000     0.000003680    -0.317606430     0.000027933
     9.170000000     0.000003595    -0.305883031     0.000027675
     9.180000000     0.000003669    -0.294365607     0.000028095
     9.190000000     0.000003878    -0.283048753     0.000029155
     9.200000000     0.000004209    -0.271927248     0.000030825
     9.210000000     0.000004649    -0.260996046     0.000033080
     9.220000000     0.000005191    -0.250250273     0.000035901
     9.230000000     0.000005831    -0.239685217     0.000039274
     9.240000000     0.000006566    -0.229296322     0.000043182
     9.250000000     0.000007395    -0.219079182     0.000047613
     9.260000000     0.000008315    -0.209029535     0.000052552
     9.270000000     0.000009326    -0.199143258     0.000057982
     9.280000000     0.000010426    -0.189416362     0.000063883
     9.290000000     0.000011615    -0.179844986     0.000070232
     9.300000000     0.000012889    -0.170425390     0.000077000
     9.310000000     0.000014245    -0.161153956     0.000084154
     9.320000000     0.000015677    -0.152027177     0.000091655
     9.330000000     0.000017181    -0.143041659     0.000099456
     9.340000000     0.000018747    -0.134194111     0.000107507
     9.350000000     0.000020369    -0.125481348     0.000115748
     9.360000000     0.000022034    -0.116900281     0.000124116
     9.370000000     0.000023731    -0.108447916     0.000132541
     9.380000000     0.000025448    -0.100121353     0.000140949
     9.390000000     0.000027170    -0.091917779     0.000149262
     9.400000000     0.000028881    -0.083834468     0.000157398
     9.410000000     0.000030565    -0.075868774     0.000165274
     9.420000000     0.000032206    -0.068018132     0.000172806
     9.430000000     0.000033786    -0.060280053     0.000179911
     9.440000000     0.000035288    -0.052652120     0.000186508
     9.450000000     0.000036695    -0.045131985     0.000192520
     9.460000000     0.000037990    -0.037717364     0.000197875
     9.470000000     0.000039159    -0.030406035     0.000202507
     9.480000000     0.000040186    -0.023195830     0.000206359
     9.490000000     0.000041059    -0.016084634     0.000209383
     9.500000000     0.000041767    -0.009070383     0.000211539
     9.510000000     0.000042300    -0.002151052     0.000212799
     9.520000000     0.000042651     0.004675334     0.000213148
     9.530000000     0.000042817     0.011410713     0.000212580
     9.540000000     0.000042794     0.018056976     0.000211103
     9.550000000     0.000042582     0.024615967     0.000208735
     9.560000000     0.000042186     0.031089481     0.000205507
     9.570000000     0.000041609     0.037479262     0.000201460
     9.580000000     0.000040860     0.043786996     0.000196645
     9.590000000     0.000039947     0.050014318     0.000191121
     9.600000000     0.000038883     0.056162806     0.000184955
     9.610000000     0.000037681     0.062233989     0.000178222
     9.620000000     0.000036355     0.068229344     0.000171000
     9.630000000     0.000034921     0.074150308     0.000163371
     9.640000000     0.000033396     0.079998273     0.000155418
     9.650000000     0.000031797     0.085774595     0.000147227
     9.660000000     0.000030141     0.091480594     0.000138881
     9.670000000     0.000028445     0.097117558     0.000130462
     9.680000000     0.000026726     0.102686744     0.000122047
     9.690000000     0.000025001     0.108189377     0.000113711
     9.700000000     0.000023284     0.113626656     0.000105523
     9.710000000     0.000021589     0.118999752     0.000097545
     9.720000000     0.000019929     0.124309809     0.000089834
     9.730000000     0.000018316     0.129557945     0.000082440
     9.740000000     0.000016759     0.134745253     0.000075407
     9.750000000     0.000015267     0.139872799     0.000068769
     9.760000000     0.000013846     0.144941629     0.000062557
     9.770000000     0.000012503     0.149952762     0.000056795
     9.780000000     0.000011239     0.154907196     0.000051498
     9.790000000     0.000010059     0.159805904     0.000046678
     9.800000000     0.000008963     0.164649840     0.000042342
     9.810000000     0.000007952     0.169439934     0.000038491
     9.820000000     0.000007023     0.174177097     0.000035123
     9.830000000     0.000006176     0.178862220     0.000032232
     9.840000000     0.000005407     0.183496172     0.000029809
     9.850000000     0.000004713     0.188079804     0.000027843
     9.860000000     0.000004090     0.192613949     0.000026320
     9.870000000     0.000003534     0.197099420     0.000025225
     9.880000000     0.000003040     0.201537013     0.000024540
     9.890000000     0.000002604     0.205927508     0.000024249
     9.900000000     0.000002221     0.210271665     0.000024332
     9.910000000     0.000001886     0.214570231     0.000024769
     9.920000000     0.000001595     0.218823935     0.000025538
     9.930000000     0.000001343     0.223033490     0.000026617
     9.940000000     0.000001126     0.227199595     0.000027985
     9.950000000     0.000000941     0.231322934     0.000029615
     9.960000000     0.000000783     0.235404175     0.000031483
     9.970000000     0.000000649     0.239443976     0.000033562
     9.980000000     0.000000536     0.243442976     0.000035825
     9.990000000     0.000000442     0.247401805     0.000038242
    10.000000000     0.000000363     0.251321078     0.000040783
    10.010000000     0.000000298     0.255201398     0.000043417
    10.020000000     0.000000244     0.259043355     0.000046111
    10.030000000     0.000000199     0.262847527     0.000048832
    10.040000000     0.000000163     0.266614482     0.000051545
    10.050000000     0.000000134     0.270344774     0.000054218
    10.060000000     0.000000110     0.274038948     0.000056815
    10.070000000     0.000000091     0.277697537     0.000059304
    10.080000000     0.000000076     0.281321064     0.000061652
    10.090000000     0.000000064     0.284910041     0.000063828
    10.100000000     0.000000054     0.288464971     0.000065802
    10.110000000     0.000000047     0.291986347     0.000067548
    10.120000000     0.000000041     0.295474651     0.000069042
    10.130000000     0.000000036     0.298930357     0.000070262
    10.140000000     0.000000032     0.302353929     0.000071193
    10.150000000     0.000000030     0.305745824     0.000071819
    10.160000000     0.000000027     0.309106489     0.000072133
    10.170000000     0.000000026     0.312436361     0.000072130
    10.180000000     0.000000024     0.315735871     0.000071808
    10.190000000     0.000000023     0.319005442     0.000071172
    10.200000000     0.000000022     0.322245487     0.000070230
    10.210000000     0.000000021     0.325456414     0.000068993
    10.220000000     0.000000020     0.328638621     0.000067479
    10.230000000     0.000000019     0.331792499     0.000065705
    10.240000000     0.000000018     0.334918434     0.000063694
    10.250000000     0.000000018     0.338016803     0.000061472
    10.260000000     0.000000017     0.341087976     0.000059064
    10.270000000     0.000000016     0.344132317     0.000056499
    10.280000000     0.000000015     0.347150184     0.000053805
    10.290000000     0.000000014     0.350141927     0.000051013
    10.300000000     0.000000013     0.353107891     0.000048151
    10.310000000     0.000000013     0.356048416     0.000045249
    10.320000000     0.000000012     0.358963832     0.000042332
    10.330000000     0.000000011     0.361854467     0.000039428
    10.340000000     0.000000010     0.364720643     0.000036561
    10.350000000     0.000000009     0.367562673     0.000033752
    10.360000000     0.000000009     0.370380869     0.000031020
    10.370000000     0.000000008     0.373175535     0.000028383
    10.380000000     0.000000007     0.375946969     0.000025855
    10.390000000     0.000000007     0.378695467     0.000023448
    10.400000000     0.000000006     0.381421318     0.000021171
    10.410000000     0.000000005     0.384124805     0.000019030
    10.420000000     0.000000005     0.386806208     0.000017030
    10.430000000     0.000000004     0.389465802     0.000015172
    10.440000000     0.000000004     0.392103858     0.000013458
    10.450000000     0.000000003     0.394720639     0.000011885
    10.460000000     0.000000003     0.397316409     0.000010449
    10.470000000     0.000000003     0.399891423     0.000009147
    10.480000000     0.000000002     0.402445935     0.000007972
    10.490000000     0.000000002     0.404980193     0.000006918
    10.500000000     0.000000002     0.407494441     0.000005978
    10.510000000     0.000000002     0.409988920     0.000005144
    10.520000000     0.000000002     0.412463866     0.000004410
    10.530000000     0.000000001     0.414919512     0.000003766
    10.540000000     0.000000001     0.417356088     0.000003205
    10.550000000     0.000000001     0.419773818     0.000002721
    10.560000000     0.000000002     0.422172925     0.000002305
    10.570000000     0.000000002     0.424553626     0.000001952
    10.580000000     0.000000002     0.426916137     0.000001656
    10.590000000     0.000000002     0.429260668     0.000001411
    10.600000000     0.000000003     0.431587428     0.000001212
    10.610000000     0.000000003     0.433896622     0.000001055
    10.620000000     0.000000004     0.436188452     0.000000938
    10.630000000     0.000000005     0.438463115     0.000000858
    10.640000000     0.000000006     0.440720808     0.000000812
    10.650000000     0.000000007     0.442961723     0.000000799
    10.660000000     0.000000009     0.445186049     0.000000820
    10.670000000     0.000000011     0.447393974     0.000000876
    10.680000000     0.000000014     0.449585680     0.000000966
    10.690000000     0.000000017     0.451761350     0.000001093
    10.700000000     0.000000020     0.453921160     0.000001261
    10.710000000     0.000000024     0.456065288     0.000001471
    10.720000000     0.000000029     0.458193906     0.000001730
    10.730000000     0.000000035     0.460307183     0.000002041
    10.740000000     0.000000042     0.462405290     0.000002410
    10.750000000     0.000000049     0.464488390     0.000002843
    10.760000000     0.000000058     0.466556646     0.000003347
    10.770000000     0.000000069     0.468610220     0.000003929
    10.780000000     0.000000081     0.470649269     0.000004596
    10.790000000     0.000000094     0.472673950     0.000005357
    10.800000000     0.000000109     0.474684416     0.000006218
    10.810000000     0.000000126     0.476680819     0.000007187
    10.820000000     0.000000146     0.478663308     0.000008273
    10.830000000     0.000000167     0.480632029     0.000009481
    10.840000000     0.000000190     0.482587129     0.000010819
    10.850000000     0.000000216     0.484528750     0.000012290
    10.860000000     0.000000245     0.486457033     0.000013901
    10.870000000     0.000000276     0.488372117     0.000015654
    10.880000000     0.000000309     0.490274138     0.000017549
    10.890000000     0.000000345     0.492163233     0.000019587
    10.900000000     0.000000383     0.494039534     0.000021765
    10.910000000     0.000000424     0.495903172     0.000024077
    10.920000000     0.000000467     0.497754276     0.000026518
    10.930000000     0.000000512     0.499592975     0.000029076
    10.940000000     0.000000559     0.501419395     0.000031739
    10.950000000     0.000000607     0.503233658     0.000034494
    10.960000000     0.000000657     0.505035888     0.000037320
    10.970000000     0.000000708     0.506826205     0.000040200
    10.980000000     0.000000759     0.508604728     0.000043109
    10.990000000     0.000000811     0.510371575     0.000046025
    11.000000000     0.000000862     0.512126860     0.000048919
    11.010000000     0.000000912     0.513870698     0.000051765
    11.020000000     0.000000960     0.515603201     0.000054533
    11.030000000     0.000001007     0.517324480     0.000057195
    11.040000000     0.000001052     0.519034645     0.000059721
    11.050000000     0.000001093     0.520733803     0.000062082
    11.060000000     0.000001132     0.522422061     0.000064249
    11.070000000     0.000001166     0.524099524     0.000066198
    11.080000000     0.000001196     0.525766296     0.000067903
    11.090000000     0.000001221     0.527422481     0.000069344
    11.100000000     0.000001242     0.529068181     0.000070501
    11.110000000     0.000001257     0.530703496     0.000071359
    11.120000000     0.000001266     0.532328528     0.000071907
    11.130000000     0.000001270     0.533943375     0.000072139
    11.140000000     0.000001269     0.535548135     0.000072050
    11.150000000     0.000001262     0.537142905     0.000071642
    11.160000000     0.000001249     0.538727782     0.000070921
    11.170000000     0.000001231     0.540302860     0.000069895
    11.180000000     0.000001208     0.541868230     0.000068579
    11.190000000     0.000001180     0.543423984     0.000066989
    11.200000000     0.000001147     0.544970213     0.000065146
    11.210000000     0.000001111     0.546507003     0.000063073
    11.220000000     0.000001071     0.548034443     0.000060795
    11.230000000     0.000001027     0.549552616     0.000058339
    11.240000000     0.000000982     0.551061609     0.000055734
    11.250000000     0.000000934     0.552561504     0.000053010
    11.260000000     0.000000884     0.554052384     0.000050195
    11.270000000     0.000000833     0.555534329     0.000047318
    11.280000000     0.000000782     0.557007420     0.000044409
    11.290000000     0.000000731     0.558471737     0.000041494
    11.300000000     0.000000680     0.559927358     0.000038598
    11.310000000     0.000000630     0.561374359     0.000035745
    11.320000000     0.000000580     0.562812819     0.000032956
    11.330000000     0.000000533     0.564242813     0.000030250
    11.340000000     0.000000487     0.565664416     0.000027643
    11.350000000     0.000000443     0.567077702     0.000025149
    11.360000000     0.000000401     0.568482743     0.000022778
    11.370000000     0.000000362     0.569879613     0.000020540
    11.380000000     0.000000325     0.571268383     0.000018439
    11.390000000     0.000000290     0.572649124     0.000016479
    11.400000000     0.000000258     0.574021905     0.000014663
    11.410000000     0.000000229     0.575386795     0.000012989
    11.420000000     0.000000202     0.576743864     0.000011455
    11.430000000     0.000000177     0.578093177     0.000010057
    11.440000000     0.000000155     0.579434803     0.000008791
    11.450000000     0.000000135     0.580768807     0.000007650
    11.460000000     0.000000117     0.582095253     0.000006628
    11.470000000     0.000000101     0.583414208     0.000005717
    11.480000000     0.000000086     0.584725733     0.000004909
    11.490000000     0.000000074     0.586029893     0.000004196
    11.500000000     0.000000063     0.587326748     0.000003572
    11.510000000     0.000000053     0.588616362     0.000003026
    11.520000000     0.000000045     0.589898795     0.000002553
    11.530000000     0.000000038     0.591174106     0.000002144
    11.540000000     0.000000032     0.592442356     0.000001793
    11.550000000     0.000000026     0.593703603     0.000001492
    11.560000000     0.000000022     0.594957905     0.000001236
    11.570000000     0.000000018     0.596205319     0.000001020
    11.580000000     0.000000015     0.597445903     0.000000838
    11.590000000     0.000000012     0.598679713     0.000000685
    11.600000000     0.000000010     0.599906805     0.000000558
    11.610000000     0.000000008     0.601127232     0.000000452
    11.620000000     0.000000006     0.602341050     0.000000365
    11.630000000     0.000000005     0.603548313     0.000000293
    11.640000000     0.000000004     0.604749073     0.000000234
    11.650000000     0.000000003     0.605943383     0.000000187
    11.660000000     0.000000003     0.607131296     0.000000148
    11.670000000     0.000000002     0.608312862     0.000000117
    11.680000000     0.000000002     0.609488132     0.000000092
    11.690000000     0.000000001     0.610657158     0.000000072
    11.700000000     0.000000001     0.611819987     0.000000056
    11.710000000     0.000000001     0.612976671     0.000000043
    11.720000000     0.000000001     0.614127257     0.000000033
    11.730000000     0.000000000     0.615271794     0.000000026
    11.740000000     0.000000000     0.616410330     0.000000020
    11.750000000     0.000000000     0.617542911     0.000000015
    11.760000000     0.000000000     0.618669584     0.000000011
    11.770000000     0.000000000     0.619790396     0.000000009
    11.780000000     0.000000000     0.620905392     0.000000006
    11.790000000     0.000000000     0.622014618     0.000000005
    11.800000000     0.000000000     0.623118118     0.000000004
    11.810000000     0.000000000     0.624215936     0.000000003
    11.820000000     0.000000000     0.625308116     0.000000002
    11.830000000     0.000000000     0.626394702     0.000000001
    11.840000000     0.000000000     0.627475737     0.000000001
    11.850000000     0.000000000     0.628551262     0.000000001
    11.860000000     0.000000000     0.629621321     0.000000001
    11.870000000     0.000000000     0.630685954     0.000000000
    11.880000000     0.000000000     0.631745203     0.000000000
    11.890000000     0.000000000     0.632799108     0.000000000
    11.900000000     0.000000000     0.633847711     0.000000000
    11.910000000     0.000000000     0.634891049     0.000000000
    11.920000000     0.000000000     0.635929165     0.000000000
    11.930000000     0.000000000     0.636962095     0.000000000
    11.940000000     0.000000000     0.637989880     0.000000000
    11.950000000     0.000000000     0.639012557     0.000000000
    11.960000000     0.000000000     0.640030164     0.000000000
    11.970000000     0.000000000     0.641042740     0.000000000
    11.980000000     0.000000000     0.642050320     0.000000000
    11.990000000     0.000000000     0.643052942     0.000000000
    12.000000000     0.000000000     0.644050643     0.000000000
    12.010000000     0.000000000     0.645043458     0.000000000
    12.020000000     0.000000000     0.646031423     0.000000000
    12.030000000     0.000000000     0.647014574     0.000000000
    12.040000000     0.000000000     0.647992945     0.000000000
    12.050000000     0.000000000     0.648966572     0.000000000
    12.060000000     0.000000000     0.649935488     0.000000000
    12.070000000     0.000000000     0.650899728     0.000000000
    12.080000000     0.000000000     0.651859325     0.000000000
    12.090000000     0.000000000     0.652814312     0.000000000
    12.100000000     0.000000000     0.653764724     0.000000000
    12.110000000     0.000000000     0.654710591     0.000000000
    12.120000000     0.000000000     0.655651948     0.000000000
    12.130000000     0.000000000     0.656588825     0.000000000
    12.140000000     0.000000000     0.657521255     0.000000000
    12.150000000     0.000000000     0.658449269     0.000000000
    12.160000000     0.000000000     0.659372898     0.000000000
    12.170000000     0.000000000     0.660292174     0.000000000
    12.180000000     0.000000000     0.661207126     0.000000000
    12.190000000     0.000000000     0.662117785     0.000000000
    12.200000000     0.000000000     0.663024181     0.000000000
    12.210000000     0.000000000     0.663926344     0.000000000
    12.220000000     0.000000000     0.664824303     0.000000000
    12.230000000     0.000000000     0.665718087     0.000000000
    12.240000000     0.000000000     0.666607726     0.000000000
    12.250000000     0.000000000     0.667493247     0.000000000
    12.260000000     0.000000000     0.668374680     0.000000000
    12.270000000     0.000000000     0.669252052     0.000000000
    12.280000000     0.000000000     0.670125391     0.000000000
    12.290000000     0.000000000     0.670994725     0.000000000
    12.300000000     0.000000000     0.671860081     0.000000000
    12.310000000     0.000000000     0.672721486     0.000000000
    12.320000000     0.000000000     0.673578967     0.000000000
    12.330000000     0.000000000     0.674432550     0.000000000
    12.340000000     0.000000000     0.675282263     0.000000000
    12.350000000     0.000000000     0.676128130     0.000000000
    12.360000000     0.000000000     0.676970178     0.000000000
    12.370000000     0.000000000     0.677808433     0.000000000
    12.380000000     0.000000000     0.678642919     0.000000000
    12.390000000     0.000000000     0.679473663     0.000000000
    12.400000000     0.000000000     0.680300688     0.000000000
    12.410000000     0.000000000     0.681124020     0.000000000
    12.420000000     0.000000000     0.681943683     0.000000000
    12.430000000     0.000000000     0.682759702     0.000000000
    12.440000000     0.000000000     0.683572100     0.000000000
    12.450000000     0.000000000     0.684380901     0.000000000
    12.460000000     0.000000000     0.685186129     0.000000000
    12.470000000     0.000000000     0.685987808     0.000000000
    12.480000000     0.000000000     0.686785960     0.000000000
    12.490000000     0.000000000     0.687580609     0.000000000
    12.500000000     0.000000000     0.688371777     0.000000000
    12.510000000     0.000000000     0.689159487     0.000000000
    12.520000000     0.000000000     0.689943762     0.000000000
    12.530000000     0.000000000     0.690724623     0.000000000
    12.540000000     0.000000000     0.691502093     0.000000000
    12.550000000     0.000000000     0.692276194     0.000000000
    12.560000000     0.000000000     0.693046947     0.000000000
    12.570000000     0.000000000     0.693814373     0.000000000
    12.580000000     0.000000000     0.694578494     0.000000000
    12.590000000     0.000000000     0.695339331     0.000000000
    12.600000000     0.000000000     0.696096905     0.000000000
    12.610000000     0.000000000     0.696851236     0.000000000
    12.620000000     0.000000000     0.697602346     0.000000000
    12.630000000     0.000000000     0.698350254     0.000000000
    12.640000000     0.000000000     0.699094981     0.000000000
    12.650000000     0.000000000     0.699836547     0.000000000
    12.660000000     0.000000000     0.700574971     0.000000000
    12.670000000     0.000000000     0.701310274     0.000000000
    12.680000000     0.000000000     0.702042474     0.000000000
    12.690000000     0.000000000     0.702771591     0.000000000
    12.700000000     0.000000000     0.703497645     0.000000000
    12.710000000     0.000000000     0.704220655     0.000000000
    12.720000000     0.000000000     0.704940638     0.000000000
    12.730000000     0.000000000     0.705657615     0.000000000
    12.740000000     0.000000000     0.706371603     0.000000000
    12.750000000     0.000000000     0.707082622     0.000000000
    12.760000000     0.000000000     0.707790688     0.000000000
    12.770000000     0.000000000     0.708495821     0.000000000
    12.780000000     0.000000000     0.709198038     0.000000000
    12.790000000     0.000000000     0.709897358     0.000000000
    12.800000000     0.000000000     0.710593797     0.000000000
    12.810000000     0.000000000     0.711287374     0.000000000
    12.820000000     0.000000000     0.711978105     0.000000000
    12.830000000     0.000000000     0.712666008     0.000000000
    12.840000000     0.000000000     0.713351100     0.000000000
    12.850000000     0.000000000     0.714033398     0.000000000
    12.860000000     0.000000000     0.714712919     0.000000000
    12.870000000     0.000000000     0.715389680     0.000000000
    12.880000000     0.000000000     0.716063696     0.000000000
    12.890000000     0.000000000     0.716734985     0.000000000
    12.900000000     0.000000000     0.717403563     0.000000000
    12.910000000     0.000000000     0.718069445     0.000000000
    12.920000000     0.000000000     0.718732649     0.000000000
    12.930000000     0.000000000     0.719393189     0.000000000
    12.940000000     0.000000000     0.720051082     0.000000000
    12.950000000     0.000000000     0.720706343     0.000000000
    12.960000000     0.000000000     0.721358988     0.000000000
    12.970000000     0.000000000     0.722009032     0.000000000
    12.980000000     0.000000000     0.722656490     0.000000000
    12.990000000     0.000000000     0.723301378     0.000000000
    13.000000000     0.000000000     0.723943710     0.000000000
