 # Column 1: omega
 # Column 2: eps2(omega)
 # Column 3: eps1(omega)
 # Column 4: JDOS(omega)
     0.000000000     0.000000000     2.471923592     0.000000000
     0.010000000     0.000000000     2.471932202     0.000000000
     0.020000000     0.000000000     2.471958033     0.000000000
     0.030000000     0.000000000     2.472001089     0.000000000
     0.040000000     0.000000000     2.472061375     0.000000000
     0.050000000     0.000000000     2.472138900     0.000000000
     0.060000000     0.000000000     2.472233674     0.000000000
     0.070000000     0.000000000     2.472345710     0.000000000
     0.080000000     0.000000000     2.472475024     0.000000000
     0.090000000     0.000000000     2.472621633     0.000000000
     0.100000000     0.000000000     2.472785556     0.000000000
     0.110000000     0.000000000     2.472966817     0.000000000
     0.120000000     0.000000000     2.473165440     0.000000000
     0.130000000     0.000000000     2.473381453     0.000000000
     0.140000000     0.000000000     2.473614884     0.000000000
     0.150000000     0.000000000     2.473865767     0.000000000
     0.160000000     0.000000000     2.474134135     0.000000000
     0.170000000     0.000000000     2.474420025     0.000000000
     0.180000000     0.000000000     2.474723477     0.000000000
     0.190000000     0.000000000     2.475044533     0.000000000
     0.200000000     0.000000000     2.475383236     0.000000000
     0.210000000     0.000000000     2.475739635     0.000000000
     0.220000000     0.000000000     2.476113779     0.000000000
     0.230000000     0.000000000     2.476505719     0.000000000
     0.240000000     0.000000000     2.476915511     0.000000000
     0.250000000     0.000000000     2.477343212     0.000000000
     0.260000000     0.000000000     2.477788881     0.000000000
     0.270000000     0.000000000     2.478252582     0.000000000
     0.280000000     0.000000000     2.478734380     0.000000000
     0.290000000     0.000000000     2.479234344     0.000000000
     0.300000000     0.000000000     2.479752543     0.000000000
     0.310000000     0.000000000     2.480289052     0.000000000
     0.320000000     0.000000000     2.480843948     0.000000000
     0.330000000     0.000000000     2.481417310     0.000000000
     0.340000000     0.000000000     2.482009220     0.000000000
     0.350000000     0.000000000     2.482619765     0.000000000
     0.360000000     0.000000000     2.483249031     0.000000000
     0.370000000     0.000000000     2.483897112     0.000000000
     0.380000000     0.000000000     2.484564102     0.000000000
     0.390000000     0.000000000     2.485250097     0.000000000
     0.400000000     0.000000000     2.485955201     0.000000000
     0.410000000     0.000000000     2.486679515     0.000000000
     0.420000000     0.000000000     2.487423149     0.000000000
     0.430000000     0.000000000     2.488186213     0.000000000
     0.440000000     0.000000000     2.488968822     0.000000000
     0.450000000     0.000000000     2.489771092     0.000000000
     0.460000000     0.000000000     2.490593146     0.000000000
     0.470000000     0.000000000     2.491435109     0.000000000
     0.480000000     0.000000000     2.492297109     0.000000000
     0.490000000     0.000000000     2.493179278     0.000000000
     0.500000000     0.000000000     2.494081753     0.000000000
     0.510000000     0.000000000     2.495004674     0.000000000
     0.520000000     0.000000000     2.495948185     0.000000000
     0.530000000     0.000000000     2.496912434     0.000000000
     0.540000000     0.000000000     2.497897574     0.000000000
     0.550000000     0.000000000     2.498903760     0.000000000
     0.560000000     0.000000000     2.499931154     0.000000000
     0.570000000     0.000000000     2.500979920     0.000000000
     0.580000000     0.000000000     2.502050229     0.000000000
     0.590000000     0.000000000     2.503142254     0.000000000
     0.600000000     0.000000000     2.504256175     0.000000000
     0.610000000     0.000000000     2.505392175     0.000000000
     0.620000000     0.000000000     2.506550444     0.000000000
     0.630000000     0.000000000     2.507731174     0.000000000
     0.640000000     0.000000000     2.508934564     0.000000000
     0.650000000     0.000000000     2.510160819     0.000000000
     0.660000000     0.000000000     2.511410147     0.000000000
     0.670000000     0.000000000     2.512682765     0.000000000
     0.680000000     0.000000000     2.513978892     0.000000000
     0.690000000     0.000000000     2.515298755     0.000000000
     0.700000000     0.000000000     2.516642586     0.000000000
     0.710000000     0.000000000     2.518010624     0.000000000
     0.720000000     0.000000000     2.519403113     0.000000000
     0.730000000     0.000000000     2.520820305     0.000000000
     0.740000000     0.000000000     2.522262456     0.000000000
     0.750000000     0.000000000     2.523729832     0.000000000
     0.760000000     0.000000000     2.525222704     0.000000000
     0.770000000     0.000000000     2.526741350     0.000000000
     0.780000000     0.000000000     2.528286055     0.000000000
     0.790000000     0.000000000     2.529857114     0.000000000
     0.800000000     0.000000000     2.531454826     0.000000000
     0.810000000     0.000000000     2.533079501     0.000000000
     0.820000000     0.000000000     2.534731456     0.000000000
     0.830000000     0.000000000     2.536411016     0.000000000
     0.840000000     0.000000000     2.538118514     0.000000000
     0.850000000     0.000000000     2.539854295     0.000000000
     0.860000000     0.000000000     2.541618709     0.000000000
     0.870000000     0.000000000     2.543412118     0.000000000
     0.880000000     0.000000000     2.545234893     0.000000000
     0.890000000     0.000000000     2.547087416     0.000000000
     0.900000000     0.000000000     2.548970076     0.000000000
     0.910000000     0.000000000     2.550883277     0.000000000
     0.920000000     0.000000000     2.552827430     0.000000000
     0.930000000     0.000000000     2.554802961     0.000000000
     0.940000000     0.000000000     2.556810303     0.000000000
     0.950000000     0.000000000     2.558849905     0.000000000
     0.960000000     0.000000000     2.560922227     0.000000000
     0.970000000     0.000000000     2.563027741     0.000000000
     0.980000000     0.000000000     2.565166933     0.000000000
     0.990000000     0.000000000     2.567340302     0.000000000
     1.000000000     0.000000000     2.569548362     0.000000000
     1.010000000     0.000000000     2.571791639     0.000000000
     1.020000000     0.000000000     2.574070678     0.000000000
     1.030000000     0.000000000     2.576386035     0.000000000
     1.040000000     0.000000000     2.578738286     0.000000000
     1.050000000     0.000000000     2.581128020     0.000000000
     1.060000000     0.000000000     2.583555847     0.000000000
     1.070000000     0.000000000     2.586022390     0.000000000
     1.080000000     0.000000000     2.588528295     0.000000000
     1.090000000     0.000000000     2.591074223     0.000000000
     1.100000000     0.000000000     2.593660857     0.000000000
     1.110000000     0.000000000     2.596288900     0.000000000
     1.120000000     0.000000000     2.598959075     0.000000000
     1.130000000     0.000000000     2.601672128     0.000000000
     1.140000000     0.000000000     2.604428828     0.000000000
     1.150000000     0.000000000     2.607229966     0.000000000
     1.160000000     0.000000001     2.610076357     0.000000000
     1.170000000     0.000000001     2.612968843     0.000000000
     1.180000000     0.000000001     2.615908292     0.000000000
     1.190000000     0.000000002     2.618895598     0.000000000
     1.200000000     0.000000003     2.621931684     0.000000000
     1.210000000     0.000000004     2.625017501     0.000000000
     1.220000000     0.000000005     2.628154032     0.000000000
     1.230000000     0.000000008     2.631342292     0.000000000
     1.240000000     0.000000011     2.634583327     0.000000000
     1.250000000     0.000000015     2.637878219     0.000000000
     1.260000000     0.000000021     2.641228083     0.000000000
     1.270000000     0.000000030     2.644634074     0.000000001
     1.280000000     0.000000042     2.648097383     0.000000001
     1.290000000     0.000000058     2.651619243     0.000000001
     1.300000000     0.000000079     2.655200927     0.000000001
     1.310000000     0.000000109     2.658843752     0.000000002
     1.320000000     0.000000148     2.662549080     0.000000003
     1.330000000     0.000000202     2.666318321     0.000000004
     1.340000000     0.000000273     2.670152932     0.000000005
     1.350000000     0.000000368     2.674054423     0.000000007
     1.360000000     0.000000494     2.678024356     0.000000009
     1.370000000     0.000000661     2.682064349     0.000000013
     1.380000000     0.000000879     2.686176078     0.000000017
     1.390000000     0.000001165     2.690361279     0.000000022
     1.400000000     0.000001538     2.694621751     0.000000030
     1.410000000     0.000002022     2.698959361     0.000000039
     1.420000000     0.000002646     2.703376040     0.000000051
     1.430000000     0.000003451     2.707873795     0.000000066
     1.440000000     0.000004481     2.712454706     0.000000086
     1.450000000     0.000005796     2.717120932     0.000000112
     1.460000000     0.000007468     2.721874711     0.000000144
     1.470000000     0.000009585     2.726718371     0.000000185
     1.480000000     0.000012257     2.731654324     0.000000237
     1.490000000     0.000015615     2.736685079     0.000000301
     1.500000000     0.000019822     2.741813239     0.000000382
     1.510000000     0.000025074     2.747041513     0.000000482
     1.520000000     0.000031610     2.752372711     0.000000606
     1.530000000     0.000039717     2.757809757     0.000000760
     1.540000000     0.000049745     2.763355691     0.000000948
     1.550000000     0.000062116     2.769013673     0.000001178
     1.560000000     0.000077336     2.774786988     0.000001458
     1.570000000     0.000096020     2.780679056     0.000001797
     1.580000000     0.000118907     2.786693433     0.000002208
     1.590000000     0.000146890     2.792833817     0.000002702
     1.600000000     0.000181046     2.799104057     0.000003293
     1.610000000     0.000222679     2.805508158     0.000004000
     1.620000000     0.000273365     2.812050286     0.000004841
     1.630000000     0.000335010     2.818734777     0.000005837
     1.640000000     0.000409927     2.825566139     0.000007014
     1.650000000     0.000500918     2.832549063     0.000008398
     1.660000000     0.000611383     2.839688428     0.000010022
     1.670000000     0.000745448     2.846989304     0.000011920
     1.680000000     0.000908117     2.854456962     0.000014132
     1.690000000     0.001105462     2.862096877     0.000016702
     1.700000000     0.001344836     2.869914732     0.000019678
     1.710000000     0.001635135     2.877916423     0.000023115
     1.720000000     0.001987107     2.886108060     0.000027074
     1.730000000     0.002413699     2.894495972     0.000031622
     1.740000000     0.002930478     2.903086699     0.000036835
     1.750000000     0.003556092     2.911886995     0.000042797
     1.760000000     0.004312811     2.920903819     0.000049601
     1.770000000     0.005227127     2.930144326     0.000057350
     1.780000000     0.006330423     2.939615854     0.000066162
     1.790000000     0.007659711     2.949325900     0.000076163
     1.800000000     0.009258429     2.959282100     0.000087500
     1.810000000     0.011177303     2.969492194     0.000100332
     1.820000000     0.013475244     2.979963984     0.000114840
     1.830000000     0.016220287     2.990705283     0.000131225
     1.840000000     0.019490536     3.001723859     0.000149712
     1.850000000     0.023375098     3.013027354     0.000170552
     1.860000000     0.027974975     3.024623209     0.000194026
     1.870000000     0.033403869     3.036518568     0.000220448
     1.880000000     0.039788878     3.048720176     0.000250168
     1.890000000     0.047271009     3.061234270     0.000283575
     1.900000000     0.056005481     3.074066476     0.000321100
     1.910000000     0.066161747     3.087221707     0.000363222
     1.920000000     0.077923179     3.100704065     0.000410470
     1.930000000     0.091486364     3.114516769     0.000463425
     1.940000000     0.107059948     3.128662085     0.000522725
     1.950000000     0.124862976     3.143141243     0.000589065
     1.960000000     0.145122684     3.157954320     0.000663201
     1.970000000     0.168071699     3.173100004     0.000745951
     1.980000000     0.193944634     3.188575183     0.000838191
     1.990000000     0.222974063     3.204374236     0.000940860
     2.000000000     0.255385884     3.220487935     0.001054951
     2.010000000     0.291394115     3.236901891     0.001181511
     2.020000000     0.331195160     3.253594503     0.001321630
     2.030000000     0.374961649     3.270534442     0.001476440
     2.040000000     0.422835942     3.287677719     0.001647095
     2.050000000     0.474923442     3.304964434     0.001834764
     2.060000000     0.531285863     3.322315232     0.002040615
     2.070000000     0.591934652     3.339627485     0.002265791
     2.080000000     0.656824748     3.356771143     0.002511398
     2.090000000     0.725848887     3.373584181     0.002778471
     2.100000000     0.798832688     3.389867525     0.003067957
     2.110000000     0.875530722     3.405379401     0.003380681
     2.120000000     0.955623781     3.419829068     0.003717319
     2.130000000     1.038717541     3.432870005     0.004078365
     2.140000000     1.124342777     3.444092708     0.004464099
     2.150000000     1.211957280     3.453017456     0.004874556
     2.160000000     1.300949552     3.459087598     0.005309493
     2.170000000     1.390644334     3.461664306     0.005768362
     2.180000000     1.480309949     3.460024176     0.006250276
     2.190000000     1.569167400     3.453361724     0.006753994
     2.200000000     1.656401092     3.440799512     0.007277893
     2.210000000     1.741170986     3.421409367     0.007819959
     2.220000000     1.822625962     3.394248484     0.008377775
     2.230000000     1.899918083     3.358413876     0.008948523
     2.240000000     1.972217439     3.313116965     0.009528993
     2.250000000     2.038727194     3.257776821     0.010115592
     2.260000000     2.098698465     3.192125441     0.010704374
     2.270000000     2.151444632     3.116312253     0.011291073
     2.280000000     2.196354681     3.030989268     0.011871143
     2.290000000     2.232905225     2.937355405     0.012439812
     2.300000000     2.260670868     2.837141013     0.012992140
     2.310000000     2.279332595     2.732522689     0.013523086
     2.320000000     2.288683987     2.625972909     0.014027582
     2.330000000     2.288635058     2.520064670     0.014500610
     2.340000000     2.279213634     2.417262880     0.014937282
     2.350000000     2.260564233     2.319737278     0.015332922
     2.360000000     2.232944502     2.229225156     0.015683153
     2.370000000     2.196719320     2.146959005     0.015983969
     2.380000000     2.152352770     2.073659172     0.016231815
     2.390000000     2.100398213     2.009579698     0.016423656
     2.400000000     2.041486764     1.954589083     0.016557033
     2.410000000     1.976314512     1.908267043     0.016630120
     2.420000000     1.905628841     1.870001555     0.016641759
     2.430000000     1.830214222     1.839075459     0.016591488
     2.440000000     1.750877866     1.814736732     0.016479557
     2.450000000     1.668435582     1.796250400     0.016306924
     2.460000000     1.583698191     1.782932597     0.016075245
     2.470000000     1.497458792     1.774168871     0.015786846
     2.480000000     1.410481149     1.769419713     0.015444681
     2.490000000     1.323489405     1.768216746     0.015052280
     2.500000000     1.237159283     1.770153079     0.014613690
     2.510000000     1.152110890     1.774871118     0.014133399
     2.520000000     1.068903166     1.782050493     0.013616258
     2.530000000     0.988029989     1.791398001     0.013067401
     2.540000000     0.909917882     1.802640519     0.012492151
     2.550000000     0.834925247     1.815521036     0.011895939
     2.560000000     0.763342997     1.829797330     0.011284211
     2.570000000     0.695396442     1.845242459     0.010662348
     2.580000000     0.631248252     1.861646197     0.010035586
     2.590000000     0.571002334     1.878816631     0.009408943
     2.600000000     0.514708413     1.896581397     0.008787152
     2.610000000     0.462367154     1.914788274     0.008174611
     2.620000000     0.413935635     1.933305053     0.007575331
     2.630000000     0.369332998     1.952018761     0.006992901
     2.640000000     0.328446149     1.970834382     0.006430465
     2.650000000     0.291135347     1.989673256     0.005890706
     2.660000000     0.257239596     2.008471299     0.005375839
     2.670000000     0.226581725     2.027177190     0.004887614
     2.680000000     0.198973103     2.045750607     0.004427330
     2.690000000     0.174217925     2.064160591     0.003995857
     2.700000000     0.152117046     2.082384051     0.003593655
     2.710000000     0.132471341     2.100404443     0.003220814
     2.720000000     0.115084593     2.118210622     0.002877082
     2.730000000     0.099765921     2.135795851     0.002561910
     2.740000000     0.086331764     2.153156964     0.002274485
     2.750000000     0.074607457     2.170293666     0.002013777
     2.760000000     0.064428426     2.187207960     0.001778577
     2.770000000     0.055641045     2.203903689     0.001567535
     2.780000000     0.048103186     2.220386172     0.001379199
     2.790000000     0.041684519     2.236661948     0.001212050
     2.800000000     0.036266571     2.252738585     0.001064535
     2.810000000     0.031742608     2.268624569     0.000935091
     2.820000000     0.028017359     2.284329234     0.000822178
     2.830000000     0.025006610     2.299862716     0.000724293
     2.840000000     0.022636707     2.315235899     0.000639994
     2.850000000     0.020843970     2.330460322     0.000567913
     2.860000000     0.019574068     2.345548031     0.000506764
     2.870000000     0.018781333     2.360511361     0.000455359
     2.880000000     0.018428063     2.375362673     0.000412607
     2.890000000     0.018483798     2.390114071     0.000377521
     2.900000000     0.018924595     2.404777155     0.000349219
     2.910000000     0.019732293     2.419362824     0.000326923
     2.920000000     0.020893793     2.433881166     0.000309958
     2.930000000     0.022400333     2.448341426     0.000297747
     2.940000000     0.024246789     2.462752005     0.000289811
     2.950000000     0.026430986     2.477120466     0.000285763
     2.960000000     0.028953021     2.491453494     0.000285301
     2.970000000     0.031814629     2.505756783     0.000288209
     2.980000000     0.035018558     2.520034836     0.000294347
     2.990000000     0.038567985     2.534290687     0.000303652
     3.000000000     0.042465975     2.548525572     0.000316130
     3.010000000     0.046714973     2.562738563     0.000331857
     3.020000000     0.051316356     2.576926206     0.000350974
     3.030000000     0.056270030     2.591082171     0.000373685
     3.040000000     0.061574095     2.605196927     0.000400260
     3.050000000     0.067224573     2.619257453     0.000431030
     3.060000000     0.073215207     2.633247016     0.000466391
     3.070000000     0.079537333     2.647145035     0.000506805
     3.080000000     0.086179829     2.660927101     0.000552801
     3.090000000     0.093129139     2.674565207     0.000604977
     3.100000000     0.100369368     2.688028267     0.000664005
     3.110000000     0.107882459     2.701282980     0.000730633
     3.120000000     0.115648430     2.714295053     0.000805688
     3.130000000     0.123645668     2.727030750     0.000890080
     3.140000000     0.131851278     2.739458617     0.000984805
     3.150000000     0.140241475     2.751551201     0.001090947
     3.160000000     0.148791998     2.763286497     0.001209678
     3.170000000     0.157478542     2.774648962     0.001342261
     3.180000000     0.166277194     2.785630064     0.001490046
     3.190000000     0.175164852     2.796228548     0.001654472
     3.200000000     0.184119624     2.806450812     0.001837056
     3.210000000     0.193121187     2.816311754     0.002039389
     3.220000000     0.202151095     2.825836238     0.002263129
     3.230000000     0.211193039     2.835060883     0.002509983
     3.240000000     0.220233030     2.844035385     0.002781695
     3.250000000     0.229259527     2.852822353     0.003080027
     3.260000000     0.238263491     2.861494820     0.003406738
     3.270000000     0.247238368     2.870131207     0.003763558
     3.280000000     0.256180023     2.878808428     0.004152159
     3.290000000     0.265086609     2.887594510     0.004574128
     3.300000000     0.273958396     2.896542425     0.005030930
     3.310000000     0.282797571     2.905686428     0.005523874
     3.320000000     0.291608018     2.915041392     0.006054078
     3.330000000     0.300395092     2.924604699     0.006622427
     3.340000000     0.309165412     2.934359577     0.007229537
     3.350000000     0.317926664     2.944278609     0.007875718
     3.360000000     0.326687457     2.954326485     0.008560935
     3.370000000     0.335457215     2.964461654     0.009284778
     3.380000000     0.344246129     2.974637163     0.010046426
     3.390000000     0.353065168     2.984801351     0.010844624
     3.400000000     0.361926151     2.994899090     0.011677663
     3.410000000     0.370841886     3.004874058     0.012543359
     3.420000000     0.379826353     3.014672169     0.013439050
     3.430000000     0.388894944     3.024245966     0.014361592
     3.440000000     0.398064734     3.033559521     0.015307367
     3.450000000     0.407354772     3.042593202     0.016272297
     3.460000000     0.416786378     3.051347519     0.017251871
     3.470000000     0.426383433     3.059845279     0.018241174
     3.480000000     0.436172622     3.068131407     0.019234931
     3.490000000     0.446183648     3.076270263     0.020227554
     3.500000000     0.456449359     3.084340750     0.021213200
     3.510000000     0.467005799     3.092430031     0.022185831
     3.520000000     0.477892159     3.100626807     0.023139290
     3.530000000     0.489150610     3.109014994     0.024067365
     3.540000000     0.500826015     3.117668273     0.024963875
     3.550000000     0.512965511     3.126645660     0.025822740
     3.560000000     0.525617956     3.135988062     0.026638072
     3.570000000     0.538833238     3.145715794     0.027404244
     3.580000000     0.552661459     3.155827129     0.028115974
     3.590000000     0.567151993     3.166298031     0.028768398
     3.600000000     0.582352426     3.177083131     0.029357142
     3.610000000     0.598307400     3.188117936     0.029878383
     3.620000000     0.615057382     3.199322093     0.030328910
     3.630000000     0.632637365     3.210603530     0.030706177
     3.640000000     0.651075536     3.221863240     0.031008343
     3.650000000     0.670391942     3.233000571     0.031234308
     3.660000000     0.690597175     3.243918819     0.031383739
     3.670000000     0.711691115     3.254530848     0.031457085
     3.680000000     0.733661765     3.264764327     0.031455582
     3.690000000     0.756484213     3.274565998     0.031381254
     3.700000000     0.780119769     3.283904264     0.031236895
     3.710000000     0.804515287     3.292769389     0.031026048
     3.720000000     0.829602748     3.301170736     0.030752974
     3.730000000     0.855299096     3.309130812     0.030422613
     3.740000000     0.881506392     3.316676421     0.030040528
     3.750000000     0.908112290     3.323827812     0.029612854
     3.760000000     0.934990856     3.330587276     0.029146235
     3.770000000     0.962003754     3.336928894     0.028647746
     3.780000000     0.989001788     3.342791081     0.028124823
     3.790000000     1.015826797     3.348073058     0.027585183
     3.800000000     1.042313889     3.352635675     0.027036734
     3.810000000     1.068293979     3.356306274     0.026487496
     3.820000000     1.093596593     3.358886826     0.025945508
     3.830000000     1.118052899     3.360164632     0.025418744
     3.840000000     1.141498882     3.359925384     0.024915028
     3.850000000     1.163778627     3.357969029     0.024441949
     3.860000000     1.184747606     3.354129289     0.024006786
     3.870000000     1.204275919     3.348297181     0.023616433
     3.880000000     1.222251393     3.340447421     0.023277336
     3.890000000     1.238582473     3.330664359     0.022995435
     3.900000000     1.253200828     3.319161992     0.022776114
     3.910000000     1.266063617     3.306291799     0.022624165
     3.920000000     1.277155343     3.292533401     0.022543758
     3.930000000     1.286489280     3.278466483     0.022538428
     3.940000000     1.294108416     3.264726983     0.022611062
     3.950000000     1.300085914     3.251954575     0.022763910
     3.960000000     1.304525100     3.240740468     0.022998599
     3.970000000     1.307558968     3.231583830     0.023316156
     3.980000000     1.309349267     3.224862273     0.023717046
     3.990000000     1.310085177     3.220818123     0.024201213
     4.000000000     1.309981661     3.219558875     0.024768130
     4.010000000     1.309277522     3.221068311     0.025416857
     4.020000000     1.308233256     3.225224266     0.026146095
     4.030000000     1.307128745     3.231819689     0.026954251
     4.040000000     1.306260859     3.240584890     0.027839504
     4.050000000     1.305941033     3.251210024     0.028799860
     4.060000000     1.306492847     3.263367554     0.029833220
     4.070000000     1.308249661     3.276734490     0.030937431
     4.080000000     1.311552319     3.291013750     0.032110343
     4.090000000     1.316746935     3.305953264     0.033349852
     4.100000000     1.324182748     3.321360867     0.034653942
     4.110000000     1.334210031     3.337112831     0.036020719
     4.120000000     1.347178025     3.353154342     0.037448436
     4.130000000     1.363432829     3.369491308     0.038935508
     4.140000000     1.383315229     3.386174397     0.040480530
     4.150000000     1.407158370     3.403277813     0.042082271
     4.160000000     1.435285242     3.420876430     0.043739677
     4.170000000     1.468005893     3.439025158     0.045451856
     4.180000000     1.505614345     3.457743649     0.047218062
     4.190000000     1.548385155     3.477007886     0.049037677
     4.200000000     1.596569592     3.496748396     0.050910181
     4.210000000     1.650391439     3.516853299     0.052835122
     4.220000000     1.710042413     3.537173654     0.054812088
     4.230000000     1.775677252     3.557528679     0.056840667
     4.240000000     1.847408517     3.577709169     0.058920416
     4.250000000     1.925301202     3.597478548     0.061050821
     4.260000000     2.009367257     3.616571954     0.063231265
     4.270000000     2.099560153     3.634694401     0.065460984
     4.280000000     2.195769645     3.651519232     0.067739040
     4.290000000     2.297816890     3.666687806     0.070064284
     4.300000000     2.405450122     3.679810876     0.072435320
     4.310000000     2.518341037     3.690471608     0.074850477
     4.320000000     2.636082111     3.698229741     0.077307783
     4.330000000     2.758185005     3.702626233     0.079804933
     4.340000000     2.884080234     3.703187678     0.082339267
     4.350000000     3.013118258     3.699429918     0.084907750
     4.360000000     3.144572100     3.690860398     0.087506957
     4.370000000     3.277641586     3.676979027     0.090133052
     4.380000000     3.411459267     3.657277649     0.092781785
     4.390000000     3.545098002     3.631238689     0.095448488
     4.400000000     3.677580194     3.598334271     0.098128068
     4.410000000     3.807888557     3.558027771     0.100815026
     4.420000000     3.934978288     3.509780339     0.103503460
     4.430000000     4.057790460     3.453064984     0.106187091
     4.440000000     4.175266379     3.387390295     0.108859293
     4.450000000     4.286362655     3.312334761     0.111513124
     4.460000000     4.390066657     3.227591035     0.114141377
     4.470000000     4.485412023     3.133017587     0.116736628
     4.480000000     4.571493885     3.028693287     0.119291300
     4.490000000     4.647483426     2.914968654     0.121797727
     4.500000000     4.712641444     2.792506390     0.124248233
     4.510000000     4.766330565     2.662303527     0.126635211
     4.520000000     4.808025815     2.525688608     0.128951204
     4.530000000     4.837323265     2.384289798     0.131189000
     4.540000000     4.853946542     2.239973476     0.133341714
     4.550000000     4.857751024     2.094757196     0.135402879
     4.560000000     4.848725615     1.950705031     0.137366529
     4.570000000     4.826992072     1.809816405     0.139227281
     4.580000000     4.792801883     1.673920820     0.140980409
     4.590000000     4.746530806     1.544590019     0.142621905
     4.600000000     4.688671205     1.423076270     0.144148532
     4.610000000     4.619822404     1.310281356     0.145557870
     4.620000000     4.540679306     1.206756278     0.146848334
     4.630000000     4.452019579     1.112727717     0.148019193
     4.640000000     4.354689741     1.028144402     0.149070562
     4.650000000     4.249590483     0.952735207     0.150003385
     4.660000000     4.137661604     0.886070920     0.150819396
     4.670000000     4.019866893     0.827622932     0.151521073
     4.680000000     3.897179312     0.776814023     0.152111573
     4.690000000     3.770566795     0.733058497     0.152594656
     4.700000000     3.640978942     0.695790724     0.152974599
     4.710000000     3.509334867     0.664482501     0.153256106
     4.720000000     3.376512386     0.638650597     0.153444206
     4.730000000     3.243338718     0.617856430     0.153544154
     4.740000000     3.110582787     0.601700251     0.153561331
     4.750000000     2.978949194     0.589812345     0.153501143
     4.760000000     2.849073855     0.581843687     0.153368930
     4.770000000     2.721521283     0.577458107     0.153169882
     4.780000000     2.596783419     0.576327299     0.152908961
     4.790000000     2.475279916     0.578129206     0.152590837
     4.800000000     2.357359739     0.582549504     0.152219836
     4.810000000     2.243303896     0.589285397     0.151799902
     4.820000000     2.133329157     0.598050748     0.151334569
     4.830000000     2.027592554     0.608581617     0.150826948
     4.840000000     1.926196478     0.620641534     0.150279731
     4.850000000     1.829194201     0.634026053     0.149695196
     4.860000000     1.736595633     0.648566237     0.149075231
     4.870000000     1.648373166     0.664130772     0.148421363
     4.880000000     1.564467449     0.680626311     0.147734795
     4.890000000     1.484792975     0.697995718     0.147016443
     4.900000000     1.409243361     0.716213958     0.146266979
     4.910000000     1.337696255     0.735281751     0.145486877
     4.920000000     1.270017782     0.755217461     0.144676447
     4.930000000     1.206066509     0.776048067     0.143835881
     4.940000000     1.145696881     0.797800253     0.142965281
     4.950000000     1.088762145     0.820492585     0.142064690
     4.960000000     1.035116754     0.844129505     0.141134110
     4.970000000     0.984618285     0.868697501     0.140173521
     4.980000000     0.937128895     0.894163505     0.139182888
     4.990000000     0.892516375     0.920475323     0.138162161
     5.000000000     0.850654832     0.947563771     0.137111277
     5.010000000     0.811425072     0.975346137     0.136030150
     5.020000000     0.774714720     1.003730527     0.134918658
     5.030000000     0.740418156     1.032620616     0.133776635
     5.040000000     0.708436296     1.061920355     0.132603857
     5.050000000     0.678676291     1.091538146     0.131400032
     5.060000000     0.651051167     1.121390141     0.130164790
     5.070000000     0.625479470     1.151402365     0.128897680
     5.080000000     0.601884928     1.181511562     0.127598176
     5.090000000     0.580196172     1.211664789     0.126265679
     5.100000000     0.560346525     1.241817995     0.124899541
     5.110000000     0.542273881     1.271933911     0.123499085
     5.120000000     0.525920674     1.301979730     0.122063638
     5.130000000     0.511233937     1.331925070     0.120592577
     5.140000000     0.498165447     1.361740685     0.119085371
     5.150000000     0.486671946     1.391398319     0.117541644
     5.160000000     0.476715414     1.420871854     0.115961229
     5.170000000     0.468263389     1.450139657     0.114344239
     5.180000000     0.461289287     1.479187653     0.112691131
     5.190000000     0.455772727     1.508012371     0.111002775
     5.200000000     0.451699812     1.536623043     0.109280522
     5.210000000     0.449063340     1.565041943     0.107526263
     5.220000000     0.447862936     1.593302511     0.105742485
     5.230000000     0.448105056     1.621445346     0.103932320
     5.240000000     0.449802857     1.649512741     0.102099583
     5.250000000     0.452975898     1.677542775     0.100248791
     5.260000000     0.457649664     1.705564097     0.098385180
     5.270000000     0.463854888     1.733592290     0.096514698
     5.280000000     0.471626680     1.761628296     0.094643982
     5.290000000     0.481003428     1.789658900     0.092780324
     5.300000000     0.492025510     1.817658916     0.090931618
     5.310000000     0.504733796     1.845594476     0.089106288
     5.320000000     0.519167970     1.873426787     0.087313207
     5.330000000     0.535364692     1.901115747     0.085561599
     5.340000000     0.553355635     1.928622971     0.083860929
     5.350000000     0.573165429     1.955913848     0.082220788
     5.360000000     0.594809557     1.982958440     0.080650768
     5.370000000     0.618292264     2.009731101     0.079160335
     5.380000000     0.643604530     2.036208776     0.077758700
     5.390000000     0.670722172     2.062368032     0.076454700
     5.400000000     0.699604132     2.088180908     0.075256674
     5.410000000     0.730191043     2.113609786     0.074172358
     5.420000000     0.762404099     2.138601650     0.073208786
     5.430000000     0.796144332     2.163082267     0.072372211
     5.440000000     0.831292324     2.186951022     0.071668036
     5.450000000     0.867708423     2.210077124     0.071100774
     5.460000000     0.905233483     2.232297863     0.070674014
     5.470000000     0.943690169     2.253419316     0.070390418
     5.480000000     0.982884834     2.273219634     0.070251737
     5.490000000     1.022609953     2.291454798     0.070258840
     5.500000000     1.062647101     2.307866552     0.070411768
     5.510000000     1.102770431     2.322192196     0.070709802
     5.520000000     1.142750590     2.334175910     0.071151543
     5.530000000     1.182358986     2.343581437     0.071735008
     5.540000000     1.221372331     2.350205962     0.072457731
     5.550000000     1.259577334     2.353895080     0.073316868
     5.560000000     1.296775430     2.354558471     0.074309304
     5.570000000     1.332787420     2.352185522     0.075431762
     5.580000000     1.367457882     2.346859424     0.076680897
     5.590000000     1.400659225     2.338767748     0.078053389
     5.600000000     1.432295258     2.328207153     0.079546022
     5.610000000     1.462304156     2.315580221     0.081155745
     5.620000000     1.490660705     2.301383293     0.082879719
     5.630000000     1.517377750     2.286185537     0.084715351
     5.640000000     1.542506768     2.270600826     0.086660296
     5.650000000     1.566137518     2.255255076     0.088712455
     5.660000000     1.588396750     2.240752214     0.090869944
     5.670000000     1.609445974     2.227641966     0.093131051
     5.680000000     1.629478320     2.216392259     0.095494176
     5.690000000     1.648714546     2.207368283     0.097957759
     5.700000000     1.667398270     2.200819348     0.100520195
     5.710000000     1.685790543     2.196873663     0.103179750
     5.720000000     1.704163870     2.195540312     0.105934460
     5.730000000     1.722795828     2.196717237     0.108782051
     5.740000000     1.741962428     2.200203832     0.111719839
     5.750000000     1.761931383     2.205716962     0.114744663
     5.760000000     1.782955443     2.212909350     0.117852809
     5.770000000     1.805265958     2.221389434     0.121039963
     5.780000000     1.829066825     2.230741723     0.124301173
     5.790000000     1.854528966     2.240546524     0.127630838
     5.800000000     1.881785474     2.250397724     0.131022711
     5.810000000     1.910927534     2.259917211     0.134469932
     5.820000000     1.942001236     2.268764549     0.137965076
     5.830000000     1.975005330     2.276640885     0.141500228
     5.840000000     2.009890008     2.283286627     0.145067077
     5.850000000     2.046556716     2.288473416     0.148657029
     5.860000000     2.084859025     2.291991979     0.152261334
     5.870000000     2.124604522     2.293638460     0.155871230
     5.880000000     2.165557704     2.293202404     0.159478093
     5.890000000     2.207443787     2.290459401     0.163073592
     5.900000000     2.249953367     2.285170551     0.166649847
     5.910000000     2.292747820     2.277089504     0.170199587
     5.920000000     2.335465326     2.265976251     0.173716288
     5.930000000     2.377727384     2.251615528     0.177194318
     5.940000000     2.419145684     2.233836831     0.180629049
     5.950000000     2.459329173     2.212532924     0.184016960
     5.960000000     2.497891175     2.187674209     0.187355717
     5.970000000     2.534456409     2.159317373     0.190644224
     5.980000000     2.568667748     2.127607938     0.193882653
     5.990000000     2.600192591     2.092777445     0.197072441
     6.000000000     2.628728696     2.055136640     0.200216261
     6.010000000     2.654009367     2.015066188     0.203317970
     6.020000000     2.675807893     1.973006093     0.206382521
     6.030000000     2.693941142     1.929444436     0.209415855
     6.040000000     2.708272253     1.884905498     0.212424769
     6.050000000     2.718712385     1.839936952     0.215416762
     6.060000000     2.725221500     1.795095729     0.218399867
     6.070000000     2.727808184     1.750932351     0.221382466
     6.080000000     2.726528540     1.707973945     0.224373094
     6.090000000     2.721484188     1.666706626     0.227380247
     6.100000000     2.712819464     1.627558452     0.230412173
     6.110000000     2.700717887     1.590884517     0.233476683
     6.120000000     2.685398004     1.556955900     0.236580957
     6.130000000     2.667108742     1.525953924     0.239731369
     6.140000000     2.646124372     1.497970499     0.242933322
     6.150000000     2.622739232     1.473014337     0.246191107
     6.160000000     2.597262330     1.451021776     0.249507780
     6.170000000     2.570011965     1.431870236     0.252885065
     6.180000000     2.541310480     1.415392164     0.256323282
     6.190000000     2.511479268     1.401387751     0.259821306
     6.200000000     2.480834122     1.389635537     0.263376551
     6.210000000     2.449681024     1.379900888     0.266984987
     6.220000000     2.418312427     1.371942926     0.270641183
     6.230000000     2.387004101     1.365520699     0.274338379
     6.240000000     2.356012545     1.360399158     0.278068583
     6.250000000     2.325573005     1.356355092     0.281822699
     6.260000000     2.295898072     1.353182826     0.285590666
     6.270000000     2.267176850     1.350699184     0.289361628
     6.280000000     2.239574649     1.348747293     0.293124110
     6.290000000     2.213233154     1.347198874     0.296866215
     6.300000000     2.188271017     1.345954889     0.300575823
     6.310000000     2.164784795     1.344944612     0.304240797
     6.320000000     2.142850168     1.344123315     0.307849194
     6.330000000     2.122523367     1.343468876     0.311389464
     6.340000000     2.103842732     1.342977676     0.314850648
     6.350000000     2.086830342     1.342660174     0.318222566
     6.360000000     2.071493641     1.342536459     0.321495986
     6.370000000     2.057827025     1.342632015     0.324662777
     6.380000000     2.045813320     1.342973710     0.327716046
     6.390000000     2.035425140     1.343585972     0.330650245
     6.400000000     2.026626082     1.344487010     0.333461260
     6.410000000     2.019371748     1.345685078     0.336146470
     6.420000000     2.013610591     1.347174887     0.338704785
     6.430000000     2.009284593     1.348934496     0.341136649
     6.440000000     2.006329781     1.350923116     0.343444025
     6.450000000     2.004676605     1.353080281     0.345630354
     6.460000000     2.004250202     1.355326729     0.347700483
     6.470000000     2.004970587     1.357567088     0.349660580
     6.480000000     2.006752783     1.359694158     0.351518026
     6.490000000     2.009506951     1.361594290     0.353281290
     6.500000000     2.013138523     1.363153212     0.354959794
     6.510000000     2.017548403     1.364261619     0.356563764
     6.520000000     2.022633232     1.364820048     0.358104073
     6.530000000     2.028285766     1.364742770     0.359592089
     6.540000000     2.034395371     1.363960708     0.361039513
     6.550000000     2.040848652     1.362423457     0.362458229
     6.560000000     2.047530226     1.360100448     0.363860149
     6.570000000     2.054323634     1.356981125     0.365257084
     6.580000000     2.061112385     1.353073868     0.366660607
     6.590000000     2.067781123     1.348403369     0.368081944
     6.600000000     2.074216898     1.343006363     0.369531874
     6.610000000     2.080310507     1.336926043     0.371020644
     6.620000000     2.085957888     1.330205906     0.372557902
     6.630000000     2.091061531     1.322884261     0.374152647
     6.640000000     2.095531861     1.314990700     0.375813194
     6.650000000     2.099288564     1.306545664     0.377547156
     6.660000000     2.102261825     1.297563618     0.379361435
     6.670000000     2.104393417     1.288059565     0.381262233
     6.680000000     2.105637632     1.278057815     0.383255068
     6.690000000     2.105962002     1.267601334     0.385344798
     6.700000000     2.105347795     1.256759842     0.387535658
     6.710000000     2.103790250     1.245634996     0.389831294
     6.720000000     2.101298544     1.234361568     0.392234801
     6.730000000     2.097895480     1.223104210     0.394748765
     6.740000000     2.093616889     1.212050125     0.397375291
     6.750000000     2.088510748     1.201398574     0.400116044
     6.760000000     2.082636043     1.191348569     0.402972268
     6.770000000     2.076061380     1.182086234     0.405944807
     6.780000000     2.068863384     1.173773303     0.409034114
     6.790000000     2.061124920     1.166537861     0.412240258
     6.800000000     2.052933175     1.160468051     0.415562913
     6.810000000     2.044377649     1.155608961     0.419001342
     6.820000000     2.035548113     1.151962524     0.422554378
     6.830000000     2.026532567     1.149489966     0.426220392
     6.840000000     2.017415282     1.148116232     0.429997256
     6.850000000     2.008274946     1.147735782     0.433882302
     6.860000000     1.999182988     1.148219250     0.437872282
     6.870000000     1.990202119     1.149420507     0.441963320
     6.880000000     1.981385119     1.151183750     0.446150869
     6.890000000     1.972773926     1.153350288     0.450429675
     6.900000000     1.964399035     1.155764718     0.454793735
     6.910000000     1.956279227     1.158280270     0.459236273
     6.920000000     1.948421650     1.160763183     0.463749717
     6.930000000     1.940822227     1.163096070     0.468325692
     6.940000000     1.933466412     1.165180329     0.472955018
     6.950000000     1.926330241     1.166937667     0.477627724
     6.960000000     1.919381681     1.168310865     0.482333072
     6.970000000     1.912582229     1.169263836     0.487059599
     6.980000000     1.905888717     1.169781113     0.491795165
     6.990000000     1.899255290     1.169866895     0.496527018
     7.000000000     1.892635505     1.169543834     0.501241864
     7.010000000     1.885984493     1.168851754     0.505925958
     7.020000000     1.879261151     1.167846449     0.510565189
     7.030000000     1.872430292     1.166598607     0.515145184
     7.040000000     1.865464734     1.165192797     0.519651407
     7.050000000     1.858347255     1.163726304     0.524069263
     7.060000000     1.851072395     1.162307610     0.528384207
     7.070000000     1.843648066     1.161054281     0.532581839
     7.080000000     1.836096933     1.160090154     0.536648004
     7.090000000     1.828457554     1.159541814     0.540568882
     7.100000000     1.820785251     1.159534473     0.544331064
     7.110000000     1.813152709     1.160187510     0.547921623
     7.120000000     1.805650284     1.161609984     0.551328174
     7.130000000     1.798386037     1.163896527     0.554538912
     7.140000000     1.791485465     1.167124016     0.557542646
     7.150000000     1.785090972     1.171349348     0.560328814
     7.160000000     1.779361047     1.176608521     0.562887487
     7.170000000     1.774469192     1.182917020     0.565209355
     7.180000000     1.770602584     1.190271322     0.567285711
     7.190000000     1.767960501     1.198651183     0.569108413
     7.200000000     1.766752502     1.208022285     0.570669847
     7.210000000     1.767196396     1.218338856     0.571962881
     7.220000000     1.769515983     1.229545988     0.572980813
     7.230000000     1.773938598     1.241581494     0.573717320
     7.240000000     1.780692456     1.254377299     0.574166408
     7.250000000     1.790003812     1.267860397     0.574322369
     7.260000000     1.802093945     1.281953408     0.574179737
     7.270000000     1.817175993     1.296574707     0.573733260
     7.280000000     1.835451629     1.311638045     0.572977880
     7.290000000     1.857107630     1.327051567     0.571908726
     7.300000000     1.882312336     1.342716181     0.570521119
     7.310000000     1.911212056     1.358523349     0.568810597
     7.320000000     1.943927428     1.374352506     0.566772950
     7.330000000     1.980549811     1.390068369     0.564404270
     7.340000000     2.021137718     1.405518455     0.561701022
     7.350000000     2.065713390     1.420531015     0.558660118
     7.360000000     2.114259536     1.434913521     0.555279015
     7.370000000     2.166716327     1.448451769     0.551555810
     7.380000000     2.222978719     1.460909602     0.547489349
     7.390000000     2.282894159     1.472029299     0.543079341
     7.400000000     2.346260779     1.481532671     0.538326470
     7.410000000     2.412826132     1.489122973     0.533232504
     7.420000000     2.482286550     1.494487630     0.527800401
     7.430000000     2.554287197     1.497301786     0.522034403
     7.440000000     2.628422864     1.497232533     0.515940119
     7.450000000     2.704239569     1.493943663     0.509524595
     7.460000000     2.781236986     1.487100772     0.502796361
     7.470000000     2.858871739     1.476376632     0.495765460
     7.480000000     2.936561547     1.461456904     0.488443453
     7.490000000     3.013690221     1.442046399     0.480843404
     7.500000000     3.089613475     1.417876209     0.472979839
     7.510000000     3.163665496     1.388712014     0.464868676
     7.520000000     3.235166201     1.354363786     0.456527135
     7.530000000     3.303429081     1.314696834     0.447973626
     7.540000000     3.367769529     1.269643783     0.439227615
     7.550000000     3.427513518     1.219216634     0.430309463
     7.560000000     3.482006481     1.163517585     0.421240265
     7.570000000     3.530622247     1.102746999     0.412041653
     7.580000000     3.572771857     1.037206927     0.402735614
     7.590000000     3.607912108     0.967299057     0.393344279
     7.600000000     3.635553637     0.893516828     0.383889721
     7.610000000     3.655268404     0.816432555     0.374393757
     7.620000000     3.666696390     0.736681394     0.364877742
     7.630000000     3.669551399     0.654944578     0.355362383
     7.640000000     3.663625805     0.571934279     0.345867562
     7.650000000     3.648794161     0.488381760     0.336412170
     7.660000000     3.625015573     0.405029396     0.327013961
     7.670000000     3.592334791     0.322625943     0.317689429
     7.680000000     3.550881974     0.241923423     0.308453701
     7.690000000     3.500871141     0.163673395     0.299320458
     7.700000000     3.442597335     0.088620312     0.290301874
     7.710000000     3.376432540     0.017490220     0.281408589
     7.720000000     3.302820464    -0.049025849     0.272649695
     7.730000000     3.222270274    -0.110292875     0.264032754
     7.740000000     3.135349420    -0.165754860     0.255563833
     7.750000000     3.042675712    -0.214956414     0.247247564
     7.760000000     2.944908797    -0.257559393     0.239087220
     7.770000000     2.842741233    -0.293351964     0.231084808
     7.780000000     2.736889317    -0.322249047     0.223241184
     7.790000000     2.628083881    -0.344284900     0.215556166
     7.800000000     2.517061207    -0.359599844     0.208028670
     7.810000000     2.404554253    -0.368423679     0.200656846
     7.820000000     2.291284341    -0.371057998     0.193438220
     7.830000000     2.177953444    -0.367858916     0.186369833
     7.840000000     2.065237207    -0.359220969     0.179448387
     7.850000000     1.953778798    -0.345562461     0.172670377
     7.860000000     1.844183661    -0.327312392     0.166032224
     7.870000000     1.737015237    -0.304899108     0.159530399
     7.880000000     1.632791669    -0.278740875     0.153161529
     7.890000000     1.531983502    -0.249238525     0.146922502
     7.900000000     1.435012362    -0.216770166     0.140810550
     7.910000000     1.342250571    -0.181687750     0.134823324
     7.920000000     1.254021644    -0.144315112     0.128958948
     7.930000000     1.170601598    -0.104947068     0.123216059
     7.940000000     1.092220989    -0.063849150     0.117593837
     7.950000000     1.019067593    -0.021257736     0.112092011
     7.960000000     0.951289624     0.022619549     0.106710857
     7.970000000     0.888999408     0.067603143     0.101451175
     7.980000000     0.832277416     0.113540468     0.096314258
     7.990000000     0.781176565     0.160304348     0.091301848
     8.000000000     0.735726701     0.207790814     0.086416078
     8.010000000     0.695939212     0.255916206     0.081659411
     8.020000000     0.661811674     0.304613553     0.077034563
     8.030000000     0.633332508     0.353828312     0.072544426
     8.040000000     0.610485571     0.403513651     0.068191991
     8.050000000     0.593254652     0.453625627     0.063980257
     8.060000000     0.581627837     0.504118661     0.059912152
     8.070000000     0.575601688     0.554941721     0.055990450
     8.080000000     0.575185204     0.606035476     0.052217690
     8.090000000     0.580403514     0.657330489     0.048596106
     8.100000000     0.591301243     0.708746255     0.045127555
     8.110000000     0.607945476     0.760190695     0.041813462
     8.120000000     0.630428240     0.811559593     0.038654767
     8.130000000     0.658868409     0.862735423     0.035651882
     8.140000000     0.693412905     0.913585224     0.032804661
     8.150000000     0.734237075     0.963957436     0.030112381
     8.160000000     0.781544116     1.013678105     0.027573729
     8.170000000     0.835563381     1.062547363     0.025186803
     8.180000000     0.896547456     1.110337586     0.022949121
     8.190000000     0.964767844     1.156794872     0.020857644
     8.200000000     1.040509176     1.201645553     0.018908800
     8.210000000     1.124061842     1.244609059     0.017098523
     8.220000000     1.215713007     1.285417774     0.015422294
     8.230000000     1.315736023     1.323843346     0.013875192
     8.240000000     1.424378293     1.359727290     0.012451944
     8.250000000     1.541847735     1.393011741     0.011146983
     8.260000000     1.668298042     1.423764229     0.009954505
     8.270000000     1.803813033     1.452189099     0.008868531
     8.280000000     1.948390464     1.478618484     0.007882959
     8.290000000     2.101925723     1.503478363     0.006991627
     8.300000000     2.264195934     1.527229923     0.006188368
     8.310000000     2.434845014     1.550292102     0.005467054
     8.320000000     2.613370296     1.572955886     0.004821653
     8.330000000     2.799111316     1.595302645     0.004246266
     8.340000000     2.991241396     1.617137003     0.003735166
     8.350000000     3.188762588     1.637940182     0.003282834
     8.360000000     3.390504505     1.656844426     0.002883984
     8.370000000     3.595127489     1.672625098     0.002533587
     8.380000000     3.801130429     1.683705409     0.002226886
     8.390000000     4.006863435     1.688169756     0.001959413
     8.400000000     4.210545411     1.683784508     0.001726993
     8.410000000     4.410286400     1.668028957     0.001525748
     8.420000000     4.604114408     1.638143136     0.001352098
     8.430000000     4.790006238     1.591202523     0.001202755
     8.440000000     4.965921689     1.524231633     0.001074721
     8.450000000     5.129840337     1.434368053     0.000965270
     8.460000000     5.279799970     1.319084386     0.000871944
     8.470000000     5.413935656     1.176466556     0.000792538
     8.480000000     5.530518343     1.005532259     0.000725084
     8.490000000     5.627991888     0.806554228     0.000667834
     8.500000000     5.705007382     0.581333327     0.000619250
     8.510000000     5.760453733     0.333353688     0.000577982
     8.520000000     5.793483535     0.067754903     0.000542855
     8.530000000     5.803533414    -0.208918855     0.000512854
     8.540000000     5.790338161    -0.489187349     0.000487105
     8.550000000     5.753938221    -0.765260448     0.000464862
     8.560000000     5.694680246    -1.029717817     0.000445494
     8.570000000     5.613210715    -1.276122231     0.000428473
     8.580000000     5.510462778    -1.499466010     0.000413356
     8.590000000     5.387636761    -1.696396351     0.000399778
     8.600000000     5.246174905    -1.865219774     0.000387442
     8.610000000     5.087731152    -2.005729668     0.000376105
     8.620000000     4.914136862    -2.118923367     0.000365572
     8.630000000     4.727363520    -2.206676008     0.000355691
     8.640000000     4.529483502    -2.271424539     0.000346340
     8.650000000     4.322630031    -2.315895558     0.000337424
     8.660000000     4.108957413    -2.342891942     0.000328871
     8.670000000     3.890602607    -2.355139373     0.000320626
     8.680000000     3.669649079    -2.355185418     0.000312645
     8.690000000     3.448093773    -2.345340132     0.000304896
     8.700000000     3.227817900    -2.327646702     0.000297354
     8.710000000     3.010562066    -2.303872094     0.000289999
     8.720000000     2.797906117    -2.275510024     0.000282816
     8.730000000     2.591253881    -2.243791229     0.000275791
     8.740000000     2.391822846    -2.209698455     0.000268913
     8.750000000     2.200638653    -2.173985518     0.000262172
     8.760000000     2.018534138    -2.137200970     0.000255559
     8.770000000     1.846152537    -2.099717022     0.000249067
     8.780000000     1.683954414    -2.061763534     0.000242689
     8.790000000     1.532227745    -2.023465457     0.000236419
     8.800000000     1.391100593    -1.984880662     0.000230252
     8.810000000     1.260555784    -1.946034396     0.000224185
     8.820000000     1.140446982    -1.906947024     0.000218215
     8.830000000     1.030515604    -1.867653035     0.000212341
     8.840000000     0.930408055    -1.828211115     0.000206565
     8.850000000     0.839692808    -1.788706632     0.000200887
     8.860000000     0.757876934    -1.749248796     0.000195309
     8.870000000     0.684421751    -1.709964923     0.000189836
     8.880000000     0.618757319    -1.670993815     0.000184471
     8.890000000     0.560295612    -1.632479591     0.000179219
     8.900000000     0.508442238    -1.594566625     0.000174084
     8.910000000     0.462606636    -1.557395634     0.000169071
     8.920000000     0.422210768    -1.521100625     0.000164185
     8.930000000     0.386696330    -1.485806159     0.000159429
     8.940000000     0.355530555    -1.451624366     0.000154807
     8.950000000     0.328210728    -1.418651198     0.000150323
     8.960000000     0.304267514    -1.386961637     0.000145978
     8.970000000     0.283267245    -1.356603887     0.000141776
     8.980000000     0.264813293    -1.327593063     0.000137718
     8.990000000     0.248546671    -1.299905368     0.000133806
     9.000000000     0.234145974    -1.273474196     0.000130043
     9.010000000     0.221326793    -1.248189716     0.000126431
     9.020000000     0.209840695    -1.223903175     0.000122973
     9.030000000     0.199473866    -1.200436312     0.000119673
     9.040000000     0.190045491    -1.177595041     0.000116536
     9.050000000     0.181405946    -1.155185418     0.000113566
     9.060000000     0.173434838    -1.133029190     0.000110771
     9.070000000     0.166038948    -1.110976321     0.000108158
     9.080000000     0.159150115    -1.088912769     0.000105736
     9.090000000     0.152723060    -1.066762948     0.000103514
     9.100000000     0.146733205    -1.044487554     0.000101501
     9.110000000     0.141174466    -1.022078097     0.000099708
     9.120000000     0.136057050    -0.999549775     0.000098143
     9.130000000     0.131405260    -0.976934075     0.000096816
     9.140000000     0.127255306    -0.954272105     0.000095734
     9.150000000     0.123653132    -0.931609184     0.000094905
     9.160000000     0.120652260    -0.908990857     0.000094333
     9.170000000     0.118311653    -0.886460242     0.000094021
     9.180000000     0.116693606    -0.864056502     0.000093968
     9.190000000     0.115861663    -0.841814182     0.000094172
     9.200000000     0.115878574    -0.819763185     0.000094626
     9.210000000     0.116804288    -0.797929166     0.000095322
     9.220000000     0.118694012    -0.776334212     0.000096246
     9.230000000     0.121596328    -0.754997697     0.000097384
     9.240000000     0.125551395    -0.733937238     0.000098716
     9.250000000     0.130589258    -0.713169733     0.000100222
     9.260000000     0.136728272    -0.692712442     0.000101875
     9.270000000     0.143973680    -0.672584144     0.000103650
     9.280000000     0.152316368    -0.652806346     0.000105517
     9.290000000     0.161731819    -0.633404602     0.000107447
     9.300000000     0.172179307    -0.614409927     0.000109407
     9.310000000     0.183601349    -0.595860355     0.000111366
     9.320000000     0.195923460    -0.577802629     0.000113291
     9.330000000     0.209054219    -0.560294040     0.000115150
     9.340000000     0.222885683    -0.543404374     0.000116911
     9.350000000     0.237294157    -0.527217910     0.000118544
     9.360000000     0.252141327    -0.511835347     0.000120020
     9.370000000     0.267275769    -0.497375456     0.000121311
     9.380000000     0.282534807    -0.483976160     0.000122394
     9.390000000     0.297746714    -0.471794592     0.000123245
     9.400000000     0.312733213    -0.461005547     0.000123844
     9.410000000     0.327312244    -0.451797598     0.000124174
     9.420000000     0.341300946    -0.444366038     0.000124220
     9.430000000     0.354518774    -0.438901863     0.000123972
     9.440000000     0.366790701    -0.435576245     0.000123420
     9.450000000     0.377950420    -0.434520575     0.000122561
     9.460000000     0.387843454    -0.435803127     0.000121391
     9.470000000     0.396330115    -0.439404777     0.000119913
     9.480000000     0.403288206    -0.445197678     0.000118130
     9.490000000     0.408615416    -0.452931824     0.000116050
     9.500000000     0.412231313    -0.462234491     0.000113682
     9.510000000     0.414078903    -0.472625915     0.000111041
     9.520000000     0.414125686    -0.483551433     0.000108141
     9.530000000     0.412364195    -0.494426281     0.000105000
     9.540000000     0.408811994    -0.504685721     0.000101639
     9.550000000     0.403511130    -0.513831659     0.000098079
     9.560000000     0.396527070    -0.521467885     0.000094345
     9.570000000     0.387947139    -0.527319333     0.000090461
     9.580000000     0.377878520    -0.531234722     0.000086453
     9.590000000     0.366445864    -0.533175446     0.000082349
     9.600000000     0.353788587    -0.533195462     0.000078175
     9.610000000     0.340057932    -0.531417258     0.000073959
     9.620000000     0.325413875    -0.528008057     0.000069728
     9.630000000     0.310021961    -0.523159006     0.000065508
     9.640000000     0.294050159    -0.517068669     0.000061324
     9.650000000     0.277665810    -0.509931075     0.000057200
     9.660000000     0.261032744    -0.501927863     0.000053159
     9.670000000     0.244308636    -0.493223768     0.000049220
     9.680000000     0.227642639    -0.483964609     0.000045404
     9.690000000     0.211173367    -0.474277010     0.000041725
     9.700000000     0.195027222    -0.464269249     0.000038198
     9.710000000     0.179317111    -0.454032736     0.000034834
     9.720000000     0.164141548    -0.443643814     0.000031644
     9.730000000     0.149584127    -0.433165631     0.000028633
     9.740000000     0.135713364    -0.422649969     0.000025806
     9.750000000     0.122582869    -0.412138929     0.000023166
     9.760000000     0.110231813    -0.401666455     0.000020712
     9.770000000     0.098685670    -0.391259656     0.000018444
     9.780000000     0.087957154    -0.380939963     0.000016358
     9.790000000     0.078047348    -0.370724108     0.000014449
     9.800000000     0.068946945    -0.360624948     0.000012710
     9.810000000     0.060637568    -0.350652168     0.000011135
     9.820000000     0.053093136    -0.340812856     0.000009715
     9.830000000     0.046281224    -0.331111986     0.000008442
     9.840000000     0.040164385    -0.321552821     0.000007306
     9.850000000     0.034701420    -0.312137238     0.000006298
     9.860000000     0.029848547    -0.302866001     0.000005409
     9.870000000     0.025560478    -0.293738987     0.000004627
     9.880000000     0.021791371    -0.284755366     0.000003946
     9.890000000     0.018495665    -0.275913752     0.000003355
     9.900000000     0.015628784    -0.267212328     0.000002846
     9.910000000     0.013147713    -0.258648944     0.000002412
     9.920000000     0.011011463    -0.250221199     0.000002044
     9.930000000     0.009181417    -0.241926511     0.000001738
     9.940000000     0.007621565    -0.233762167     0.000001486
     9.950000000     0.006298664    -0.225725367     0.000001284
     9.960000000     0.005182299    -0.217813263     0.000001127
     9.970000000     0.004244889    -0.210022984     0.000001013
     9.980000000     0.003461625    -0.202351659     0.000000938
     9.990000000     0.002810371    -0.194796437     0.000000901
    10.000000000     0.002271522    -0.187354499     0.000000901
    10.010000000     0.001827848    -0.180023069     0.000000938
    10.020000000     0.001464311    -0.172799423     0.000001013
    10.030000000     0.001167875    -0.165680897     0.000001127
    10.040000000     0.000927319    -0.158664888     0.000001283
    10.050000000     0.000733047    -0.151748859     0.000001483
    10.060000000     0.000576906    -0.144930343     0.000001732
    10.070000000     0.000452011    -0.138206941     0.000002034
    10.080000000     0.000352584    -0.131576323     0.000002395
    10.090000000     0.000273809    -0.125036230     0.000002820
    10.100000000     0.000211692    -0.118584471     0.000003316
    10.110000000     0.000162943    -0.112218922     0.000003890
    10.120000000     0.000124865    -0.105937528     0.000004549
    10.130000000     0.000095262    -0.099738298     0.000005301
    10.140000000     0.000072357    -0.093619303     0.000006153
    10.150000000     0.000054718    -0.087578679     0.000007114
    10.160000000     0.000041198    -0.081614620     0.000008190
    10.170000000     0.000030883    -0.075725377     0.000009389
    10.180000000     0.000023052    -0.069909259     0.000010716
    10.190000000     0.000017133    -0.064164630     0.000012177
    10.200000000     0.000012682    -0.058489904     0.000013777
    10.210000000     0.000009350    -0.052883548     0.000015519
    10.220000000     0.000006868    -0.047344077     0.000017404
    10.230000000     0.000005028    -0.041870051     0.000019431
    10.240000000     0.000003671    -0.036460078     0.000021599
    10.250000000     0.000002676    -0.031112809     0.000023901
    10.260000000     0.000001949    -0.025826935     0.000026333
    10.270000000     0.000001421    -0.020601191     0.000028882
    10.280000000     0.000001041    -0.015434346     0.000031539
    10.290000000     0.000000769    -0.010325211     0.000034287
    10.300000000     0.000000575    -0.005272630     0.000037109
    10.310000000     0.000000439    -0.000275483     0.000039985
    10.320000000     0.000000344     0.004667319     0.000042893
    10.330000000     0.000000279     0.009556829     0.000045809
    10.340000000     0.000000235     0.014394073     0.000048706
    10.350000000     0.000000206     0.019180046     0.000051556
    10.360000000     0.000000188     0.023915714     0.000054331
    10.370000000     0.000000177     0.028602015     0.000057002
    10.380000000     0.000000171     0.033239863     0.000059539
    10.390000000     0.000000169     0.037830145     0.000061913
    10.400000000     0.000000168     0.042373722     0.000064096
    10.410000000     0.000000169     0.046871434     0.000066062
    10.420000000     0.000000171     0.051324097     0.000067786
    10.430000000     0.000000173     0.055732505     0.000069246
    10.440000000     0.000000174     0.060097432     0.000070425
    10.450000000     0.000000176     0.064419630     0.000071306
    10.460000000     0.000000177     0.068699832     0.000071878
    10.470000000     0.000000177     0.072938753     0.000072133
    10.480000000     0.000000176     0.077137088     0.000072067
    10.490000000     0.000000175     0.081295515     0.000071683
    10.500000000     0.000000174     0.085414696     0.000070985
    10.510000000     0.000000171     0.089495274     0.000069981
    10.520000000     0.000000168     0.093537879     0.000068686
    10.530000000     0.000000164     0.097543122     0.000067116
    10.540000000     0.000000159     0.101511603     0.000065291
    10.550000000     0.000000154     0.105443904     0.000063234
    10.560000000     0.000000149     0.109340596     0.000060970
    10.570000000     0.000000143     0.113202233     0.000058526
    10.580000000     0.000000137     0.117029359     0.000055932
    10.590000000     0.000000130     0.120822504     0.000053215
    10.600000000     0.000000123     0.124582186     0.000050406
    10.610000000     0.000000116     0.128308911     0.000047533
    10.620000000     0.000000109     0.132003173     0.000044625
    10.630000000     0.000000102     0.135665456     0.000041710
    10.640000000     0.000000095     0.139296232     0.000038811
    10.650000000     0.000000088     0.142895965     0.000035955
    10.660000000     0.000000081     0.146465104     0.000033160
    10.670000000     0.000000074     0.150004094     0.000030448
    10.680000000     0.000000068     0.153513365     0.000027833
    10.690000000     0.000000062     0.156993343     0.000025330
    10.700000000     0.000000056     0.160444440     0.000022950
    10.710000000     0.000000051     0.163867062     0.000020701
    10.720000000     0.000000045     0.167261607     0.000018590
    10.730000000     0.000000041     0.170628463     0.000016620
    10.740000000     0.000000036     0.173968011     0.000014793
    10.750000000     0.000000032     0.177280624     0.000013108
    10.760000000     0.000000028     0.180566667     0.000011564
    10.770000000     0.000000025     0.183826498     0.000010156
    10.780000000     0.000000022     0.187060468     0.000008880
    10.790000000     0.000000019     0.190268921     0.000007731
    10.800000000     0.000000016     0.193452194     0.000006700
    10.810000000     0.000000014     0.196610618     0.000005780
    10.820000000     0.000000012     0.199744516     0.000004965
    10.830000000     0.000000010     0.202854206     0.000004246
    10.840000000     0.000000009     0.205940000     0.000003615
    10.850000000     0.000000007     0.209002204     0.000003064
    10.860000000     0.000000006     0.212041118     0.000002586
    10.870000000     0.000000005     0.215057035     0.000002172
    10.880000000     0.000000004     0.218050246     0.000001817
    10.890000000     0.000000004     0.221021032     0.000001513
    10.900000000     0.000000003     0.223969673     0.000001254
    10.910000000     0.000000003     0.226896442     0.000001035
    10.920000000     0.000000002     0.229801607     0.000000850
    10.930000000     0.000000002     0.232685432     0.000000696
    10.940000000     0.000000001     0.235548174     0.000000566
    10.950000000     0.000000001     0.238390089     0.000000459
    10.960000000     0.000000001     0.241211425     0.000000371
    10.970000000     0.000000001     0.244012428     0.000000298
    10.980000000     0.000000001     0.246793339     0.000000238
    10.990000000     0.000000000     0.249554394     0.000000190
    11.000000000     0.000000000     0.252295826     0.000000151
    11.010000000     0.000000000     0.255017865     0.000000119
    11.020000000     0.000000000     0.257720733     0.000000093
    11.030000000     0.000000000     0.260404653     0.000000073
    11.040000000     0.000000000     0.263069842     0.000000057
    11.050000000     0.000000000     0.265716513     0.000000044
    11.060000000     0.000000000     0.268344876     0.000000034
    11.070000000     0.000000000     0.270955139     0.000000026
    11.080000000     0.000000000     0.273547503     0.000000020
    11.090000000     0.000000000     0.276122169     0.000000015
    11.100000000     0.000000000     0.278679334     0.000000012
    11.110000000     0.000000000     0.281219190     0.000000009
    11.120000000     0.000000000     0.283741929     0.000000007
    11.130000000     0.000000000     0.286247737     0.000000005
    11.140000000     0.000000000     0.288736799     0.000000004
    11.150000000     0.000000000     0.291209296     0.000000003
    11.160000000     0.000000000     0.293665407     0.000000002
    11.170000000     0.000000000     0.296105307     0.000000001
    11.180000000     0.000000000     0.298529170     0.000000001
    11.190000000     0.000000000     0.300937166     0.000000001
    11.200000000     0.000000000     0.303329462     0.000000001
    11.210000000     0.000000000     0.305706224     0.000000000
    11.220000000     0.000000000     0.308067615     0.000000000
    11.230000000     0.000000000     0.310413794     0.000000000
    11.240000000     0.000000000     0.312744920     0.000000000
    11.250000000     0.000000000     0.315061147     0.000000000
    11.260000000     0.000000000     0.317362629     0.000000000
    11.270000000     0.000000000     0.319649517     0.000000000
    11.280000000     0.000000000     0.321921959     0.000000000
    11.290000000     0.000000000     0.324180102     0.000000000
    11.300000000     0.000000000     0.326424090     0.000000000
    11.310000000     0.000000000     0.328654066     0.000000000
    11.320000000     0.000000000     0.330870169     0.000000000
    11.330000000     0.000000000     0.333072537     0.000000000
    11.340000000     0.000000000     0.335261307     0.000000000
    11.350000000     0.000000000     0.337436614     0.000000000
    11.360000000     0.000000000     0.339598588     0.000000000
    11.370000000     0.000000000     0.341747361     0.000000000
    11.380000000     0.000000000     0.343883062     0.000000000
    11.390000000     0.000000000     0.346005816     0.000000000
    11.400000000     0.000000000     0.348115750     0.000000000
    11.410000000     0.000000000     0.350212986     0.000000000
    11.420000000     0.000000000     0.352297647     0.000000000
    11.430000000     0.000000000     0.354369852     0.000000000
    11.440000000     0.000000000     0.356429719     0.000000000
    11.450000000     0.000000000     0.358477365     0.000000000
    11.460000000     0.000000000     0.360512906     0.000000000
    11.470000000     0.000000000     0.362536454     0.000000000
    11.480000000     0.000000000     0.364548123     0.000000000
    11.490000000     0.000000000     0.366548022     0.000000000
    11.500000000     0.000000000     0.368536260     0.000000000
    11.510000000     0.000000000     0.370512947     0.000000000
    11.520000000     0.000000000     0.372478186     0.000000000
    11.530000000     0.000000000     0.374432084     0.000000000
    11.540000000     0.000000000     0.376374744     0.000000000
    11.550000000     0.000000000     0.378306268     0.000000000
    11.560000000     0.000000000     0.380226757     0.000000000
    11.570000000     0.000000000     0.382136310     0.000000000
    11.580000000     0.000000000     0.384035026     0.000000000
    11.590000000     0.000000000     0.385923002     0.000000000
    11.600000000     0.000000000     0.387800333     0.000000000
    11.610000000     0.000000000     0.389667113     0.000000000
    11.620000000     0.000000000     0.391523437     0.000000000
    11.630000000     0.000000000     0.393369397     0.000000000
    11.640000000     0.000000000     0.395205083     0.000000000
    11.650000000     0.000000000     0.397030585     0.000000000
    11.660000000     0.000000000     0.398845993     0.000000000
    11.670000000     0.000000000     0.400651393     0.000000000
    11.680000000     0.000000000     0.402446872     0.000000000
    11.690000000     0.000000000     0.404232517     0.000000000
    11.700000000     0.000000000     0.406008411     0.000000000
    11.710000000     0.000000000     0.407774638     0.000000000
    11.720000000     0.000000000     0.409531280     0.000000000
    11.730000000     0.000000000     0.411278419     0.000000000
    11.740000000     0.000000000     0.413016135     0.000000000
    11.750000000     0.000000000     0.414744508     0.000000000
    11.760000000     0.000000000     0.416463616     0.000000000
    11.770000000     0.000000000     0.418173538     0.000000000
    11.780000000     0.000000000     0.419874349     0.000000000
    11.790000000     0.000000000     0.421566125     0.000000000
    11.800000000     0.000000000     0.423248942     0.000000000
    11.810000000     0.000000000     0.424922874     0.000000000
    11.820000000     0.000000000     0.426587993     0.000000000
    11.830000000     0.000000000     0.428244372     0.000000000
    11.840000000     0.000000000     0.429892082     0.000000000
    11.850000000     0.000000000     0.431531195     0.000000000
    11.860000000     0.000000000     0.433161779     0.000000000
    11.870000000     0.000000000     0.434783905     0.000000000
    11.880000000     0.000000000     0.436397640     0.000000000
    11.890000000     0.000000000     0.438003051     0.000000000
    11.900000000     0.000000000     0.439600206     0.000000000
    11.910000000     0.000000000     0.441189171     0.000000000
    11.920000000     0.000000000     0.442770011     0.000000000
    11.930000000     0.000000000     0.444342789     0.000000000
    11.940000000     0.000000000     0.445907571     0.000000000
    11.950000000     0.000000000     0.447464419     0.000000000
    11.960000000     0.000000000     0.449013395     0.000000000
    11.970000000     0.000000000     0.450554561     0.000000000
    11.980000000     0.000000000     0.452087979     0.000000000
    11.990000000     0.000000000     0.453613708     0.000000000
    12.000000000     0.000000000     0.455131808     0.000000000
