 # Column 1: omega
 # Column 2: eps2(omega)
 # Column 3: eps1(omega)
 # Column 4: JDOS(omega)
     0.000000000     0.000000000     1.915354794     0.000000000
     0.010000000     0.000000000     1.915359626     0.000000000
     0.020000000     0.000000000     1.915374124     0.000000000
     0.030000000     0.000000000     1.915398289     0.000000000
     0.040000000     0.000000000     1.915432124     0.000000000
     0.050000000     0.000000000     1.915475634     0.000000000
     0.060000000     0.000000000     1.915528823     0.000000000
     0.070000000     0.000000000     1.915591698     0.000000000
     0.080000000     0.000000000     1.915664267     0.000000000
     0.090000000     0.000000000     1.915746538     0.000000000
     0.100000000     0.000000000     1.915838522     0.000000000
     0.110000000     0.000000000     1.915940229     0.000000000
     0.120000000     0.000000000     1.916051673     0.000000000
     0.130000000     0.000000000     1.916172866     0.000000000
     0.140000000     0.000000000     1.916303823     0.000000000
     0.150000000     0.000000000     1.916444561     0.000000000
     0.160000000     0.000000000     1.916595097     0.000000000
     0.170000000     0.000000000     1.916755449     0.000000000
     0.180000000     0.000000000     1.916925636     0.000000000
     0.190000000     0.000000000     1.917105681     0.000000000
     0.200000000     0.000000000     1.917295604     0.000000000
     0.210000000     0.000000000     1.917495430     0.000000000
     0.220000000     0.000000000     1.917705184     0.000000000
     0.230000000     0.000000000     1.917924890     0.000000000
     0.240000000     0.000000000     1.918154577     0.000000000
     0.250000000     0.000000000     1.918394273     0.000000000
     0.260000000     0.000000000     1.918644009     0.000000000
     0.270000000     0.000000000     1.918903815     0.000000000
     0.280000000     0.000000000     1.919173724     0.000000000
     0.290000000     0.000000000     1.919453770     0.000000000
     0.300000000     0.000000000     1.919743988     0.000000000
     0.310000000     0.000000000     1.920044416     0.000000000
     0.320000000     0.000000000     1.920355091     0.000000000
     0.330000000     0.000000000     1.920676053     0.000000000
     0.340000000     0.000000000     1.921007344     0.000000000
     0.350000000     0.000000000     1.921349005     0.000000000
     0.360000000     0.000000000     1.921701081     0.000000000
     0.370000000     0.000000000     1.922063617     0.000000000
     0.380000000     0.000000000     1.922436660     0.000000000
     0.390000000     0.000000000     1.922820259     0.000000000
     0.400000000     0.000000000     1.923214464     0.000000000
     0.410000000     0.000000000     1.923619328     0.000000000
     0.420000000     0.000000000     1.924034902     0.000000000
     0.430000000     0.000000000     1.924461243     0.000000000
     0.440000000     0.000000000     1.924898407     0.000000000
     0.450000000     0.000000000     1.925346452     0.000000000
     0.460000000     0.000000000     1.925805439     0.000000000
     0.470000000     0.000000000     1.926275430     0.000000000
     0.480000000     0.000000000     1.926756488     0.000000000
     0.490000000     0.000000000     1.927248679     0.000000000
     0.500000000     0.000000000     1.927752071     0.000000000
     0.510000000     0.000000000     1.928266732     0.000000000
     0.520000000     0.000000000     1.928792734     0.000000000
     0.530000000     0.000000000     1.929330150     0.000000000
     0.540000000     0.000000000     1.929879056     0.000000000
     0.550000000     0.000000000     1.930439528     0.000000000
     0.560000000     0.000000000     1.931011647     0.000000000
     0.570000000     0.000000000     1.931595493     0.000000000
     0.580000000     0.000000000     1.932191150     0.000000000
     0.590000000     0.000000000     1.932798704     0.000000000
     0.600000000     0.000000000     1.933418243     0.000000000
     0.610000000     0.000000000     1.934049858     0.000000000
     0.620000000     0.000000000     1.934693641     0.000000000
     0.630000000     0.000000000     1.935349688     0.000000000
     0.640000000     0.000000000     1.936018097     0.000000000
     0.650000000     0.000000000     1.936698967     0.000000000
     0.660000000     0.000000000     1.937392402     0.000000000
     0.670000000     0.000000000     1.938098506     0.000000000
     0.680000000     0.000000000     1.938817389     0.000000000
     0.690000000     0.000000000     1.939549161     0.000000000
     0.700000000     0.000000000     1.940293936     0.000000000
     0.710000000     0.000000000     1.941051831     0.000000000
     0.720000000     0.000000000     1.941822965     0.000000000
     0.730000000     0.000000000     1.942607461     0.000000000
     0.740000000     0.000000000     1.943405445     0.000000000
     0.750000000     0.000000000     1.944217046     0.000000000
     0.760000000     0.000000000     1.945042397     0.000000000
     0.770000000     0.000000000     1.945881633     0.000000000
     0.780000000     0.000000000     1.946734893     0.000000000
     0.790000000     0.000000000     1.947602321     0.000000000
     0.800000000     0.000000000     1.948484062     0.000000000
     0.810000000     0.000000000     1.949380268     0.000000000
     0.820000000     0.000000000     1.950291091     0.000000000
     0.830000000     0.000000000     1.951216690     0.000000000
     0.840000000     0.000000000     1.952157228     0.000000000
     0.850000000     0.000000000     1.953112870     0.000000000
     0.860000000     0.000000000     1.954083787     0.000000000
     0.870000000     0.000000000     1.955070154     0.000000000
     0.880000000     0.000000000     1.956072151     0.000000000
     0.890000000     0.000000000     1.957089961     0.000000000
     0.900000000     0.000000000     1.958123775     0.000000000
     0.910000000     0.000000000     1.959173786     0.000000000
     0.920000000     0.000000000     1.960240193     0.000000000
     0.930000000     0.000000000     1.961323201     0.000000000
     0.940000000     0.000000000     1.962423019     0.000000000
     0.950000000     0.000000000     1.963539864     0.000000000
     0.960000000     0.000000000     1.964673956     0.000000000
     0.970000000     0.000000000     1.965825522     0.000000000
     0.980000000     0.000000000     1.966994797     0.000000000
     0.990000000     0.000000000     1.968182020     0.000000000
     1.000000000     0.000000000     1.969387436     0.000000000
     1.010000000     0.000000000     1.970611300     0.000000000
     1.020000000     0.000000000     1.971853870     0.000000000
     1.030000000     0.000000000     1.973115415     0.000000000
     1.040000000     0.000000000     1.974396208     0.000000000
     1.050000000     0.000000000     1.975696533     0.000000000
     1.060000000     0.000000000     1.977016679     0.000000000
     1.070000000     0.000000000     1.978356944     0.000000000
     1.080000000     0.000000000     1.979717636     0.000000000
     1.090000000     0.000000000     1.981099071     0.000000000
     1.100000000     0.000000000     1.982501573     0.000000000
     1.110000000     0.000000000     1.983925476     0.000000000
     1.120000000     0.000000000     1.985371125     0.000000000
     1.130000000     0.000000000     1.986838873     0.000000000
     1.140000000     0.000000000     1.988329086     0.000000000
     1.150000000     0.000000000     1.989842138     0.000000000
     1.160000000     0.000000000     1.991378415     0.000000000
     1.170000000     0.000000000     1.992938317     0.000000000
     1.180000000     0.000000000     1.994522254     0.000000000
     1.190000000     0.000000000     1.996130647     0.000000000
     1.200000000     0.000000001     1.997763933     0.000000000
     1.210000000     0.000000001     1.999422562     0.000000000
     1.220000000     0.000000001     2.001106995     0.000000000
     1.230000000     0.000000002     2.002817712     0.000000000
     1.240000000     0.000000003     2.004555205     0.000000000
     1.250000000     0.000000004     2.006319981     0.000000000
     1.260000000     0.000000006     2.008112567     0.000000000
     1.270000000     0.000000008     2.009933504     0.000000001
     1.280000000     0.000000011     2.011783350     0.000000001
     1.290000000     0.000000015     2.013662684     0.000000001
     1.300000000     0.000000021     2.015572102     0.000000001
     1.310000000     0.000000029     2.017512221     0.000000002
     1.320000000     0.000000040     2.019483677     0.000000003
     1.330000000     0.000000054     2.021487130     0.000000004
     1.340000000     0.000000073     2.023523259     0.000000005
     1.350000000     0.000000099     2.025592770     0.000000007
     1.360000000     0.000000133     2.027696390     0.000000009
     1.370000000     0.000000179     2.029834873     0.000000013
     1.380000000     0.000000239     2.032009001     0.000000017
     1.390000000     0.000000317     2.034219579     0.000000022
     1.400000000     0.000000420     2.036467444     0.000000030
     1.410000000     0.000000555     2.038753463     0.000000039
     1.420000000     0.000000729     2.041078534     0.000000051
     1.430000000     0.000000954     2.043443585     0.000000066
     1.440000000     0.000001245     2.045849581     0.000000086
     1.450000000     0.000001617     2.048297521     0.000000112
     1.460000000     0.000002094     2.050788443     0.000000144
     1.470000000     0.000002701     2.053323421     0.000000185
     1.480000000     0.000003473     2.055903571     0.000000237
     1.490000000     0.000004450     2.058530051     0.000000301
     1.500000000     0.000005682     2.061204062     0.000000382
     1.510000000     0.000007234     2.063926854     0.000000482
     1.520000000     0.000009181     2.066699722     0.000000606
     1.530000000     0.000011619     2.069524013     0.000000760
     1.540000000     0.000014664     2.072401126     0.000000948
     1.550000000     0.000018458     2.075332515     0.000001178
     1.560000000     0.000023177     2.078319691     0.000001458
     1.570000000     0.000029036     2.081364225     0.000001798
     1.580000000     0.000036299     2.084467751     0.000002208
     1.590000000     0.000045289     2.087631967     0.000002702
     1.600000000     0.000056407     2.090858641     0.000003294
     1.610000000     0.000070140     2.094149609     0.000004000
     1.620000000     0.000087092     2.097506784     0.000004841
     1.630000000     0.000108000     2.100932152     0.000005837
     1.640000000     0.000133776     2.104427783     0.000007014
     1.650000000     0.000165536     2.107995827     0.000008399
     1.660000000     0.000204653     2.111638521     0.000010023
     1.670000000     0.000252812     2.115358191     0.000011921
     1.680000000     0.000312076     2.119157255     0.000014133
     1.690000000     0.000384973     2.123038224     0.000016703
     1.700000000     0.000474585     2.127003710     0.000019679
     1.710000000     0.000584671     2.131056421     0.000023116
     1.720000000     0.000719795     2.135199169     0.000027075
     1.730000000     0.000885487     2.139434868     0.000031623
     1.740000000     0.001088420     2.143766537     0.000036837
     1.750000000     0.001336623     2.148197297     0.000042799
     1.760000000     0.001639710     2.152730373     0.000049602
     1.770000000     0.002009149     2.157369091     0.000057352
     1.780000000     0.002458556     2.162116872     0.000066163
     1.790000000     0.003004016     2.166977230     0.000076165
     1.800000000     0.003664443     2.171953759     0.000087501
     1.810000000     0.004461948     2.177050128     0.000100334
     1.820000000     0.005422247     2.182270062     0.000114842
     1.830000000     0.006575069     2.187617326     0.000131227
     1.840000000     0.007954579     2.193095703     0.000149713
     1.850000000     0.009599796     2.198708966     0.000170553
     1.860000000     0.011554989     2.204460848     0.000194028
     1.870000000     0.013870045     2.210355001     0.000220450
     1.880000000     0.016600791     2.216394954     0.000250170
     1.890000000     0.019809232     2.222584063     0.000283576
     1.900000000     0.023563711     2.228925457     0.000321102
     1.910000000     0.027938940     2.235421976     0.000363224
     1.920000000     0.033015898     2.242076113     0.000410472
     1.930000000     0.038881552     2.248889942     0.000463427
     1.940000000     0.045628391     2.255865046     0.000522727
     1.950000000     0.053353742     2.263002437     0.000589067
     1.960000000     0.062158843     2.270302443     0.000663204
     1.970000000     0.072147668     2.277764573     0.000745954
     1.980000000     0.083425481     2.285387308     0.000838195
     1.990000000     0.096097117     2.293167798     0.000940864
     2.000000000     0.110264997     2.301101440     0.001054956
     2.010000000     0.126026888     2.309181281     0.001181516
     2.020000000     0.143473416     2.317397247     0.001321637
     2.030000000     0.162685399     2.325735170     0.001476447
     2.040000000     0.183731000     2.334175628     0.001647103
     2.050000000     0.206662799     2.342692602     0.001834774
     2.060000000     0.231514815     2.351251971     0.002040625
     2.070000000     0.258299582     2.359809836     0.002265803
     2.080000000     0.287005345     2.368310681     0.002511410
     2.090000000     0.317593476     2.376685329     0.002778485
     2.100000000     0.349996207     2.384848685     0.003067972
     2.110000000     0.384114759     2.392697217     0.003380697
     2.120000000     0.419817988     2.400106201     0.003717335
     2.130000000     0.456941603     2.406926713     0.004078382
     2.140000000     0.495288056     2.412982472     0.004464116
     2.150000000     0.534627151     2.418066637     0.004874573
     2.160000000     0.574697426     2.421938801     0.005309510
     2.170000000     0.615208330     2.424322560     0.005768378
     2.180000000     0.655843194     2.424904221     0.006250292
     2.190000000     0.696262979     2.423333515     0.006754008
     2.200000000     0.736110747     2.419227479     0.007277905
     2.210000000     0.775016789     2.412178993     0.007819968
     2.220000000     0.812604306     2.401771657     0.008377781
     2.230000000     0.848495524     2.387602528     0.008948527
     2.240000000     0.882318112     2.369313613     0.009528993
     2.250000000     0.913711737     2.346631584     0.010115587
     2.260000000     0.942334599     2.319413051     0.010704365
     2.270000000     0.967869779     2.287690018     0.011291058
     2.280000000     0.990031224     2.251707722     0.011871123
     2.290000000     1.008569214     2.211945678     0.012439786
     2.300000000     1.023275157     2.169113745     0.012992108
     2.310000000     1.033985582     2.124118729     0.013523049
     2.320000000     1.040585217     2.078003013     0.014027539
     2.330000000     1.043009085     2.031863362     0.014500561
     2.340000000     1.041243530     1.986762944     0.014937228
     2.350000000     1.035326194     1.943651116     0.015332863
     2.360000000     1.025344921     1.903303069     0.015683089
     2.370000000     1.011435636     1.866286070     0.015983901
     2.380000000     0.993779289     1.832952954     0.016231744
     2.390000000     0.972597926     1.803458434     0.016423582
     2.400000000     0.948150033     1.777791001     0.016556957
     2.410000000     0.920725282     1.755812628     0.016630043
     2.420000000     0.890638822     1.737299596     0.016641682
     2.430000000     0.858225277     1.721979681     0.016591413
     2.440000000     0.823832615     1.709562854     0.016479483
     2.450000000     0.787816031     1.699764272     0.016306853
     2.460000000     0.750532004     1.692319447     0.016075178
     2.470000000     0.712332648     1.686992252     0.015786784
     2.480000000     0.673560491     1.683576913     0.015444624
     2.490000000     0.634543764     1.681895508     0.015052229
     2.500000000     0.595592284     1.681792663     0.014613646
     2.510000000     0.556993996     1.683129116     0.014133362
     2.520000000     0.519012180     1.685775599     0.013616229
     2.530000000     0.481883366     1.689608053     0.013067380
     2.540000000     0.445815927     1.694504703     0.012492138
     2.550000000     0.410989324     1.700345005     0.011895934
     2.560000000     0.377553972     1.707010149     0.011284214
     2.570000000     0.345631665     1.714384562     0.010662359
     2.580000000     0.315316489     1.722357860     0.010035604
     2.590000000     0.286676168     1.730826760     0.009408968
     2.600000000     0.259753750     1.739696627     0.008787184
     2.610000000     0.234569570     1.748882496     0.008174648
     2.620000000     0.211123413     1.758309533     0.007575373
     2.630000000     0.189396803     1.767912994     0.006992947
     2.640000000     0.169355356     1.777637801     0.006430515
     2.650000000     0.150951136     1.787437834     0.005890759
     2.660000000     0.134124970     1.797275073     0.005375894
     2.670000000     0.118808671     1.807118661     0.004887670
     2.680000000     0.104927135     1.816943976     0.004427387
     2.690000000     0.092400290     1.826731730     0.003995913
     2.700000000     0.081144879     1.836467157     0.003593711
     2.710000000     0.071076054     1.846139273     0.003220869
     2.720000000     0.062108787     1.855740229     0.002877136
     2.730000000     0.054159092     1.865264756     0.002561961
     2.740000000     0.047145062     1.874709689     0.002274534
     2.750000000     0.040987727     1.884073566     0.002013823
     2.760000000     0.035611750     1.893356306     0.001778620
     2.770000000     0.030945963     1.902558937     0.001567575
     2.780000000     0.026923767     1.911683399     0.001379235
     2.790000000     0.023483397     1.920732382     0.001212084
     2.800000000     0.020568085     1.929709225     0.001064565
     2.810000000     0.018126115     1.938617843     0.000935118
     2.820000000     0.016110797     1.947462685     0.000822201
     2.830000000     0.014480363     1.956248706     0.000724314
     2.840000000     0.013197811     1.964981329     0.000640012
     2.850000000     0.012230688     1.973666389     0.000567928
     2.860000000     0.011550836     1.982310048     0.000506777
     2.870000000     0.011134106     1.990918663     0.000455370
     2.880000000     0.010960043     1.999498631     0.000412616
     2.890000000     0.011011556     2.008056227     0.000377529
     2.900000000     0.011274574     2.016597448     0.000349226
     2.910000000     0.011737694     2.025127899     0.000326929
     2.920000000     0.012391828     2.033652713     0.000309963
     2.930000000     0.013229851     2.042176523     0.000297751
     2.940000000     0.014246261     2.050703446     0.000289815
     2.950000000     0.015436844     2.059237073     0.000285767
     2.960000000     0.016798359     2.067780435     0.000285305
     2.970000000     0.018328240     2.076335929     0.000288213
     2.980000000     0.020024328     2.084905195     0.000294351
     2.990000000     0.021884618     2.093488956     0.000303656
     3.000000000     0.023907051     2.102086816     0.000316135
     3.010000000     0.026089332     2.110697056     0.000331862
     3.020000000     0.028428785     2.119316421     0.000350979
     3.030000000     0.030922251     2.127939922     0.000373690
     3.040000000     0.033566025     2.136560671     0.000400265
     3.050000000     0.036355833     2.145169759     0.000431035
     3.060000000     0.039286852     2.153756205     0.000466396
     3.070000000     0.042353768     2.162307017     0.000506810
     3.080000000     0.045550875     2.170807409     0.000552806
     3.090000000     0.048872205     2.179241233     0.000604981
     3.100000000     0.052311692     2.187591686     0.000664009
     3.110000000     0.055863350     2.195842314     0.000730636
     3.120000000     0.059521485     2.203978324     0.000805691
     3.130000000     0.063280900     2.211988102     0.000890082
     3.140000000     0.067137120     2.219864790     0.000984807
     3.150000000     0.071086591     2.227607651     0.001090948
     3.160000000     0.075126887     2.235222936     0.001209679
     3.170000000     0.079256877     2.242723993     0.001342261
     3.180000000     0.083476870     2.250130504     0.001490047
     3.190000000     0.087788723     2.257466966     0.001654473
     3.200000000     0.092195909     2.264760757     0.001837057
     3.210000000     0.096703527     2.272040256     0.002039391
     3.220000000     0.101318278     2.279333434     0.002263132
     3.230000000     0.106048376     2.286667099     0.002509986
     3.240000000     0.110903418     2.294066656     0.002781700
     3.250000000     0.115894204     2.301556003     0.003080034
     3.260000000     0.121032511     2.309157132     0.003406747
     3.270000000     0.126330835     2.316889139     0.003763568
     3.280000000     0.131802105     2.324766721     0.004152172
     3.290000000     0.137459367     2.332798496     0.004574143
     3.300000000     0.143315472     2.340985706     0.005030948
     3.310000000     0.149382757     2.349321737     0.005523895
     3.320000000     0.155672738     2.357792685     0.006054101
     3.330000000     0.162195822     2.366378814     0.006622452
     3.340000000     0.168961057     2.375056494     0.007229564
     3.350000000     0.175975910     2.383800046     0.007875747
     3.360000000     0.183246101     2.392582977     0.008560966
     3.370000000     0.190775477     2.401378301     0.009284810
     3.380000000     0.198565944     2.410157967     0.010046459
     3.390000000     0.206617445     2.418891693     0.010844658
     3.400000000     0.214927997     2.427545792     0.011677696
     3.410000000     0.223493760     2.436082625     0.012543392
     3.420000000     0.232309159     2.444461207     0.013439082
     3.430000000     0.241367027     2.452639230     0.014361622
     3.440000000     0.250658775     2.460576378     0.015307394
     3.450000000     0.260174581     2.468238429     0.016272321
     3.460000000     0.269903573     2.475601394     0.017251892
     3.470000000     0.279834020     2.482654870     0.018241191
     3.480000000     0.289953504     2.489404013     0.019234943
     3.490000000     0.300249086     2.495869858     0.020227561
     3.500000000     0.310707442     2.502088160     0.021213201
     3.510000000     0.321314997     2.508107160     0.022185827
     3.520000000     0.332058025     2.513984733     0.023139280
     3.530000000     0.342922755     2.519785191     0.024067349
     3.540000000     0.353895463     2.525575757     0.024963851
     3.550000000     0.364962577     2.531422626     0.025822710
     3.560000000     0.376110794     2.537386587     0.026638035
     3.570000000     0.387327231     2.543518413     0.027404201
     3.580000000     0.398599613     2.549854475     0.028115925
     3.590000000     0.409916512     2.556413101     0.028768344
     3.600000000     0.421267649     2.563192052     0.029357083
     3.610000000     0.432644254     2.570167292     0.029878319
     3.620000000     0.444039492     2.577292921     0.030328842
     3.630000000     0.455448960     2.584502109     0.030706106
     3.640000000     0.466871225     2.591708942     0.031008270
     3.650000000     0.478308421     2.598811366     0.031234233
     3.660000000     0.489766851     2.605695664     0.031383664
     3.670000000     0.501257611     2.612243061     0.031457009
     3.680000000     0.512797181     2.618338949     0.031455508
     3.690000000     0.524407963     2.623884758     0.031381181
     3.700000000     0.536118749     2.628811794     0.031236825
     3.710000000     0.547965065     2.633095451     0.031025981
     3.720000000     0.559989392     2.636767433     0.030752913
     3.730000000     0.572241206     2.639923174     0.030422556
     3.740000000     0.584776848     2.642721959     0.030040477
     3.750000000     0.597659182     2.645378329     0.029612810
     3.760000000     0.610957054     2.648145032     0.029146197
     3.770000000     0.624744527     2.651289728     0.028647715
     3.780000000     0.639099928     2.655069026     0.028124800
     3.790000000     0.654104694     2.659703962     0.027585166
     3.800000000     0.669842060     2.665360400     0.027036725
     3.810000000     0.686395604     2.672136394     0.026487494
     3.820000000     0.703847696     2.680056902     0.025945513
     3.830000000     0.722277889     2.689074823     0.025418755
     3.840000000     0.741761284     2.699076601     0.024915044
     3.850000000     0.762366936     2.709890627     0.024441969
     3.860000000     0.784156323     2.721297143     0.024006809
     3.870000000     0.807181939     2.733039037     0.023616458
     3.880000000     0.831486038     2.744833528     0.023277361
     3.890000000     0.857099575     2.756384978     0.022995459
     3.900000000     0.884041358     2.767399042     0.022776134
     3.910000000     0.912317455     2.777597916     0.022624181
     3.920000000     0.941920848     2.786735956     0.022543768
     3.930000000     0.972831357     2.794614327     0.022538428
     3.940000000     1.005015837     2.801093008     0.022611052
     3.950000000     1.038428628     2.806098349     0.022763887
     3.960000000     1.073012262     2.809624683     0.022998561
     3.970000000     1.108698409     2.811729110     0.023316100
     3.980000000     1.145409033     2.812519504     0.023716971
     3.990000000     1.183057747     2.812136824     0.024201117
     4.000000000     1.221551333     2.810733774     0.024768012
     4.010000000     1.260791405     2.808452533     0.025416715
     4.020000000     1.300676187     2.805404597     0.026145927
     4.030000000     1.341102376     2.801655574     0.026954057
     4.040000000     1.381967056     2.797217158     0.027839282
     4.050000000     1.423169650     2.792047518     0.028799611
     4.060000000     1.464613852     2.786059985     0.029832943
     4.070000000     1.506209530     2.779138523     0.030937127
     4.080000000     1.547874560     2.771157178     0.032110013
     4.090000000     1.589536544     2.761999898     0.033349496
     4.100000000     1.631134392     2.751577047     0.034653563
     4.110000000     1.672619710     2.739835681     0.036020318
     4.120000000     1.713957969     2.726762181     0.037448015
     4.130000000     1.755129399     2.712377713     0.038935071
     4.140000000     1.796129571     2.696728931     0.040480080
     4.150000000     1.836969629     2.679877589     0.042081812
     4.160000000     1.877676119     2.661892908     0.043739212
     4.170000000     1.918290398     2.642849448     0.045451389
     4.180000000     1.958867575     2.622831107     0.047217599
     4.190000000     1.999474986     2.601939476     0.049037222
     4.200000000     2.040190169     2.580302963     0.050909738
     4.210000000     2.081098365     2.558082572     0.052834697
     4.220000000     2.122289541     2.535471051     0.054811685
     4.230000000     2.163854992     2.512684019     0.056840292
     4.240000000     2.205883546     2.489943820     0.058920073
     4.250000000     2.248457463     2.467458614     0.061050516
     4.260000000     2.291648085     2.445400123     0.063231000
     4.270000000     2.335511362     2.423883419     0.065460764
     4.280000000     2.380083348     2.402951365     0.067738870
     4.290000000     2.425375791     2.382565190     0.070064165
     4.300000000     2.471371959     2.362601619     0.072435255
     4.310000000     2.518022824     2.342856113     0.074850470
     4.320000000     2.565243746     2.323051373     0.077307834
     4.330000000     2.612911787     2.302849942     0.079805043
     4.340000000     2.660863775     2.281869619     0.082339437
     4.350000000     2.708895221     2.259700233     0.084907980
     4.360000000     2.756760192     2.235920227     0.087507245
     4.370000000     2.804172186     2.210111572     0.090133398
     4.380000000     2.850806070     2.181871872     0.092782187
     4.390000000     2.896301078     2.150823140     0.095448942
     4.400000000     2.940264865     2.116617463     0.098128573
     4.410000000     2.982278555     2.078940566     0.100815577
     4.420000000     3.021902710     2.037514855     0.103504054
     4.430000000     3.058684109     1.992103852     0.106187723
     4.440000000     3.092163205     1.942519802     0.108859958
     4.450000000     3.121882083     1.888635704     0.111513819
     4.460000000     3.147392757     1.830401958     0.114142095
     4.470000000     3.168265601     1.767866396     0.116737365
     4.480000000     3.184097707     1.701194886     0.119292050
     4.490000000     3.194520971     1.630688485     0.121798485
     4.500000000     3.199209694     1.556792716     0.124248994
     4.510000000     3.197887513     1.480095309     0.126635969
     4.520000000     3.190333481     1.401310759     0.128951955
     4.530000000     3.176387133     1.321252630     0.131189739
     4.540000000     3.155952423     1.240797113     0.133342435
     4.550000000     3.129000413     1.160842840     0.135403579
     4.560000000     3.095570669     1.082272150     0.137367203
     4.570000000     3.055771317     1.005917878     0.139227926
     4.580000000     3.009777769     0.932537906     0.140981022
     4.590000000     2.957830165     0.862797913     0.142622482
     4.600000000     2.900229598     0.797261445     0.144149071
     4.610000000     2.837333230     0.736385776     0.145558368
     4.620000000     2.769548438     0.680521881     0.146848789
     4.630000000     2.697326131     0.629916993     0.148019604
     4.640000000     2.621153428     0.584718544     0.149070929
     4.650000000     2.541545871     0.544978752     0.150003706
     4.660000000     2.459039365     0.510659726     0.150819671
     4.670000000     2.374182035     0.481639444     0.151521303
     4.680000000     2.287526195     0.457719287     0.152111757
     4.690000000     2.199620587     0.438633768     0.152594795
     4.700000000     2.111003058     0.424062676     0.152974695
     4.710000000     2.022193818     0.413645327     0.153256159
     4.720000000     1.933689386     0.406996057     0.153444219
     4.730000000     1.845957318     0.403719789     0.153544129
     4.740000000     1.759431790     0.403426456     0.153561269
     4.750000000     1.674510061     0.405743291     0.153501047
     4.760000000     1.591549845     0.410324335     0.153368803
     4.770000000     1.510867570     0.416856957     0.153169726
     4.780000000     1.432737484     0.425065509     0.152908778
     4.790000000     1.357391579     0.434712436     0.152590630
     4.800000000     1.285020232     0.445597270     0.152219609
     4.810000000     1.215773497     0.457553904     0.151799656
     4.820000000     1.149762963     0.470446533     0.151334308
     4.830000000     1.087064054     0.484164644     0.150826675
     4.840000000     1.027718693     0.498617499     0.150279448
     4.850000000     0.971738224     0.513728659     0.149694905
     4.860000000     0.919106494     0.529431070     0.149074935
     4.870000000     0.869783000     0.545663194     0.148421065
     4.880000000     0.823706046     0.562366446     0.147734497
     4.890000000     0.780795804     0.579483933     0.147016146
     4.900000000     0.740957254     0.596960229     0.146266686
     4.910000000     0.704082939     0.614741793     0.145486589
     4.920000000     0.670055501     0.632777544     0.144676166
     4.930000000     0.638749993     0.651019214     0.143835609
     4.940000000     0.610035927     0.669421222     0.142965019
     4.950000000     0.583779089     0.687939982     0.142064438
     4.960000000     0.559843100     0.706532720     0.141133870
     4.970000000     0.538090759     0.725156013     0.140173294
     4.980000000     0.518385173     0.743764317     0.139182673
     4.990000000     0.500590708     0.762308806     0.138161960
     5.000000000     0.484573779     0.780736808     0.137111090
     5.010000000     0.470203513     0.798992043     0.136029976
     5.020000000     0.457352301     0.817015756     0.134918497
     5.030000000     0.445896281     0.834748713     0.133776487
     5.040000000     0.435715745     0.852133829     0.132603722
     5.050000000     0.426695522     0.869119103     0.131399909
     5.060000000     0.418725325     0.885660403     0.130164678
     5.070000000     0.411700083     0.901723652     0.128897578
     5.080000000     0.405520261     0.917286054     0.127598082
     5.090000000     0.400092173     0.932336209     0.126265593
     5.100000000     0.395328287     0.946873236     0.124899461
     5.110000000     0.391147506     0.960905275     0.123499010
     5.120000000     0.387475439     0.974447905     0.122063566
     5.130000000     0.384244631     0.987523008     0.120592507
     5.140000000     0.381394759     1.000158433     0.119085301
     5.150000000     0.378872780     1.012388533     0.117541573
     5.160000000     0.376633014     1.024255341     0.115961155
     5.170000000     0.374637168     1.035809925     0.114344161
     5.180000000     0.372854290     1.047113319     0.112691047
     5.190000000     0.371260635     1.058236417     0.111002685
     5.200000000     0.369839470     1.069258310     0.109280425
     5.210000000     0.368580791     1.080262799     0.107526157
     5.220000000     0.367480974     1.091333141     0.105742369
     5.230000000     0.366542350     1.102545550     0.103932195
     5.240000000     0.365772729     1.113962363     0.102099447
     5.250000000     0.365184866     1.125625962     0.100248645
     5.260000000     0.364795882     1.137554515     0.098385024
     5.270000000     0.364626660     1.149740240     0.096514532
     5.280000000     0.364701215     1.162150422     0.094643805
     5.290000000     0.365046046     1.174730968     0.092780137
     5.300000000     0.365689495     1.187411934     0.090931421
     5.310000000     0.366661102     1.200114281     0.089106081
     5.320000000     0.367990972     1.212757133     0.087312991
     5.330000000     0.369709161     1.225264808     0.085561374
     5.340000000     0.371845083     1.237573040     0.083860696
     5.350000000     0.374426929     1.249633860     0.082220547
     5.360000000     0.377481130     1.261418750     0.080650520
     5.370000000     0.381031824     1.272919843     0.079160079
     5.380000000     0.385100368     1.284149099     0.077758438
     5.390000000     0.389704871     1.295135617     0.076454431
     5.400000000     0.394859756     1.305921387     0.075256399
     5.410000000     0.400575357     1.316555891     0.074172078
     5.420000000     0.406857556     1.327090042     0.073208501
     5.430000000     0.413707455     1.337569982     0.072371922
     5.440000000     0.421121104     1.348031263     0.071667745
     5.450000000     0.429089279     1.358493937     0.071100481
     5.460000000     0.437597327     1.368958950     0.070673721
     5.470000000     0.446625083     1.379406127     0.070390127
     5.480000000     0.456146873     1.389793814     0.070251450
     5.490000000     0.466131600     1.400060093     0.070258558
     5.500000000     0.476542941     1.410125404     0.070411495
     5.510000000     0.487339637     1.419896384     0.070709540
     5.520000000     0.498475901     1.429270721     0.071151295
     5.530000000     0.509901930     1.438142860     0.071734778
     5.540000000     0.521564534     1.446410316     0.072457522
     5.550000000     0.533407859     1.453980265     0.073316684
     5.560000000     0.545374208     1.460775934     0.074309149
     5.570000000     0.557404949     1.466742180     0.075431639
     5.580000000     0.569441480     1.471849595     0.076680810
     5.590000000     0.581426246     1.476096518     0.078053341
     5.600000000     0.593303780     1.479508569     0.079546015
     5.610000000     0.605021740     1.482135719     0.081155782
     5.620000000     0.616531927     1.484047295     0.082879803
     5.630000000     0.627791246     1.485325753     0.084715483
     5.640000000     0.638762591     1.486060258     0.086660477
     5.650000000     0.649415630     1.486341085     0.088712684
     5.660000000     0.659727454     1.486255649     0.090870220
     5.670000000     0.669683095     1.485886560     0.093131373
     5.680000000     0.679275862     1.485311660     0.095494541
     5.690000000     0.688507516     1.484605531     0.097958162
     5.700000000     0.697388245     1.483841619     0.100520633
     5.710000000     0.705936456     1.483093919     0.103180217
     5.720000000     0.714178370     1.482437171     0.105934951
     5.730000000     0.722147440     1.481944918     0.108782558
     5.740000000     0.729883580     1.481685309     0.111720356
     5.750000000     0.737432242     1.481715306     0.114745181
     5.760000000     0.744843346     1.482074545     0.117853321
     5.770000000     0.752170090     1.482780407     0.121040460
     5.780000000     0.759467660     1.483825700     0.124301648
     5.790000000     0.766791876     1.485179775     0.127631283
     5.800000000     0.774197797     1.486793107     0.131023119
     5.810000000     0.781738316     1.488604512     0.134470297
     5.820000000     0.789462786     1.490549563     0.137965391
     5.830000000     0.797415692     1.492568454     0.141500488
     5.840000000     0.805635418     1.494611710     0.145067278
     5.850000000     0.814153121     1.496642632     0.148657168
     5.860000000     0.822991752     1.498636141     0.152261409
     5.870000000     0.832165244     1.500574511     0.155871240
     5.880000000     0.841677884     1.502441081     0.159478038
     5.890000000     0.851523890     1.504213390     0.163073473
     5.900000000     0.861687211     1.505857088     0.166649668
     5.910000000     0.872141541     1.507321672     0.170199350
     5.920000000     0.882850573     1.508538609     0.173715999
     5.930000000     0.893768467     1.509421994     0.177193981
     5.940000000     0.904840547     1.509871542     0.180628670
     5.950000000     0.916004192     1.509777537     0.184016546
     5.960000000     0.927189923     1.509027228     0.187355276
     5.970000000     0.938322647     1.507512166     0.190643763
     5.980000000     0.949323039     1.505135914     0.193882179
     5.990000000     0.960109028     1.501821544     0.197071962
     6.000000000     0.970597360     1.497518324     0.200215786
     6.010000000     0.980705182     1.492206983     0.203317506
     6.020000000     0.990351640     1.485902991     0.206382075
     6.030000000     0.999459420     1.478657434     0.209415435
     6.040000000     1.007956227     1.470555247     0.212424380
     6.050000000     1.015776133     1.461710841     0.215416412
     6.060000000     1.022860802     1.452261501     0.218399560
     6.070000000     1.029160522     1.442359235     0.221382207
     6.080000000     1.034635058     1.432162018     0.224372889
     6.090000000     1.039254275     1.421825461     0.227380097
     6.100000000     1.042998549     1.411495824     0.230412081
     6.110000000     1.045858939     1.401304973     0.233476651
     6.120000000     1.047837123     1.391367482     0.236580985
     6.130000000     1.048945119     1.381779631     0.239731457
     6.140000000     1.049204786     1.372619831     0.242933468
     6.150000000     1.048647134     1.363949835     0.246191309
     6.160000000     1.047311456     1.355816225     0.249508035
     6.170000000     1.045244330     1.348251765     0.252885369
     6.180000000     1.042498485     1.341276459     0.256323630
     6.190000000     1.039131606     1.334898251     0.259821692
     6.200000000     1.035205070     1.329113487     0.263376968
     6.210000000     1.030782674     1.323907326     0.266985429
     6.220000000     1.025929380     1.319254299     0.270641641
     6.230000000     1.020710095     1.315119238     0.274338846
     6.240000000     1.015188529     1.311458675     0.278069051
     6.250000000     1.009426147     1.308222703     0.281823159
     6.260000000     1.003481233     1.305357185     0.285591111
     6.270000000     0.997408083     1.302806100     0.289362050
     6.280000000     0.991256346     1.300513835     0.293124502
     6.290000000     0.985070503     1.298427279     0.296866570
     6.300000000     0.978889499     1.296497616     0.300576135
     6.310000000     0.972746521     1.294681808     0.304241063
     6.320000000     0.966668916     1.292943714     0.307849408
     6.330000000     0.960678241     1.291254819     0.311389624
     6.340000000     0.954790432     1.289594515     0.314850753
     6.350000000     0.949016077     1.287949908     0.318222615
     6.360000000     0.943360779     1.286315174     0.321495979
     6.370000000     0.937825595     1.284690516     0.324662718
     6.380000000     0.932407526     1.283080856     0.327715936
     6.390000000     0.927100051     1.281494386     0.330650090
     6.400000000     0.921893686     1.279941139     0.333461064
     6.410000000     0.916776544     1.278431711     0.336146240
     6.420000000     0.911734908     1.276976230     0.338704526
     6.430000000     0.906753767     1.275583648     0.341136369
     6.440000000     0.901817349     1.274261360     0.343443732
     6.450000000     0.896909602     1.273015115     0.345630055
     6.460000000     0.892014645     1.271849161     0.347700186
     6.470000000     0.887117180     1.270766539     0.349660291
     6.480000000     0.882202840     1.269769449     0.351517753
     6.490000000     0.877258509     1.268859629     0.353281040
     6.500000000     0.872272578     1.268038708     0.354959573
     6.510000000     0.867235164     1.267308537     0.356563577
     6.520000000     0.862138272     1.266671520     0.358103924
     6.530000000     0.856975922     1.266130996     0.359591983
     6.540000000     0.851744231     1.265691669     0.361039453
     6.550000000     0.846441455     1.265360079     0.362458216
     6.560000000     0.841067994     1.265145008     0.363860186
     6.570000000     0.835626370     1.265057701     0.365257170
     6.580000000     0.830121167     1.265111747     0.366660741
     6.590000000     0.824558944     1.265322553     0.368082126
     6.600000000     0.818948131     1.265706401     0.369532101
     6.610000000     0.813298890     1.266279230     0.371020912
     6.620000000     0.807622963     1.267055348     0.372558209
     6.630000000     0.801933497     1.268046313     0.374152988
     6.640000000     0.796244855     1.269260203     0.375813565
     6.650000000     0.790572410     1.270701365     0.377547552
     6.660000000     0.784932326     1.272370631     0.379361850
     6.670000000     0.779341327     1.274265894     0.381262661
     6.680000000     0.773816463     1.276382874     0.383255503
     6.690000000     0.768374863     1.278715916     0.385345235
     6.700000000     0.763033485     1.281258720     0.387536090
     6.710000000     0.757808875     1.284004932     0.389831716
     6.720000000     0.752716913     1.286948594     0.392235209
     6.730000000     0.747772579     1.290084411     0.394749151
     6.740000000     0.742989718     1.293407831     0.397375653
     6.750000000     0.738380826     1.296914895     0.400116377
     6.760000000     0.733956845     1.300601823     0.402972568
     6.770000000     0.729726980     1.304464364     0.405945070
     6.780000000     0.725698545     1.308496964     0.409034340
     6.790000000     0.721876827     1.312691874     0.412240446
     6.800000000     0.718264984     1.317038361     0.415563061
     6.810000000     0.714863977     1.321522195     0.419001451
     6.820000000     0.711672533     1.326125542     0.422554450
     6.830000000     0.708687150     1.330827358     0.426220429
     6.840000000     0.705902130     1.335604267     0.429997260
     6.850000000     0.703309665     1.340431838     0.433882278
     6.860000000     0.700899948     1.345286124     0.437872235
     6.870000000     0.698661333     1.350145239     0.441963254
     6.880000000     0.696580522     1.354990783     0.446150791
     6.890000000     0.694642797     1.359808907     0.450429590
     6.900000000     0.692832276     1.364590866     0.454793650
     6.910000000     0.691132201     1.369332993     0.459236194
     6.920000000     0.689525256     1.374036150     0.463749652
     6.930000000     0.687993897     1.378704771     0.468325649
     6.940000000     0.686520708     1.383345753     0.472955003
     6.950000000     0.685088762     1.387967415     0.477627743
     6.960000000     0.683681991     1.392578745     0.482333134
     6.970000000     0.682285559     1.397189011     0.487059710
     6.980000000     0.680886231     1.401807746     0.491795331
     6.990000000     0.679472730     1.406444979     0.496527244
     7.000000000     0.678036089     1.411111597     0.501242156
     7.010000000     0.676569976     1.415819722     0.505926320
     7.020000000     0.675071003     1.420583027     0.510565626
     7.030000000     0.673539017     1.425417006     0.515145699
     7.040000000     0.671977349     1.430339183     0.519652002
     7.050000000     0.670393046     1.435369274     0.524069941
     7.060000000     0.668797068     1.440529244     0.528384969
     7.070000000     0.667204451     1.445843183     0.532582685
     7.080000000     0.665634439     1.451336916     0.536648934
     7.090000000     0.664110581     1.457037258     0.540569894
     7.100000000     0.662660795     1.462970926     0.544332155
     7.110000000     0.661317397     1.469163169     0.547922791
     7.120000000     0.660117097     1.475636299     0.551329414
     7.130000000     0.659100961     1.482408324     0.554540219
     7.140000000     0.658314336     1.489491915     0.557544013
     7.150000000     0.657806740     1.496893877     0.560330235
     7.160000000     0.657631713     1.504615199     0.562888952
     7.170000000     0.657846633     1.512651641     0.565210857
     7.180000000     0.658512481     1.520994732     0.567287239
     7.190000000     0.659693567     1.529632985     0.569109957
     7.200000000     0.661457198     1.538553104     0.570671395
     7.210000000     0.663873297     1.547741013     0.571964422
     7.220000000     0.667013958     1.557182566     0.572982334
     7.230000000     0.670952928     1.566863875     0.573718809
     7.240000000     0.675765031     1.576771269     0.574167854
     7.250000000     0.681525499     1.586890936     0.574323758
     7.260000000     0.688309230     1.597208331     0.574181057
     7.270000000     0.696189958     1.607707457     0.573734499
     7.280000000     0.705239336     1.618370141     0.572979028
     7.290000000     0.715525929     1.629175389     0.571909772
     7.300000000     0.727114125     1.640098877     0.570522055
     7.310000000     0.740062960     1.651112602     0.568811416
     7.320000000     0.754424877     1.662184609     0.566773646
     7.330000000     0.770244415     1.673278710     0.564404838
     7.340000000     0.787556856     1.684354056     0.561701460
     7.350000000     0.806386840     1.695364477     0.558660426
     7.360000000     0.826746973     1.706257562     0.555279193
     7.370000000     0.848636449     1.716973566     0.551555861
     7.380000000     0.872039718     1.727444319     0.547489278
     7.390000000     0.896925233     1.737592360     0.543079154
     7.400000000     0.923244297     1.747330483     0.538326176
     7.410000000     0.950930059     1.756561832     0.533232112
     7.420000000     0.979896684     1.765180538     0.527799921
     7.430000000     1.010038736     1.773072814     0.522033846
     7.440000000     1.041230807     1.780118363     0.515939498
     7.450000000     1.073327419     1.786191984     0.509523922
     7.460000000     1.106163242     1.791165291     0.502795648
     7.470000000     1.139553625     1.794908558     0.495764718
     7.480000000     1.173295494     1.797292745     0.488442695
     7.490000000     1.207168594     1.798191762     0.480842641
     7.500000000     1.240937110     1.797485065     0.472979080
     7.510000000     1.274351642     1.795060596     0.464867928
     7.520000000     1.307151543     1.790818110     0.456526406
     7.530000000     1.339067583     1.784672834     0.447972922
     7.540000000     1.369824925     1.776559413     0.439226938
     7.550000000     1.399146370     1.766435994     0.430308817
     7.560000000     1.426755832     1.754288220     0.421239649
     7.570000000     1.452381983     1.740132809     0.412041068
     7.580000000     1.475762022     1.724020353     0.402735056
     7.590000000     1.496645490     1.706036937     0.393343745
     7.600000000     1.514798086     1.686304330     0.383889208
     7.610000000     1.530005390     1.664978680     0.374393258
     7.620000000     1.542076440     1.642247965     0.364877252
     7.630000000     1.550847090     1.618328700     0.355361897
     7.640000000     1.556183085     1.593462568     0.345867074
     7.650000000     1.557982783     1.567913625     0.336411673
     7.660000000     1.556179488     1.541966484     0.327013452
     7.670000000     1.550743325     1.515925444     0.317688902
     7.680000000     1.541682638     1.490114050     0.308453153
     7.690000000     1.529044874     1.464874084     0.299319886
     7.700000000     1.512916936     1.440562791     0.290301276
     7.710000000     1.493425007     1.417547265     0.281407964
     7.720000000     1.470733845     1.396195448     0.272649043
     7.730000000     1.445045560     1.376864077     0.264032076
     7.740000000     1.416597921     1.359884797     0.255563132
     7.750000000     1.385662202     1.345550357     0.247246841
     7.760000000     1.352540638     1.334102960     0.239086479
     7.770000000     1.317563516     1.325726463     0.231084054
     7.780000000     1.281085980     1.320543249     0.223240420
     7.790000000     1.243484593     1.318615641     0.215555397
     7.800000000     1.205153727     1.319950901     0.208027901
     7.810000000     1.166501821     1.324508494     0.200656082
     7.820000000     1.127947593     1.332208312     0.193437464
     7.830000000     1.089916224     1.342938910     0.186369090
     7.840000000     1.052835594     1.356565200     0.179447661
     7.850000000     1.017132580     1.372935344     0.172669670
     7.860000000     0.983229476     1.391886765     0.166031540
     7.870000000     0.951540543     1.413251219     0.159529739
     7.880000000     0.922468717     1.436858837     0.153160895
     7.890000000     0.896402485     1.462541106     0.146921894
     7.900000000     0.873712941     1.490132745     0.140809970
     7.910000000     0.854751012     1.519472547     0.134822771
     7.920000000     0.839844868     1.550403327     0.128958420
     7.930000000     0.829297506     1.582771109     0.123215557
     7.940000000     0.823384504     1.616423718     0.117593359
     7.950000000     0.822351954     1.651208839     0.112091557
     7.960000000     0.826414571     1.686971591     0.106710424
     7.970000000     0.835753987     1.723551581     0.101450762
     7.980000000     0.850517254     1.760779474     0.096313864
     7.990000000     0.870815572     1.798473110     0.091301471
     8.000000000     0.896723283     1.836433352     0.086415717
     8.010000000     0.928277160     1.874439918     0.081659065
     8.020000000     0.965476048     1.912247613     0.077034231
     8.030000000     1.008280900     1.949583505     0.072544108
     8.040000000     1.056615276     1.986145764     0.068191685
     8.050000000     1.110366339     2.021605031     0.063979964
     8.060000000     1.169386425     2.055609283     0.059911871
     8.070000000     1.233495208     2.087793036     0.055990181
     8.080000000     1.302482500     2.117791375     0.052217434
     8.090000000     1.376111695     2.145258472     0.048595862
     8.100000000     1.454123855     2.169888947     0.045127324
     8.110000000     1.536242391     2.191438817     0.041813244
     8.120000000     1.622178276     2.209741147     0.038654562
     8.130000000     1.711635696     2.224710626     0.035651690
     8.140000000     1.804317992     2.236331944     0.032804483
     8.150000000     1.899933744     2.244629492     0.030112216
     8.160000000     1.998202776     2.249620556     0.027573578
     8.170000000     2.098861867     2.251259570     0.025186664
     8.180000000     2.201669917     2.249385476     0.022948996
     8.190000000     2.306412308     2.243686076     0.020857532
     8.200000000     2.412904187     2.233691754     0.018908700
     8.210000000     2.520992430     2.218806510     0.017098434
     8.220000000     2.630556048     2.198378100     0.015422217
     8.230000000     2.741504844     2.171802424     0.013875125
     8.240000000     2.853776176     2.138650671     0.012451887
     8.250000000     2.967329758     2.098801536     0.011146935
     8.260000000     3.082140489     2.052555680     0.009954465
     8.270000000     3.198189391     2.000707056     0.008868498
     8.280000000     3.315452851     1.944548160     0.007882933
     8.290000000     3.433890415     1.885795446     0.006991607
     8.300000000     3.553431511     1.826436706     0.006188353
     8.310000000     3.673961540     1.768520465     0.005467043
     8.320000000     3.795307867     1.713922111     0.004821646
     8.330000000     3.917226267     1.664126919     0.004246262
     8.340000000     4.039388464     1.620063891     0.003735165
     8.350000000     4.161371379     1.582009290     0.003282835
     8.360000000     4.282648683     1.549561002     0.002883986
     8.370000000     4.402585249     1.521670641     0.002533590
     8.380000000     4.520434982     1.496713370     0.002226890
     8.390000000     4.635342423     1.472575840     0.001959418
     8.400000000     4.746348413     1.446748345     0.001726998
     8.410000000     4.852399949     1.416415248     0.001525753
     8.420000000     4.952364193     1.378545577     0.001352103
     8.430000000     5.045046471     1.329991931     0.001202761
     8.440000000     5.129211879     1.267609473     0.001074726
     8.450000000     5.203610011     1.188407446     0.000965275
     8.460000000     5.267002124     1.089742300     0.000871950
     8.470000000     5.318189983     0.969553669     0.000792543
     8.480000000     5.356045488     0.826631583     0.000725088
     8.490000000     5.379540154     0.660886534     0.000667838
     8.500000000     5.387773476     0.473576932     0.000619254
     8.510000000     5.379999224     0.267437028     0.000577986
     8.520000000     5.355648756     0.046650301     0.000542859
     8.530000000     5.314350543    -0.183366069     0.000512857
     8.540000000     5.255945210    -0.416361652     0.000487107
     8.550000000     5.180495538    -0.645787854     0.000464864
     8.560000000     5.088291067    -0.865379595     0.000445497
     8.570000000     4.979847101    -1.069681691     0.000428475
     8.580000000     4.855898129    -1.254433985     0.000413358
     8.590000000     4.717385861    -1.416768391     0.000399780
     8.600000000     4.565442249    -1.555217230     0.000387443
     8.610000000     4.401368046    -1.669569800     0.000376106
     8.620000000     4.226607585    -1.760633529     0.000365573
     8.630000000     4.042720564    -1.829957155     0.000355692
     8.640000000     3.851351720    -1.879561785     0.000346340
     8.650000000     3.654199304    -1.911708990     0.000337424
     8.660000000     3.452983274    -1.928719244     0.000328871
     8.670000000     3.249414113    -1.932842112     0.000320626
     8.680000000     3.045163092    -1.926172393     0.000312644
     8.690000000     2.841834751    -1.910603206     0.000304895
     8.700000000     2.640942210    -1.887806445     0.000297353
     8.710000000     2.443885858    -1.859232076     0.000289998
     8.720000000     2.251935762    -1.826119339     0.000282815
     8.730000000     2.066218061    -1.789514691     0.000275790
     8.740000000     1.887705424    -1.750292839     0.000268912
     8.750000000     1.717211531    -1.709178466     0.000262171
     8.760000000     1.555389430    -1.666767161     0.000255558
     8.770000000     1.402733493    -1.623544725     0.000249066
     8.780000000     1.259584615    -1.579904468     0.000242688
     8.790000000     1.126138234    -1.536162387     0.000236418
     8.800000000     1.002454715    -1.492570261     0.000230251
     8.810000000     0.888471578    -1.449326820     0.000224183
     8.820000000     0.784017093    -1.406587164     0.000218213
     8.830000000     0.688824736    -1.364470646     0.000212340
     8.840000000     0.602548057    -1.323067419     0.000206563
     8.850000000     0.524775524    -1.282443851     0.000200885
     8.860000000     0.455044983    -1.242646980     0.000195308
     8.870000000     0.392857410    -1.203708189     0.000189834
     8.880000000     0.337689712    -1.165646211     0.000184470
     8.890000000     0.289006369    -1.128469607     0.000179217
     8.900000000     0.246269788    -1.092178798     0.000174083
     8.910000000     0.208949301    -1.056767729     0.000169070
     8.920000000     0.176528765    -1.022225244     0.000164184
     8.930000000     0.148512794    -0.988536200     0.000159428
     8.940000000     0.124431668    -0.955682390     0.000154806
     8.950000000     0.103845018    -0.923643293     0.000150322
     8.960000000     0.086344379    -0.892396685     0.000145977
     8.970000000     0.071554745    -0.861919132     0.000141775
     8.980000000     0.059135261    -0.832186401     0.000137717
     8.990000000     0.048779168    -0.803173775     0.000133805
     9.000000000     0.040213158    -0.774856324     0.000130043
     9.010000000     0.033196249    -0.747209108     0.000126431
     9.020000000     0.027518301    -0.720207345     0.000122973
     9.030000000     0.022998275    -0.693826543     0.000119673
     9.040000000     0.019482337    -0.668042608     0.000116535
     9.050000000     0.016841860    -0.642831920     0.000113566
     9.060000000     0.014971416    -0.618171404     0.000110771
     9.070000000     0.013786781    -0.594038576     0.000108159
     9.080000000     0.013222997    -0.570411592     0.000105737
     9.090000000     0.013232513    -0.547269277     0.000103514
     9.100000000     0.013783422    -0.524591164     0.000101502
     9.110000000     0.014857775    -0.502357521     0.000099708
     9.120000000     0.016449992    -0.480549391     0.000098143
     9.130000000     0.018565339    -0.459148623     0.000096816
     9.140000000     0.021218462    -0.438137928     0.000095735
     9.150000000     0.024431959    -0.417500929     0.000094906
     9.160000000     0.028234965    -0.397222241     0.000094334
     9.170000000     0.032661739    -0.377287553     0.000094022
     9.180000000     0.037750219    -0.357683751     0.000093969
     9.190000000     0.043540556    -0.338399053     0.000094173
     9.200000000     0.050073590    -0.319423192     0.000094627
     9.210000000     0.057389281    -0.300747630     0.000095323
     9.220000000     0.065525088    -0.282365839     0.000096247
     9.230000000     0.074514313    -0.264273624     0.000097385
     9.240000000     0.084384410    -0.246469540     0.000098718
     9.250000000     0.095155305    -0.228955385     0.000100223
     9.260000000     0.106837726    -0.211736808     0.000101876
     9.270000000     0.119431612    -0.194824031     0.000103651
     9.280000000     0.132924609    -0.178232723     0.000105518
     9.290000000     0.147290721    -0.161985039     0.000107448
     9.300000000     0.162489156    -0.146110835     0.000109408
     9.310000000     0.178463410    -0.130649094     0.000111367
     9.320000000     0.195140637    -0.115649547     0.000113292
     9.330000000     0.212431358    -0.101174501     0.000115151
     9.340000000     0.230229526    -0.087300825     0.000116912
     9.350000000     0.248413004    -0.074122016     0.000118545
     9.360000000     0.266844446    -0.061750221     0.000120020
     9.370000000     0.285372615    -0.050317969     0.000121312
     9.380000000     0.303834123    -0.039979286     0.000122395
     9.390000000     0.322055571    -0.030909695     0.000123246
     9.400000000     0.339856071    -0.023304449     0.000123845
     9.410000000     0.357050092    -0.017374181     0.000124174
     9.420000000     0.373450578    -0.013337047     0.000124221
     9.430000000     0.388872267    -0.011406486     0.000123972
     9.440000000     0.403135129    -0.011773992     0.000123421
     9.450000000     0.416067834    -0.014586978     0.000122561
     9.460000000     0.427511164    -0.019922897     0.000121391
     9.470000000     0.437321263    -0.027762326     0.000119913
     9.480000000     0.445372647    -0.037965324     0.000118130
     9.490000000     0.451560867    -0.050256542     0.000116050
     9.500000000     0.455804769    -0.064224601     0.000113682
     9.510000000     0.458048262    -0.079339464     0.000111041
     9.520000000     0.458261552    -0.094988068     0.000108141
     9.530000000     0.456441801    -0.110523955     0.000105000
     9.540000000     0.452613189    -0.125322836     0.000101638
     9.550000000     0.446826380    -0.138834236     0.000098079
     9.560000000     0.439157406    -0.150620557     0.000094344
     9.570000000     0.429706004    -0.160378404     0.000090460
     9.580000000     0.418593459    -0.167941517     0.000086452
     9.590000000     0.405960013    -0.173268450     0.000082348
     9.600000000     0.391961925    -0.176420285     0.000078174
     9.610000000     0.376768262    -0.177534000     0.000073958
     9.620000000     0.360557509    -0.176796098     0.000069727
     9.630000000     0.343514111    -0.174419549     0.000065507
     9.640000000     0.325825014    -0.170625501     0.000061323
     9.650000000     0.307676316    -0.165630034     0.000057199
     9.660000000     0.289250098    -0.159635458     0.000053158
     9.670000000     0.270721512    -0.152825317     0.000049220
     9.680000000     0.252256184    -0.145362153     0.000045403
     9.690000000     0.234007987    -0.137387210     0.000041724
     9.700000000     0.216117205    -0.129021364     0.000038197
     9.710000000     0.198709123    -0.120366775     0.000034834
     9.720000000     0.181893037    -0.111508871     0.000031643
     9.730000000     0.165761682    -0.102518432     0.000028632
     9.740000000     0.150391060    -0.093453618     0.000025805
     9.750000000     0.135840633    -0.084361834     0.000023165
     9.760000000     0.122153855    -0.075281419     0.000020712
     9.770000000     0.109358982    -0.066243118     0.000018444
     9.780000000     0.097470130    -0.057271360     0.000016357
     9.790000000     0.086488513    -0.048385340     0.000014448
     9.800000000     0.076403829    -0.039599947     0.000012710
     9.810000000     0.067195721    -0.030926527     0.000011135
     9.820000000     0.058835292    -0.022373531     0.000009715
     9.830000000     0.051286612    -0.013947053     0.000008442
     9.840000000     0.044508188    -0.005651265     0.000007306
     9.850000000     0.038454363     0.002511207     0.000006298
     9.860000000     0.033076620     0.010538990     0.000005408
     9.870000000     0.028324773     0.018431711     0.000004627
     9.880000000     0.024148021     0.026189793     0.000003946
     9.890000000     0.020495875     0.033814290     0.000003355
     9.900000000     0.017318935     0.041306751     0.000002846
     9.910000000     0.014569535     0.048669104     0.000002412
     9.920000000     0.012202253     0.055903570     0.000002044
     9.930000000     0.010174291     0.063012584     0.000001737
     9.940000000     0.008445747     0.069998737     0.000001486
     9.950000000     0.006979781     0.076864727     0.000001283
     9.960000000     0.005742689     0.083613319     0.000001127
     9.970000000     0.004703906     0.090247313     0.000001013
     9.980000000     0.003835940     0.096769519     0.000000938
     9.990000000     0.003114259     0.103182738     0.000000901
    10.000000000     0.002517141     0.109489741     0.000000901
    10.010000000     0.002025490     0.115693263     0.000000938
    10.020000000     0.001622641     0.121795990     0.000001013
    10.030000000     0.001294150     0.127800551     0.000001127
    10.040000000     0.001027582     0.133709516     0.000001283
    10.050000000     0.000812303     0.139525387     0.000001483
    10.060000000     0.000639278     0.145250600     0.000001732
    10.070000000     0.000500877     0.150887523     0.000002034
    10.080000000     0.000390699     0.156438451     0.000002395
    10.090000000     0.000303406     0.161905613     0.000002820
    10.100000000     0.000234571     0.167291166     0.000003316
    10.110000000     0.000180549     0.172597199     0.000003890
    10.120000000     0.000138352     0.177825732     0.000004549
    10.130000000     0.000105547     0.182978723     0.000005301
    10.140000000     0.000080164     0.188058062     0.000006153
    10.150000000     0.000060615     0.193065576     0.000007114
    10.160000000     0.000045630     0.198003035     0.000008190
    10.170000000     0.000034198     0.202872147     0.000009389
    10.180000000     0.000025516     0.207674564     0.000010716
    10.190000000     0.000018954     0.212411881     0.000012177
    10.200000000     0.000014017     0.217085643     0.000013777
    10.210000000     0.000010321     0.221697343     0.000015519
    10.220000000     0.000007565     0.226248422     0.000017404
    10.230000000     0.000005521     0.230740276     0.000019431
    10.240000000     0.000004012     0.235174256     0.000021599
    10.250000000     0.000002902     0.239551666     0.000023901
    10.260000000     0.000002091     0.243873769     0.000026333
    10.270000000     0.000001500     0.248141790     0.000028882
    10.280000000     0.000001071     0.252356910     0.000031539
    10.290000000     0.000000762     0.256520277     0.000034287
    10.300000000     0.000000541     0.260632999     0.000037109
    10.310000000     0.000000382     0.264696152     0.000039985
    10.320000000     0.000000269     0.268710778     0.000042893
    10.330000000     0.000000190     0.272677887     0.000045809
    10.340000000     0.000000133     0.276598457     0.000048706
    10.350000000     0.000000094     0.280473438     0.000051556
    10.360000000     0.000000067     0.284303750     0.000054331
    10.370000000     0.000000048     0.288090287     0.000057002
    10.380000000     0.000000035     0.291833915     0.000059539
    10.390000000     0.000000026     0.295535477     0.000061913
    10.400000000     0.000000019     0.299195789     0.000064096
    10.410000000     0.000000015     0.302815646     0.000066062
    10.420000000     0.000000013     0.306395819     0.000067786
    10.430000000     0.000000011     0.309937056     0.000069246
    10.440000000     0.000000010     0.313440087     0.000070425
    10.450000000     0.000000009     0.316905620     0.000071306
    10.460000000     0.000000008     0.320334343     0.000071878
    10.470000000     0.000000008     0.323726928     0.000072133
    10.480000000     0.000000008     0.327084024     0.000072067
    10.490000000     0.000000007     0.330406269     0.000071683
    10.500000000     0.000000007     0.333694278     0.000070985
    10.510000000     0.000000007     0.336948653     0.000069981
    10.520000000     0.000000007     0.340169982     0.000068686
    10.530000000     0.000000007     0.343358833     0.000067116
    10.540000000     0.000000006     0.346515764     0.000065291
    10.550000000     0.000000006     0.349641316     0.000063234
    10.560000000     0.000000006     0.352736019     0.000060970
    10.570000000     0.000000006     0.355800386     0.000058526
    10.580000000     0.000000006     0.358834921     0.000055932
    10.590000000     0.000000005     0.361840114     0.000053215
    10.600000000     0.000000005     0.364816443     0.000050406
    10.610000000     0.000000005     0.367764375     0.000047533
    10.620000000     0.000000004     0.370684366     0.000044625
    10.630000000     0.000000004     0.373576860     0.000041710
    10.640000000     0.000000004     0.376442292     0.000038812
    10.650000000     0.000000004     0.379281086     0.000035955
    10.660000000     0.000000003     0.382093658     0.000033160
    10.670000000     0.000000003     0.384880410     0.000030448
    10.680000000     0.000000003     0.387641741     0.000027833
    10.690000000     0.000000002     0.390378036     0.000025330
    10.700000000     0.000000002     0.393089673     0.000022950
    10.710000000     0.000000002     0.395777023     0.000020701
    10.720000000     0.000000002     0.398440446     0.000018590
    10.730000000     0.000000002     0.401080298     0.000016620
    10.740000000     0.000000001     0.403696924     0.000014793
    10.750000000     0.000000001     0.406290662     0.000013108
    10.760000000     0.000000001     0.408861845     0.000011564
    10.770000000     0.000000001     0.411410795     0.000010156
    10.780000000     0.000000001     0.413937832     0.000008881
    10.790000000     0.000000001     0.416443266     0.000007731
    10.800000000     0.000000001     0.418927401     0.000006700
    10.810000000     0.000000001     0.421390536     0.000005780
    10.820000000     0.000000000     0.423832963     0.000004965
    10.830000000     0.000000000     0.426254967     0.000004246
    10.840000000     0.000000000     0.428656830     0.000003615
    10.850000000     0.000000000     0.431038827     0.000003064
    10.860000000     0.000000000     0.433401226     0.000002586
    10.870000000     0.000000000     0.435744292     0.000002172
    10.880000000     0.000000000     0.438068283     0.000001817
    10.890000000     0.000000000     0.440373454     0.000001513
    10.900000000     0.000000000     0.442660053     0.000001254
    10.910000000     0.000000000     0.444928325     0.000001035
    10.920000000     0.000000000     0.447178509     0.000000850
    10.930000000     0.000000000     0.449410840     0.000000696
    10.940000000     0.000000000     0.451625549     0.000000566
    10.950000000     0.000000000     0.453822862     0.000000459
    10.960000000     0.000000000     0.456003001     0.000000371
    10.970000000     0.000000000     0.458166183     0.000000298
    10.980000000     0.000000000     0.460312624     0.000000238
    10.990000000     0.000000000     0.462442532     0.000000190
    11.000000000     0.000000000     0.464556115     0.000000151
    11.010000000     0.000000000     0.466653575     0.000000119
    11.020000000     0.000000000     0.468735110     0.000000093
    11.030000000     0.000000000     0.470800916     0.000000073
    11.040000000     0.000000000     0.472851185     0.000000057
    11.050000000     0.000000000     0.474886106     0.000000044
    11.060000000     0.000000000     0.476905863     0.000000034
    11.070000000     0.000000000     0.478910640     0.000000026
    11.080000000     0.000000000     0.480900614     0.000000020
    11.090000000     0.000000000     0.482875962     0.000000015
    11.100000000     0.000000000     0.484836857     0.000000012
    11.110000000     0.000000000     0.486783467     0.000000009
    11.120000000     0.000000000     0.488715962     0.000000007
    11.130000000     0.000000000     0.490634504     0.000000005
    11.140000000     0.000000000     0.492539256     0.000000004
    11.150000000     0.000000000     0.494430375     0.000000003
    11.160000000     0.000000000     0.496308020     0.000000002
    11.170000000     0.000000000     0.498172342     0.000000001
    11.180000000     0.000000000     0.500023493     0.000000001
    11.190000000     0.000000000     0.501861622     0.000000001
    11.200000000     0.000000000     0.503686876     0.000000001
    11.210000000     0.000000000     0.505499398     0.000000000
    11.220000000     0.000000000     0.507299330     0.000000000
    11.230000000     0.000000000     0.509086811     0.000000000
    11.240000000     0.000000000     0.510861979     0.000000000
    11.250000000     0.000000000     0.512624968     0.000000000
    11.260000000     0.000000000     0.514375912     0.000000000
    11.270000000     0.000000000     0.516114941     0.000000000
    11.280000000     0.000000000     0.517842185     0.000000000
    11.290000000     0.000000000     0.519557771     0.000000000
    11.300000000     0.000000000     0.521261822     0.000000000
    11.310000000     0.000000000     0.522954463     0.000000000
    11.320000000     0.000000000     0.524635814     0.000000000
    11.330000000     0.000000000     0.526305996     0.000000000
    11.340000000     0.000000000     0.527965124     0.000000000
    11.350000000     0.000000000     0.529613316     0.000000000
    11.360000000     0.000000000     0.531250685     0.000000000
    11.370000000     0.000000000     0.532877344     0.000000000
    11.380000000     0.000000000     0.534493404     0.000000000
    11.390000000     0.000000000     0.536098973     0.000000000
    11.400000000     0.000000000     0.537694160     0.000000000
    11.410000000     0.000000000     0.539279069     0.000000000
    11.420000000     0.000000000     0.540853806     0.000000000
    11.430000000     0.000000000     0.542418474     0.000000000
    11.440000000     0.000000000     0.543973174     0.000000000
    11.450000000     0.000000000     0.545518006     0.000000000
    11.460000000     0.000000000     0.547053069     0.000000000
    11.470000000     0.000000000     0.548578460     0.000000000
    11.480000000     0.000000000     0.550094274     0.000000000
    11.490000000     0.000000000     0.551600607     0.000000000
    11.500000000     0.000000000     0.553097552     0.000000000
    11.510000000     0.000000000     0.554585200     0.000000000
    11.520000000     0.000000000     0.556063642     0.000000000
    11.530000000     0.000000000     0.557532967     0.000000000
    11.540000000     0.000000000     0.558993265     0.000000000
    11.550000000     0.000000000     0.560444621     0.000000000
    11.560000000     0.000000000     0.561887121     0.000000000
    11.570000000     0.000000000     0.563320851     0.000000000
    11.580000000     0.000000000     0.564745894     0.000000000
    11.590000000     0.000000000     0.566162331     0.000000000
    11.600000000     0.000000000     0.567570245     0.000000000
    11.610000000     0.000000000     0.568969715     0.000000000
    11.620000000     0.000000000     0.570360821     0.000000000
    11.630000000     0.000000000     0.571743641     0.000000000
    11.640000000     0.000000000     0.573118252     0.000000000
    11.650000000     0.000000000     0.574484729     0.000000000
    11.660000000     0.000000000     0.575843149     0.000000000
    11.670000000     0.000000000     0.577193585     0.000000000
    11.680000000     0.000000000     0.578536111     0.000000000
    11.690000000     0.000000000     0.579870798     0.000000000
    11.700000000     0.000000000     0.581197717     0.000000000
    11.710000000     0.000000000     0.582516940     0.000000000
    11.720000000     0.000000000     0.583828536     0.000000000
    11.730000000     0.000000000     0.585132574     0.000000000
    11.740000000     0.000000000     0.586429120     0.000000000
    11.750000000     0.000000000     0.587718243     0.000000000
    11.760000000     0.000000000     0.589000007     0.000000000
    11.770000000     0.000000000     0.590274479     0.000000000
    11.780000000     0.000000000     0.591541723     0.000000000
    11.790000000     0.000000000     0.592801803     0.000000000
    11.800000000     0.000000000     0.594054780     0.000000000
    11.810000000     0.000000000     0.595300719     0.000000000
    11.820000000     0.000000000     0.596539679     0.000000000
    11.830000000     0.000000000     0.597771721     0.000000000
    11.840000000     0.000000000     0.598996905     0.000000000
    11.850000000     0.000000000     0.600215291     0.000000000
    11.860000000     0.000000000     0.601426937     0.000000000
    11.870000000     0.000000000     0.602631900     0.000000000
    11.880000000     0.000000000     0.603830238     0.000000000
    11.890000000     0.000000000     0.605022006     0.000000000
    11.900000000     0.000000000     0.606207261     0.000000000
    11.910000000     0.000000000     0.607386058     0.000000000
    11.920000000     0.000000000     0.608558450     0.000000000
    11.930000000     0.000000000     0.609724493     0.000000000
    11.940000000     0.000000000     0.610884238     0.000000000
    11.950000000     0.000000000     0.612037738     0.000000000
    11.960000000     0.000000000     0.613185046     0.000000000
    11.970000000     0.000000000     0.614326212     0.000000000
    11.980000000     0.000000000     0.615461287     0.000000000
    11.990000000     0.000000000     0.616590322     0.000000000
    12.000000000     0.000000000     0.617713366     0.000000000
