     0.000000000     0.000000000     1.373885577     0.000000000
     0.010000000     0.000000000     1.373886919     0.000000000
     0.020000000     0.000000000     1.373890947     0.000000000
     0.030000000     0.000000000     1.373897660     0.000000000
     0.040000000     0.000000000     1.373907060     0.000000000
     0.050000000     0.000000000     1.373919145     0.000000000
     0.060000000     0.000000000     1.373933917     0.000000000
     0.070000000     0.000000000     1.373951377     0.000000000
     0.080000000     0.000000000     1.373971525     0.000000000
     0.090000000     0.000000000     1.373994363     0.000000000
     0.100000000     0.000000000     1.374019890     0.000000000
     0.110000000     0.000000000     1.374048110     0.000000000
     0.120000000     0.000000000     1.374079023     0.000000000
     0.130000000     0.000000000     1.374112630     0.000000000
     0.140000000     0.000000000     1.374148934     0.000000000
     0.150000000     0.000000000     1.374187935     0.000000000
     0.160000000     0.000000000     1.374229636     0.000000000
     0.170000000     0.000000000     1.374274039     0.000000000
     0.180000000     0.000000000     1.374321147     0.000000000
     0.190000000     0.000000000     1.374370960     0.000000000
     0.200000000     0.000000000     1.374423482     0.000000000
     0.210000000     0.000000000     1.374478716     0.000000000
     0.220000000     0.000000000     1.374536663     0.000000000
     0.230000000     0.000000000     1.374597327     0.000000000
     0.240000000     0.000000000     1.374660711     0.000000000
     0.250000000     0.000000000     1.374726818     0.000000000
     0.260000000     0.000000000     1.374795651     0.000000000
     0.270000000     0.000000000     1.374867213     0.000000000
     0.280000000     0.000000000     1.374941508     0.000000000
     0.290000000     0.000000000     1.375018540     0.000000000
     0.300000000     0.000000000     1.375098312     0.000000000
     0.310000000     0.000000000     1.375180828     0.000000000
     0.320000000     0.000000000     1.375266092     0.000000000
     0.330000000     0.000000000     1.375354109     0.000000000
     0.340000000     0.000000000     1.375444883     0.000000000
     0.350000000     0.000000000     1.375538417     0.000000000
     0.360000000     0.000000000     1.375634718     0.000000000
     0.370000000     0.000000000     1.375733789     0.000000000
     0.380000000     0.000000000     1.375835636     0.000000000
     0.390000000     0.000000000     1.375940263     0.000000000
     0.400000000     0.000000000     1.376047675     0.000000000
     0.410000000     0.000000000     1.376157879     0.000000000
     0.420000000     0.000000000     1.376270879     0.000000000
     0.430000000     0.000000000     1.376386681     0.000000000
     0.440000000     0.000000000     1.376505291     0.000000000
     0.450000000     0.000000000     1.376626714     0.000000000
     0.460000000     0.000000000     1.376750957     0.000000000
     0.470000000     0.000000000     1.376878026     0.000000000
     0.480000000     0.000000000     1.377007927     0.000000000
     0.490000000     0.000000000     1.377140667     0.000000000
     0.500000000     0.000000000     1.377276252     0.000000000
     0.510000000     0.000000000     1.377414690     0.000000000
     0.520000000     0.000000000     1.377555986     0.000000000
     0.530000000     0.000000000     1.377700149     0.000000000
     0.540000000     0.000000000     1.377847185     0.000000000
     0.550000000     0.000000000     1.377997102     0.000000000
     0.560000000     0.000000000     1.378149907     0.000000000
     0.570000000     0.000000000     1.378305609     0.000000000
     0.580000000     0.000000000     1.378464214     0.000000000
     0.590000000     0.000000000     1.378625732     0.000000000
     0.600000000     0.000000000     1.378790170     0.000000000
     0.610000000     0.000000000     1.378957537     0.000000000
     0.620000000     0.000000000     1.379127841     0.000000000
     0.630000000     0.000000000     1.379301091     0.000000000
     0.640000000     0.000000000     1.379477296     0.000000000
     0.650000000     0.000000000     1.379656464     0.000000000
     0.660000000     0.000000000     1.379838606     0.000000000
     0.670000000     0.000000000     1.380023730     0.000000000
     0.680000000     0.000000000     1.380211847     0.000000000
     0.690000000     0.000000000     1.380402965     0.000000000
     0.700000000     0.000000000     1.380597094     0.000000000
     0.710000000     0.000000000     1.380794246     0.000000000
     0.720000000     0.000000000     1.380994429     0.000000000
     0.730000000     0.000000000     1.381197655     0.000000000
     0.740000000     0.000000000     1.381403934     0.000000000
     0.750000000     0.000000000     1.381613277     0.000000000
     0.760000000     0.000000000     1.381825694     0.000000000
     0.770000000     0.000000000     1.382041198     0.000000000
     0.780000000     0.000000000     1.382259799     0.000000000
     0.790000000     0.000000000     1.382481509     0.000000000
     0.800000000     0.000000000     1.382706340     0.000000000
     0.810000000     0.000000000     1.382934304     0.000000000
     0.820000000     0.000000000     1.383165412     0.000000000
     0.830000000     0.000000000     1.383399678     0.000000000
     0.840000000     0.000000000     1.383637113     0.000000000
     0.850000000     0.000000000     1.383877731     0.000000000
     0.860000000     0.000000000     1.384121544     0.000000000
     0.870000000     0.000000000     1.384368566     0.000000000
     0.880000000     0.000000000     1.384618810     0.000000000
     0.890000000     0.000000000     1.384872289     0.000000000
     0.900000000     0.000000000     1.385129017     0.000000000
     0.910000000     0.000000000     1.385389009     0.000000000
     0.920000000     0.000000000     1.385652278     0.000000000
     0.930000000     0.000000000     1.385918840     0.000000000
     0.940000000     0.000000000     1.386188708     0.000000000
     0.950000000     0.000000000     1.386461897     0.000000000
     0.960000000     0.000000000     1.386738423     0.000000000
     0.970000000     0.000000000     1.387018301     0.000000000
     0.980000000     0.000000000     1.387301546     0.000000000
     0.990000000     0.000000000     1.387588175     0.000000000
     1.000000000     0.000000000     1.387878203     0.000000000
     1.010000000     0.000000000     1.388171647     0.000000000
     1.020000000     0.000000000     1.388468523     0.000000000
     1.030000000     0.000000000     1.388768848     0.000000000
     1.040000000     0.000000000     1.389072639     0.000000000
     1.050000000     0.000000000     1.389379913     0.000000000
     1.060000000     0.000000000     1.389690689     0.000000000
     1.070000000     0.000000000     1.390004983     0.000000000
     1.080000000     0.000000000     1.390322813     0.000000000
     1.090000000     0.000000000     1.390644199     0.000000000
     1.100000000     0.000000000     1.390969158     0.000000000
     1.110000000     0.000000000     1.391297710     0.000000000
     1.120000000     0.000000000     1.391629873     0.000000000
     1.130000000     0.000000000     1.391965668     0.000000000
     1.140000000     0.000000000     1.392305113     0.000000000
     1.150000000     0.000000000     1.392648229     0.000000000
     1.160000000     0.000000000     1.392995036     0.000000000
     1.170000000     0.000000000     1.393345555     0.000000000
     1.180000000     0.000000000     1.393699806     0.000000000
     1.190000000     0.000000000     1.394057811     0.000000000
     1.200000000     0.000000000     1.394419591     0.000000000
     1.210000000     0.000000000     1.394785167     0.000000000
     1.220000000     0.000000000     1.395154563     0.000000000
     1.230000000     0.000000000     1.395527800     0.000000000
     1.240000000     0.000000000     1.395904902     0.000000000
     1.250000000     0.000000000     1.396285891     0.000000000
     1.260000000     0.000000000     1.396670790     0.000000000
     1.270000000     0.000000000     1.397059624     0.000000000
     1.280000000     0.000000000     1.397452416     0.000000000
     1.290000000     0.000000000     1.397849192     0.000000000
     1.300000000     0.000000000     1.398249974     0.000000000
     1.310000000     0.000000000     1.398654790     0.000000000
     1.320000000     0.000000000     1.399063664     0.000000000
     1.330000000     0.000000000     1.399476623     0.000000000
     1.340000000     0.000000000     1.399893692     0.000000000
     1.350000000     0.000000000     1.400314898     0.000000000
     1.360000000     0.000000000     1.400740268     0.000000000
     1.370000000     0.000000000     1.401169829     0.000000000
     1.380000000     0.000000000     1.401603610     0.000000000
     1.390000000     0.000000000     1.402041639     0.000000000
     1.400000000     0.000000000     1.402483943     0.000000000
     1.410000000     0.000000000     1.402930552     0.000000000
     1.420000000     0.000000000     1.403381496     0.000000000
     1.430000000     0.000000000     1.403836805     0.000000000
     1.440000000     0.000000000     1.404296508     0.000000000
     1.450000000     0.000000000     1.404760636     0.000000000
     1.460000000     0.000000000     1.405229222     0.000000000
     1.470000000     0.000000000     1.405702295     0.000000000
     1.480000000     0.000000000     1.406179889     0.000000000
     1.490000000     0.000000000     1.406662035     0.000000000
     1.500000000     0.000000000     1.407148768     0.000000000
     1.510000000     0.000000000     1.407640120     0.000000000
     1.520000000     0.000000000     1.408136126     0.000000000
     1.530000000     0.000000000     1.408636820     0.000000000
     1.540000000     0.000000000     1.409142237     0.000000000
     1.550000000     0.000000000     1.409652413     0.000000000
     1.560000000     0.000000000     1.410167383     0.000000000
     1.570000000     0.000000000     1.410687185     0.000000000
     1.580000000     0.000000000     1.411211856     0.000000000
     1.590000000     0.000000000     1.411741433     0.000000000
     1.600000000     0.000000000     1.412275955     0.000000000
     1.610000000     0.000000000     1.412815460     0.000000000
     1.620000000     0.000000000     1.413359988     0.000000000
     1.630000000     0.000000000     1.413909579     0.000000000
     1.640000000     0.000000000     1.414464274     0.000000000
     1.650000000     0.000000000     1.415024113     0.000000000
     1.660000000     0.000000000     1.415589140     0.000000000
     1.670000000     0.000000000     1.416159396     0.000000000
     1.680000000     0.000000000     1.416734924     0.000000000
     1.690000000     0.000000000     1.417315769     0.000000000
     1.700000000     0.000000000     1.417901975     0.000000000
     1.710000000     0.000000000     1.418493587     0.000000000
     1.720000000     0.000000000     1.419090652     0.000000000
     1.730000000     0.000000000     1.419693215     0.000000000
     1.740000000     0.000000000     1.420301324     0.000000000
     1.750000000     0.000000000     1.420915027     0.000000000
     1.760000000     0.000000000     1.421534373     0.000000000
     1.770000000     0.000000000     1.422159412     0.000000000
     1.780000000     0.000000000     1.422790194     0.000000000
     1.790000000     0.000000000     1.423426770     0.000000000
     1.800000000     0.000000000     1.424069193     0.000000000
     1.810000000     0.000000000     1.424717515     0.000000000
     1.820000000     0.000000000     1.425371789     0.000000000
     1.830000000     0.000000000     1.426032071     0.000000000
     1.840000000     0.000000000     1.426698416     0.000000000
     1.850000000     0.000000000     1.427370880     0.000000000
     1.860000000     0.000000000     1.428049521     0.000000000
     1.870000000     0.000000000     1.428734396     0.000000000
     1.880000000     0.000000000     1.429425565     0.000000000
     1.890000000     0.000000000     1.430123088     0.000000000
     1.900000000     0.000000000     1.430827026     0.000000000
     1.910000000     0.000000000     1.431537441     0.000000000
     1.920000000     0.000000000     1.432254396     0.000000000
     1.930000000     0.000000000     1.432977956     0.000000000
     1.940000000     0.000000000     1.433708186     0.000000000
     1.950000000     0.000000000     1.434445153     0.000000000
     1.960000000     0.000000000     1.435188923     0.000000000
     1.970000000     0.000000000     1.435939566     0.000000000
     1.980000000     0.000000000     1.436697151     0.000000000
     1.990000000     0.000000000     1.437461750     0.000000000
     2.000000000     0.000000000     1.438233435     0.000000000
     2.010000000     0.000000000     1.439012279     0.000000000
     2.020000000     0.000000000     1.439798357     0.000000000
     2.030000000     0.000000000     1.440591746     0.000000000
     2.040000000     0.000000000     1.441392523     0.000000000
     2.050000000     0.000000000     1.442200767     0.000000000
     2.060000000     0.000000000     1.443016558     0.000000000
     2.070000000     0.000000000     1.443839978     0.000000000
     2.080000000     0.000000000     1.444671110     0.000000000
     2.090000000     0.000000000     1.445510039     0.000000000
     2.100000000     0.000000000     1.446356851     0.000000000
     2.110000000     0.000000000     1.447211634     0.000000000
     2.120000000     0.000000000     1.448074478     0.000000000
     2.130000000     0.000000000     1.448945473     0.000000000
     2.140000000     0.000000000     1.449824712     0.000000000
     2.150000000     0.000000000     1.450712291     0.000000000
     2.160000000     0.000000000     1.451608304     0.000000000
     2.170000000     0.000000000     1.452512851     0.000000000
     2.180000000     0.000000000     1.453426032     0.000000000
     2.190000000     0.000000000     1.454347948     0.000000000
     2.200000000     0.000000000     1.455278703     0.000000000
     2.210000000     0.000000000     1.456218403     0.000000000
     2.220000000     0.000000000     1.457167156     0.000000000
     2.230000000     0.000000000     1.458125073     0.000000000
     2.240000000     0.000000000     1.459092265     0.000000000
     2.250000000     0.000000000     1.460068848     0.000000000
     2.260000000     0.000000000     1.461054937     0.000000000
     2.270000000     0.000000000     1.462050652     0.000000000
     2.280000000     0.000000000     1.463056114     0.000000000
     2.290000000     0.000000000     1.464071448     0.000000000
     2.300000000     0.000000000     1.465096781     0.000000000
     2.310000000     0.000000000     1.466132240     0.000000000
     2.320000000     0.000000000     1.467177959     0.000000000
     2.330000000     0.000000000     1.468234072     0.000000000
     2.340000000     0.000000000     1.469300716     0.000000000
     2.350000000     0.000000000     1.470378031     0.000000000
     2.360000000     0.000000000     1.471466162     0.000000000
     2.370000000     0.000000000     1.472565254     0.000000000
     2.380000000     0.000000000     1.473675457     0.000000000
     2.390000000     0.000000000     1.474796924     0.000000000
     2.400000000     0.000000000     1.475929811     0.000000000
     2.410000000     0.000000000     1.477074278     0.000000000
     2.420000000     0.000000000     1.478230488     0.000000000
     2.430000000     0.000000000     1.479398608     0.000000000
     2.440000000     0.000000000     1.480578809     0.000000000
     2.450000000     0.000000000     1.481771265     0.000000000
     2.460000000     0.000000000     1.482976155     0.000000000
     2.470000000     0.000000000     1.484193662     0.000000000
     2.480000000     0.000000000     1.485423972     0.000000000
     2.490000000     0.000000000     1.486667277     0.000000000
     2.500000000     0.000000000     1.487923773     0.000000000
     2.510000000     0.000000000     1.489193659     0.000000000
     2.520000000     0.000000000     1.490477142     0.000000000
     2.530000000     0.000000000     1.491774432     0.000000000
     2.540000000     0.000000000     1.493085745     0.000000000
     2.550000000     0.000000000     1.494411300     0.000000000
     2.560000000     0.000000000     1.495751324     0.000000000
     2.570000000     0.000000000     1.497106049     0.000000000
     2.580000000     0.000000000     1.498475713     0.000000000
     2.590000000     0.000000000     1.499860560     0.000000000
     2.600000000     0.000000000     1.501260839     0.000000000
     2.610000000     0.000000001     1.502676806     0.000000000
     2.620000000     0.000000001     1.504108725     0.000000001
     2.630000000     0.000000001     1.505556866     0.000000001
     2.640000000     0.000000002     1.507021507     0.000000001
     2.650000000     0.000000003     1.508502930     0.000000002
     2.660000000     0.000000004     1.510001430     0.000000003
     2.670000000     0.000000006     1.511517305     0.000000004
     2.680000000     0.000000008     1.513050864     0.000000005
     2.690000000     0.000000011     1.514602424     0.000000008
     2.700000000     0.000000016     1.516172311     0.000000010
     2.710000000     0.000000022     1.517760860     0.000000014
     2.720000000     0.000000030     1.519368415     0.000000019
     2.730000000     0.000000042     1.520995330     0.000000026
     2.740000000     0.000000057     1.522641969     0.000000036
     2.750000000     0.000000078     1.524308707     0.000000048
     2.760000000     0.000000106     1.525995932     0.000000065
     2.770000000     0.000000144     1.527704039     0.000000087
     2.780000000     0.000000195     1.529433438     0.000000115
     2.790000000     0.000000262     1.531184551     0.000000152
     2.800000000     0.000000352     1.532957813     0.000000201
     2.810000000     0.000000471     1.534753670     0.000000264
     2.820000000     0.000000627     1.536572585     0.000000345
     2.830000000     0.000000833     1.538415033     0.000000449
     2.840000000     0.000001103     1.540281505     0.000000582
     2.850000000     0.000001455     1.542172508     0.000000751
     2.860000000     0.000001914     1.544088564     0.000000965
     2.870000000     0.000002509     1.546030212     0.000001235
     2.880000000     0.000003279     1.547998009     0.000001573
     2.890000000     0.000004271     1.549992531     0.000001996
     2.900000000     0.000005546     1.552014370     0.000002520
     2.910000000     0.000007181     1.554064140     0.000003170
     2.920000000     0.000009268     1.556142476     0.000003969
     2.930000000     0.000011925     1.558250031     0.000004950
     2.940000000     0.000015299     1.560387483     0.000006146
     2.950000000     0.000019568     1.562555533     0.000007598
     2.960000000     0.000024954     1.564754903     0.000009354
     2.970000000     0.000031727     1.566986342     0.000011467
     2.980000000     0.000040219     1.569250623     0.000013999
     2.990000000     0.000050832     1.571548548     0.000017017
     3.000000000     0.000064056     1.573880943     0.000020599
     3.010000000     0.000080479     1.576248665     0.000024831
     3.020000000     0.000100812     1.578652598     0.000029808
     3.030000000     0.000125905     1.581093658     0.000035634
     3.040000000     0.000156770     1.583572790     0.000042422
     3.050000000     0.000194611     1.586090973     0.000050295
     3.060000000     0.000240852     1.588649214     0.000059386
     3.070000000     0.000297166     1.591248558     0.000069834
     3.080000000     0.000365516     1.593890080     0.000081786
     3.090000000     0.000448186     1.596574887     0.000095399
     3.100000000     0.000547828     1.599304123     0.000110832
     3.110000000     0.000667501     1.602078962     0.000128250
     3.120000000     0.000810716     1.604900610     0.000147821
     3.130000000     0.000981482     1.607770305     0.000169713
     3.140000000     0.001184346     1.610689312     0.000194092
     3.150000000     0.001424445     1.613658923     0.000221124
     3.160000000     0.001707536     1.616680449     0.000250968
     3.170000000     0.002040041     1.619755223     0.000283774
     3.180000000     0.002429072     1.622884583     0.000319686
     3.190000000     0.002882455     1.626069875     0.000358836
     3.200000000     0.003408740     1.629312432     0.000401343
     3.210000000     0.004017204     1.632613571     0.000447312
     3.220000000     0.004717831     1.635974572     0.000496835
     3.230000000     0.005521286     1.639396658     0.000549991
     3.240000000     0.006438861     1.642880979     0.000606842
     3.250000000     0.007482408     1.646428577     0.000667439
     3.260000000     0.008664246     1.650040358     0.000731823
     3.270000000     0.009997046     1.653717051     0.000800027
     3.280000000     0.011493701     1.657459167     0.000872080
     3.290000000     0.013167161     1.661266948     0.000948011
     3.300000000     0.015030260     1.665140306     0.001027856
     3.310000000     0.017095516     1.669078764     0.001111662
     3.320000000     0.019374922     1.673081383     0.001199496
     3.330000000     0.021879719     1.677146682     0.001291452
     3.340000000     0.024620164     1.681272554     0.001387660
     3.350000000     0.027605304     1.685456164     0.001488293
     3.360000000     0.030842745     1.689693831     0.001593579
     3.370000000     0.034338440     1.693980887     0.001703812
     3.380000000     0.038096492     1.698311495     0.001819358
     3.390000000     0.042118987     1.702678416     0.001940670
     3.400000000     0.046405861     1.707072723     0.002068297
     3.410000000     0.050954807     1.711483441     0.002202898
     3.420000000     0.055761226     1.715897127     0.002345250
     3.430000000     0.060818236     1.720297406     0.002496260
     3.440000000     0.066116730     1.724664492     0.002656981
     3.450000000     0.071645498     1.728974756     0.002828621
     3.460000000     0.077391401     1.733200401     0.003012556
     3.470000000     0.083339603     1.737309368     0.003210344
     3.480000000     0.089473859     1.741265584     0.003423735
     3.490000000     0.095776843     1.745029711     0.003654691
     3.500000000     0.102230514     1.748560535     0.003905393
     3.510000000     0.108816523     1.751817117     0.004178260
     3.520000000     0.115516618     1.754761707     0.004475959
     3.530000000     0.122313070     1.757363326     0.004801423
     3.540000000     0.129189082     1.759601666     0.005157862
     3.550000000     0.136129179     1.761470794     0.005548780
     3.560000000     0.143119558     1.762981945     0.005977982
     3.570000000     0.150148401     1.764164681     0.006449591
     3.580000000     0.157206109     1.765065876     0.006968050
     3.590000000     0.164285489     1.765746358     0.007538138
     3.600000000     0.171381840     1.766275602     0.008164964
     3.610000000     0.178492976     1.766725337     0.008853976
     3.620000000     0.185619153     1.767163201     0.009610950
     3.630000000     0.192762914     1.767647558     0.010441985
     3.640000000     0.199928852     1.768224201     0.011353487
     3.650000000     0.207123302     1.768925173     0.012352149
     3.660000000     0.214353962     1.769769385     0.013444923
     3.670000000     0.221629465     1.770764323     0.014638985
     3.680000000     0.228958906     1.771908031     0.015941695
     3.690000000     0.236351348     1.773190659     0.017360546
     3.700000000     0.243815314     1.774595220     0.018903109
     3.710000000     0.251358286     1.776097598     0.020576964
     3.720000000     0.258986234     1.777666159     0.022389638
     3.730000000     0.266703169     1.779261502     0.024348516
     3.740000000     0.274510759     1.780836834     0.026460767
     3.750000000     0.282408000     1.782339273     0.028733250
     3.760000000     0.290390969     1.783712101     0.031172427
     3.770000000     0.298452647     1.784897767     0.033784262
     3.780000000     0.306582831     1.785841209     0.036574135
     3.790000000     0.314768134     1.786493036     0.039546741
     3.800000000     0.322992068     1.786812144     0.042706003
     3.810000000     0.331235208     1.786767526     0.046054983
     3.820000000     0.339475433     1.786339234     0.049595799
     3.830000000     0.347688238     1.785518673     0.053329558
     3.840000000     0.355847099     1.784308432     0.057256284
     3.850000000     0.363923897     1.782721828     0.061374874
     3.860000000     0.371889368     1.780782169     0.065683051
     3.870000000     0.379713591     1.778521600     0.070177346
     3.880000000     0.387366482     1.775979325     0.074853080
     3.890000000     0.394818298     1.773199145     0.079704374
     3.900000000     0.402040135     1.770226423     0.084724168
     3.910000000     0.409004404     1.767104818     0.089904262
     3.920000000     0.415685292     1.763873238     0.095235371
     3.930000000     0.422059189     1.760563413     0.100707195
     3.940000000     0.428105068     1.757198348     0.106308507
     3.950000000     0.433804839     1.753791776     0.112027258
     3.960000000     0.439143644     1.750348595     0.117850688
     3.970000000     0.444110100     1.746866219     0.123765460
     3.980000000     0.448696500     1.743336798     0.129757794
     3.990000000     0.452898948     1.739750154     0.135813615
     4.000000000     0.456717444     1.736097262     0.141918710
     4.010000000     0.460155908     1.732373877     0.148058880
     4.020000000     0.463222151     1.728583811     0.154220102
     4.030000000     0.465927779     1.724741290     0.160388687
     4.040000000     0.468288056     1.720871890     0.166551434
     4.050000000     0.470321690     1.717011816     0.172695779
     4.060000000     0.472050587     1.713205633     0.178809934
     4.070000000     0.473499535     1.709502882     0.184883018
     4.080000000     0.474695850     1.705954229     0.190905168
     4.090000000     0.475668971     1.702607823     0.196867642
     4.100000000     0.476450025     1.699506327     0.202762899
     4.110000000     0.477071342     1.696684845     0.208584660
     4.120000000     0.477565961     1.694169673     0.214327948
     4.130000000     0.477967103     1.691977651     0.219989104
     4.140000000     0.478307643     1.690115866     0.225565783
     4.150000000     0.478619571     1.688581543     0.231056918
     4.160000000     0.478933466     1.687362094     0.236462669
     4.170000000     0.479277989     1.686435445     0.241784339
     4.180000000     0.479679399     1.685770773     0.247024273
     4.190000000     0.480161107     1.685329813     0.252185732
     4.200000000     0.480743273     1.685068727     0.257272745
     4.210000000     0.481442462     1.684940435     0.262289948
     4.220000000     0.482271357     1.684897141     0.267242402
     4.230000000     0.483238534     1.684892768     0.272135407
     4.240000000     0.484348316     1.684885002     0.276974300
     4.250000000     0.485600696     1.684836777     0.281764255
     4.260000000     0.486991337     1.684717100     0.286510079
     4.270000000     0.488511646     1.684501260     0.291216021
     4.280000000     0.490148927     1.684170497     0.295885584
     4.290000000     0.491886600     1.683711276     0.300521352
     4.300000000     0.493704488     1.683114330     0.305124845
     4.310000000     0.495579171     1.682373671     0.309696384
     4.320000000     0.497484392     1.681485758     0.314234997
     4.330000000     0.499391508     1.680449001     0.318738350
     4.340000000     0.501269991     1.679263669     0.323202710
     4.350000000     0.503087948     1.677932167     0.327622946
     4.360000000     0.504812681     1.676459500     0.331992573
     4.370000000     0.506411243     1.674853672     0.336303822
     4.380000000     0.507851010     1.673125756     0.340547756
     4.390000000     0.509100249     1.671289460     0.344714419
     4.400000000     0.510128664     1.669360175     0.348793016
     4.410000000     0.510907924     1.667353686     0.352772129
     4.420000000     0.511412163     1.665284850     0.356639948
     4.430000000     0.511618432     1.663166656     0.360384534
     4.440000000     0.511507109     1.661010016     0.363994091
     4.450000000     0.511062253     1.658824495     0.367457243
     4.460000000     0.510271892     1.656619982     0.370763328
     4.470000000     0.509128251     1.654409031     0.373902666
     4.480000000     0.507627903     1.652209421     0.376866839
     4.490000000     0.505771846     1.650046377     0.379648930
     4.500000000     0.503565503     1.647953928     0.382243757
     4.510000000     0.501018644     1.645975045     0.384648065
     4.520000000     0.498145233     1.644160437     0.386860682
     4.530000000     0.494963195     1.642566131     0.388882637
     4.540000000     0.491494114     1.641250171     0.390717236
     4.550000000     0.487762873     1.640268861     0.392370078
     4.560000000     0.483797226     1.639673052     0.393849034
     4.570000000     0.479627322     1.639504895     0.395164169
     4.580000000     0.475285201     1.639795431     0.396327609
     4.590000000     0.470804247     1.640563253     0.397353369
     4.600000000     0.466218634     1.641814282     0.398257127
     4.610000000     0.461562766     1.643542574     0.399055957
     4.620000000     0.456870727     1.645731903     0.399768026
     4.630000000     0.452175751     1.648357814     0.400412259
     4.640000000     0.447509728     1.651389833     0.401007976
     4.650000000     0.442902756     1.654793579     0.401574514
     4.660000000     0.438382747     1.658532607     0.402130842
     4.670000000     0.433975099     1.662569915     0.402695167
     4.680000000     0.429702442     1.666869100     0.403284556
     4.690000000     0.425584461     1.671395239     0.403914564
     4.700000000     0.421637797     1.676115565     0.404598898
     4.710000000     0.417876039     1.681000030     0.405349098
     4.720000000     0.414309791     1.686021818     0.406174272
     4.730000000     0.410946825     1.691157827     0.407080869
     4.740000000     0.407792306     1.696389110     0.408072498
     4.750000000     0.404849092     1.701701217     0.409149819
     4.760000000     0.402118088     1.707084406     0.410310480
     4.770000000     0.399598662     1.712533682     0.411549120
     4.780000000     0.397289097     1.718048656     0.412857438
     4.790000000     0.395187080     1.723633254     0.414224325
     4.800000000     0.393290205     1.729295298     0.415636056
     4.810000000     0.391596494     1.735045979     0.417076538
     4.820000000     0.390104898     1.740899213     0.418527623
     4.830000000     0.388815800     1.746870887     0.419969462
     4.840000000     0.387731473     1.752977990     0.421380908
     4.850000000     0.386856512     1.759237704     0.422739953
     4.860000000     0.386198206     1.765666539     0.424024195
     4.870000000     0.385766856     1.772279656     0.425211331
     4.880000000     0.385576023     1.779090468     0.426279651
     4.890000000     0.385642702     1.786110584     0.427208545
     4.900000000     0.385987410     1.793350062     0.427978994
     4.910000000     0.386634196     1.800817875     0.428574050
     4.920000000     0.387610557     1.808522474     0.428979287
     4.930000000     0.388947271     1.816472294     0.429183216
     4.940000000     0.390678136     1.824676125     0.429177656
     4.950000000     0.392839637     1.833143282     0.428958055
     4.960000000     0.395470527     1.841883581     0.428523748
     4.970000000     0.398611346     1.850907139     0.427878156
     4.980000000     0.402303881     1.860224053     0.427028904
     4.990000000     0.406590584     1.869843983     0.425987880
     5.000000000     0.411513961     1.879775618     0.424771200
     5.010000000     0.417115951     1.890025994     0.423399109
     5.020000000     0.423437315     1.900599552     0.421895801
     5.030000000     0.430517054     1.911496921     0.420289156
     5.040000000     0.438391873     1.922713381     0.418610416
     5.050000000     0.447095725     1.934237149     0.416893781
     5.060000000     0.456659437     1.946047648     0.415175953
     5.070000000     0.467110455     1.958114002     0.413495616
     5.080000000     0.478472712     1.970393956     0.411892880
     5.090000000     0.490766641     1.982833367     0.410408669
     5.100000000     0.504009342     1.995366323     0.409084104
     5.110000000     0.518214901     2.007915909     0.407959849
     5.120000000     0.533394881     2.020395620     0.407075461
     5.130000000     0.549558953     2.032711438     0.406468744
     5.140000000     0.566715688     2.044764624     0.406175113
     5.150000000     0.584873460     2.056455280     0.406226997
     5.160000000     0.604041468     2.067686640     0.406653266
     5.170000000     0.624230823     2.078370007     0.407478716
     5.180000000     0.645455686     2.088430009     0.408723605
     5.190000000     0.667734396     2.097809739     0.410403262
     5.200000000     0.691090568     2.106475167     0.412527756
     5.210000000     0.715554093     2.114418165     0.415101656
     5.220000000     0.741162014     2.121657623     0.418123869
     5.230000000     0.767959202     2.128238277     0.421587559
     5.240000000     0.795998821     2.134227294     0.425480161
     5.250000000     0.825342504     2.139708914     0.429783480
     5.260000000     0.856060225     2.144777801     0.434473877
     5.270000000     0.888229824     2.149531852     0.439522536
     5.280000000     0.921936159     2.154065246     0.444895816
     5.290000000     0.957269880     2.158462331     0.450555668
     5.300000000     0.994325804     2.162792743     0.456460131
     5.310000000     1.033200912     2.167107855     0.462563875
     5.320000000     1.073991971     2.171438453     0.468818800
     5.330000000     1.116792826     2.175793399     0.475174678
     5.340000000     1.161691389     2.180158993     0.481579814
     5.350000000     1.208766393     2.184498797     0.487981738
     5.360000000     1.258083959     2.188753706     0.494327890
     5.370000000     1.309694070     2.192842115     0.500566312
     5.380000000     1.363627014     2.196660043     0.506646315
     5.390000000     1.419889906     2.200081091     0.512519121
     5.400000000     1.478463362     2.202956160     0.518138460
     5.410000000     1.539298441     2.205112913     0.523461126
     5.420000000     1.602313931     2.206355066     0.528447464
     5.430000000     1.667394086     2.206461735     0.533061794
     5.440000000     1.734386893     2.205187165     0.537272755
     5.450000000     1.803102946     2.202261310     0.541053574
     5.460000000     1.873314996     2.197391763     0.544382239
     5.470000000     1.944758223     2.190267541     0.547241592
     5.480000000     2.017131278     2.180565084     0.549619327
     5.490000000     2.090098100     2.167956612     0.551507903
     5.500000000     2.163290519     2.152120602     0.552904364
     5.510000000     2.236311616     2.132753791     0.553810085
     5.520000000     2.308739809     2.109583709     0.554230441
     5.530000000     2.380133597     2.082380580     0.554174400
     5.540000000     2.450036893     2.050967424     0.553654077
     5.550000000     2.517984839     2.015227514     0.552684221
     5.560000000     2.583510005     1.975108801     0.551281683
     5.570000000     2.646148841     1.930625500     0.549464853
     5.580000000     2.705448256     1.881857528     0.547253095
     5.590000000     2.760972180     1.828948808     0.544666188
     5.600000000     2.812307974     1.772105523     0.541723779
     5.610000000     2.859072554     1.711595186     0.538444878
     5.620000000     2.900918086     1.647746960     0.534847394
     5.630000000     2.937537143     1.580952985     0.530947729
     5.640000000     2.968667206     1.511669734     0.526760435
     5.650000000     2.994094411     1.440417755     0.522297951
     5.660000000     3.013656485     1.367777735     0.517570419
     5.670000000     3.027244795     1.294380999     0.512585582
     5.680000000     3.034805492     1.220893294     0.507348776
     5.690000000     3.036339732     1.147992022     0.501863004
     5.700000000     3.031902984     1.076338559     0.496129098
     5.710000000     3.021603473     1.006548523     0.490145956
     5.720000000     3.005599783     0.939163462     0.483910861
     5.730000000     2.984097722     0.874627339     0.477419851
     5.740000000     2.957346509     0.813270472     0.470668157
     5.750000000     2.925634399     0.755302542     0.463650671
     5.760000000     2.889283840     0.700815174     0.456362450
     5.770000000     2.848646286     0.649793630     0.448799235
     5.780000000     2.804096777     0.602136275     0.440957964
     5.790000000     2.756028395     0.557679861     0.432837285
     5.800000000     2.704846723     0.516228044     0.424438027
     5.810000000     2.650964398     0.477580199     0.415763651
     5.820000000     2.594795856     0.441557382     0.406820629
     5.830000000     2.536752365     0.408022405     0.397618783
     5.840000000     2.477237414     0.376891529     0.388171537
     5.850000000     2.416642516     0.348136222     0.378496106
     5.860000000     2.355343480     0.321774762     0.368613595
     5.870000000     2.293697188     0.297855016     0.358549018
     5.880000000     2.232038894     0.276431222     0.348331231
     5.890000000     2.170680056     0.257538684     0.337992783
     5.900000000     2.109906709     0.241170760     0.327569685
     5.910000000     2.049978347     0.227262098     0.317101102
     5.920000000     1.991127312     0.215680934     0.306628980
     5.930000000     1.933558651     0.206231563     0.296197610
     5.940000000     1.877450401     0.198666272     0.285853139
     5.950000000     1.822954266     0.192704423     0.275643040
     5.960000000     1.770196631     0.188055274     0.265615551
     5.970000000     1.719279875     0.184440735     0.255819092
     5.980000000     1.670283907     0.181614496     0.246301675
     5.990000000     1.623267899     0.179374909     0.237110310
     6.000000000     1.578272140     0.177570427     0.228290428
     6.010000000     1.535319973     0.176097973     0.219885321
     6.020000000     1.494419749     0.174896078     0.211935616
     6.030000000     1.455566773     0.173935404     0.204478782
     6.040000000     1.418745171     0.173209277     0.197548688
     6.050000000     1.383929664     0.172726064     0.191175207
     6.060000000     1.351087202     0.172504072     0.185383880
     6.070000000     1.320178434     0.172568569     0.180195637
     6.080000000     1.291159000     0.172949820     0.175626582
     6.090000000     1.263980618     0.173680971     0.171687840
     6.100000000     1.238591981     0.174794936     0.168385469
     6.110000000     1.214939442     0.176320141     0.165720430
     6.120000000     1.192967511     0.178275621     0.163688631
     6.130000000     1.172619174     0.180666459     0.162281017
     6.140000000     1.153836055     0.183480589     0.161483719
     6.150000000     1.136558433     0.186687665     0.161278264
     6.160000000     1.120725166     0.190240071     0.161641822
     6.170000000     1.106273530     0.194075579     0.162547500
     6.180000000     1.093139017     0.198120756     0.163964679
     6.190000000     1.081255115     0.202294205     0.165859380
     6.200000000     1.070553113     0.206508973     0.168194653
     6.210000000     1.060961942     0.210673939     0.170930999
     6.220000000     1.052408085     0.214694398     0.174026802
     6.230000000     1.044815580     0.218472370     0.177438769
     6.240000000     1.038106111     0.221907256     0.181122384
     6.250000000     1.032199213     0.224897335     0.185032356
     6.260000000     1.027012585     0.227342386     0.189123064
     6.270000000     1.022462509     0.229147476     0.193348993
     6.280000000     1.018464354     0.230227717     0.197665157
     6.290000000     1.014933168     0.230513638     0.202027499
     6.300000000     1.011784326     0.229956605     0.206393276
     6.310000000     1.008934217     0.228533654     0.210721406
     6.320000000     1.006300937     0.226251024     0.214972800
     6.330000000     1.003804978     0.223145729     0.219110646
     6.340000000     1.001369874     0.219284747     0.223100674
     6.350000000     0.998922787     0.214761623     0.226911367
     6.360000000     0.996395013     0.209690672     0.230514146
     6.370000000     0.993722386     0.204199282     0.233883506
     6.380000000     0.990845574     0.198419074     0.236997118
     6.390000000     0.987710256     0.192476908     0.239835880
     6.400000000     0.984267174     0.186486731     0.242383939
     6.410000000     0.980472074     0.180543154     0.244628659
     6.420000000     0.976285529     0.174717377     0.246560558
     6.430000000     0.971672668     0.169055660     0.248173207
     6.440000000     0.966602828     0.163580125     0.249463085
     6.450000000     0.961049137     0.158291359     0.250429413
     6.460000000     0.954988062     0.153172104     0.251073948
     6.470000000     0.948398942     0.148191368     0.251400755
     6.480000000     0.941263532     0.143308464     0.251415960
     6.490000000     0.933565563     0.138476698     0.251127478
     6.500000000     0.925290370     0.133646667     0.250544734
     6.510000000     0.916424575     0.128769267     0.249678377
     6.520000000     0.906955861     0.123798538     0.248539987
     6.530000000     0.896872829     0.118694445     0.247141787
     6.540000000     0.886164960     0.113425571     0.245496367
     6.550000000     0.874822674     0.107971584     0.243616415
     6.560000000     0.862837483     0.102325224     0.241514473
     6.570000000     0.850202233     0.096493563     0.239202712
     6.580000000     0.836911420     0.090498325     0.236692739
     6.590000000     0.822961575     0.084375197     0.233995426
     6.600000000     0.808351681     0.078172241     0.231120787
     6.610000000     0.793083626     0.071947630     0.228077881
     6.620000000     0.777162655     0.065767006     0.224874753
     6.630000000     0.760597811     0.059700745     0.221518421
     6.640000000     0.743402338     0.053821353     0.218014892
     6.650000000     0.725594031     0.048201113     0.214369221
     6.660000000     0.707195522     0.042910067     0.210585601
     6.670000000     0.688234476     0.038014346     0.206667481
     6.680000000     0.668743699     0.033574863     0.202617717
     6.690000000     0.648761143     0.029646342     0.198438743
     6.700000000     0.628329807     0.026276700     0.194132755
     6.710000000     0.607497532     0.023506740     0.189701910
     6.720000000     0.586316694     0.021370152     0.185148528
     6.730000000     0.564843797     0.019893743     0.180475292
     6.740000000     0.543138983     0.019097833     0.175685446
     6.750000000     0.521265458     0.018996667     0.170782968
     6.760000000     0.499288860     0.019598769     0.165772734
     6.770000000     0.477276566     0.020907153     0.160660658
     6.780000000     0.455296975     0.022919386     0.155453790
     6.790000000     0.433418765     0.025627572     0.150160404
     6.800000000     0.411710145     0.029018316     0.144790032
     6.810000000     0.390238117     0.033072768     0.139353470
     6.820000000     0.369067773     0.037766767     0.133862754
     6.830000000     0.348261615     0.043071136     0.128331086
     6.840000000     0.327878938     0.048952100     0.122772740
     6.850000000     0.307975264     0.055371836     0.117202925
     6.860000000     0.288601853     0.062289150     0.111637633
     6.870000000     0.269805283     0.069660270     0.106093448
     6.880000000     0.251627108     0.077439723     0.100587347
     6.890000000     0.234103604     0.085581269     0.095136485
     6.900000000     0.217265589     0.094038802     0.089757970
     6.910000000     0.201138337     0.102767169     0.084468634
     6.920000000     0.185741554     0.111722839     0.079284812
     6.930000000     0.171089443     0.120864401     0.074222127
     6.940000000     0.157190834     0.130152879     0.069295286
     6.950000000     0.144049375     0.139551900     0.064517897
     6.960000000     0.131663783     0.149027744     0.059902310
     6.970000000     0.120028143     0.158549324     0.055459474
     6.980000000     0.109132250     0.168088139     0.051198830
     6.990000000     0.098961982     0.177618223     0.047128234
     7.000000000     0.089499697     0.187116112     0.043253898
     7.010000000     0.080724657     0.196560821     0.039580373
     7.020000000     0.072613449     0.205933828     0.036110556
     7.030000000     0.065140423     0.215219048     0.032845722
     7.040000000     0.058278115     0.224402779     0.029785584
     7.050000000     0.051997669     0.233473609     0.026928376
     7.060000000     0.046269247     0.242422294     0.024270954
     7.070000000     0.041062412     0.251241598     0.021808913
     7.080000000     0.036346502     0.259926104     0.019536718
     7.090000000     0.032090968     0.268472025     0.017447845
     7.100000000     0.028265692     0.276876994     0.015534926
     7.110000000     0.024841283     0.285139872     0.013789896
     7.120000000     0.021789328     0.293260563     0.012204142
     7.130000000     0.019082632     0.301239838     0.010768648
     7.140000000     0.016695419     0.309079188     0.009474130
     7.150000000     0.014603504     0.316780686     0.008311167
     7.160000000     0.012784445     0.324346871     0.007270320
     7.170000000     0.011217655     0.331780643     0.006342242
     7.180000000     0.009884503     0.339085178     0.005517770
     7.190000000     0.008768373     0.346263853     0.004788012
     7.200000000     0.007854713     0.353320180     0.004144413
     7.210000000     0.007131044     0.360257749     0.003578815
     7.220000000     0.006586959     0.367080181     0.003083499
     7.230000000     0.006214086     0.373791089     0.002651216
     7.240000000     0.006006031     0.380394040     0.002275213
     7.250000000     0.005958298     0.386892530     0.001949237
     7.260000000     0.006068175     0.393289955     0.001667541
     7.270000000     0.006334606     0.399589593     0.001424878
     7.280000000     0.006758023     0.405794579     0.001216488
     7.290000000     0.007340164     0.411907883     0.001038077
     7.300000000     0.008083848     0.417932283     0.000885799
     7.310000000     0.008992741     0.423870335     0.000756223
     7.320000000     0.010071083     0.429724338     0.000646315
     7.330000000     0.011323397     0.435496290     0.000553398
     7.340000000     0.012754176     0.441187835     0.000475126
     7.350000000     0.014367551     0.446800200     0.000409455
     7.360000000     0.016166951     0.452334115     0.000354610
     7.370000000     0.018154747     0.457789728     0.000309058
     7.380000000     0.020331905     0.463166481     0.000271478
     7.390000000     0.022697643     0.468462985     0.000240740
     7.400000000     0.025249101     0.473676854     0.000215876
     7.410000000     0.027981041     0.478804513     0.000196059
     7.420000000     0.030885581     0.483840970     0.000180586
     7.430000000     0.033951973     0.488779557     0.000168856
     7.440000000     0.037166434     0.493611618     0.000160358
     7.450000000     0.040512047     0.498326168     0.000154651
     7.460000000     0.043968724     0.502909512     0.000151358
     7.470000000     0.047513256     0.507344842     0.000150151
     7.480000000     0.051119435     0.511611831     0.000150744
     7.490000000     0.054758275     0.515686264     0.000152883
     7.500000000     0.058398306     0.519539761     0.000156342
     7.510000000     0.062005955     0.523139676     0.000160917
     7.520000000     0.065546009     0.526449298     0.000166419
     7.530000000     0.068982138     0.529428481     0.000172676
     7.540000000     0.072277490     0.532034903     0.000179525
     7.550000000     0.075395316     0.534226117     0.000186811
     7.560000000     0.078299642     0.535962551     0.000194390
     7.570000000     0.080955945     0.537211496     0.000202123
     7.580000000     0.083331823     0.537951954     0.000209877
     7.590000000     0.085397655     0.538179930     0.000217526
     7.600000000     0.087127202     0.537913449     0.000224952
     7.610000000     0.088498167     0.537196277     0.000232042
     7.620000000     0.089492664     0.536099250     0.000238690
     7.630000000     0.090097609     0.534718273     0.000244800
     7.640000000     0.090305005     0.533168659     0.000250283
     7.650000000     0.090112114     0.531576289     0.000255059
     7.660000000     0.089521519     0.530066918     0.000259060
     7.670000000     0.088541065     0.528755509     0.000262227
     7.680000000     0.087183682     0.527737437     0.000264511
     7.690000000     0.085467107     0.527082895     0.000265879
     7.700000000     0.083413493     0.526834971     0.000266303
     7.710000000     0.081048932     0.527011034     0.000265773
     7.720000000     0.078402909     0.527606505     0.000264286
     7.730000000     0.075507687     0.528599894     0.000261854
     7.740000000     0.072397653     0.529958104     0.000258498
     7.750000000     0.069108647     0.531641256     0.000254249
     7.760000000     0.065677276     0.533606651     0.000249151
     7.770000000     0.062140248     0.535811725     0.000243253
     7.780000000     0.058533735     0.538216062     0.000236615
     7.790000000     0.054892776     0.540782595     0.000229302
     7.800000000     0.051250746     0.543478214     0.000221387
     7.810000000     0.047638881     0.546273929     0.000212944
     7.820000000     0.044085893     0.549144764     0.000204055
     7.830000000     0.040617656     0.552069475     0.000194800
     7.840000000     0.037256974     0.555030190     0.000185262
     7.850000000     0.034023441     0.558012020     0.000175522
     7.860000000     0.030933373     0.561002664     0.000165661
     7.870000000     0.027999815     0.563992049     0.000155757
     7.880000000     0.025232624     0.566971996     0.000145883
     7.890000000     0.022638598     0.569935920     0.000136109
     7.900000000     0.020221672     0.572878575     0.000126499
     7.910000000     0.017983143     0.575795830     0.000117111
     7.920000000     0.015921932     0.578684475     0.000107998
     7.930000000     0.014034863     0.581542065     0.000099204
     7.940000000     0.012316960     0.584366780     0.000090769
     7.950000000     0.010761741     0.587157310     0.000082724
     7.960000000     0.009361511     0.589912765     0.000075093
     7.970000000     0.008107642     0.592632593     0.000067896
     7.980000000     0.006990838     0.595316515     0.000061144
     7.990000000     0.006001375     0.597964472     0.000054842
     8.000000000     0.005129325     0.600576581     0.000048993
     8.010000000     0.004364740     0.603153096     0.000043591
     8.020000000     0.003697826     0.605694384     0.000038628
     8.030000000     0.003119072     0.608200893     0.000034091
     8.040000000     0.002619368     0.610673138     0.000029964
     8.050000000     0.002190084     0.613111682     0.000026229
     8.060000000     0.001823138     0.615517123     0.000022866
     8.070000000     0.001511033     0.617890083     0.000019851
     8.080000000     0.001246883     0.620231201     0.000017163
     8.090000000     0.001024416     0.622541123     0.000014778
     8.100000000     0.000837967     0.624820500     0.000012671
     8.110000000     0.000682463     0.627069979     0.000010819
     8.120000000     0.000553395     0.629290206     0.000009200
     8.130000000     0.000446783     0.631481815     0.000007790
     8.140000000     0.000359140     0.633645432     0.000006568
     8.150000000     0.000287436     0.635781672     0.000005515
     8.160000000     0.000229050     0.637891136     0.000004611
     8.170000000     0.000181732     0.639974412     0.000003839
     8.180000000     0.000143565     0.642032073     0.000003183
     8.190000000     0.000112923     0.644064678     0.000002627
     8.200000000     0.000088438     0.646072770     0.000002160
     8.210000000     0.000068963     0.648056879     0.000001768
     8.220000000     0.000053545     0.650017519     0.000001441
     8.230000000     0.000041395     0.651955188     0.000001169
     8.240000000     0.000031865     0.653870372     0.000000945
     8.250000000     0.000024424     0.655763540     0.000000760
     8.260000000     0.000018640     0.657635150     0.000000609
     8.270000000     0.000014165     0.659485643     0.000000486
     8.280000000     0.000010719     0.661315449     0.000000386
     8.290000000     0.000008076     0.663124986     0.000000305
     8.300000000     0.000006059     0.664914657     0.000000240
     8.310000000     0.000004527     0.666684854     0.000000188
     8.320000000     0.000003368     0.668435959     0.000000147
     8.330000000     0.000002495     0.670168340     0.000000114
     8.340000000     0.000001840     0.671882355     0.000000088
     8.350000000     0.000001352     0.673578353     0.000000068
     8.360000000     0.000000989     0.675256671     0.000000052
     8.370000000     0.000000720     0.676917638     0.000000040
     8.380000000     0.000000523     0.678561571     0.000000030
     8.390000000     0.000000377     0.680188780     0.000000023
     8.400000000     0.000000272     0.681799566     0.000000017
     8.410000000     0.000000195     0.683394222     0.000000013
     8.420000000     0.000000139     0.684973030     0.000000010
     8.430000000     0.000000099     0.686536269     0.000000007
     8.440000000     0.000000070     0.688084206     0.000000005
     8.450000000     0.000000049     0.689617103     0.000000004
     8.460000000     0.000000035     0.691135215     0.000000003
     8.470000000     0.000000024     0.692638790     0.000000002
     8.480000000     0.000000017     0.694128068     0.000000002
     8.490000000     0.000000012     0.695603286     0.000000001
     8.500000000     0.000000008     0.697064671     0.000000001
     8.510000000     0.000000006     0.698512447     0.000000001
     8.520000000     0.000000004     0.699946832     0.000000000
     8.530000000     0.000000003     0.701368038     0.000000000
     8.540000000     0.000000002     0.702776271     0.000000000
     8.550000000     0.000000001     0.704171734     0.000000000
     8.560000000     0.000000001     0.705554623     0.000000000
     8.570000000     0.000000001     0.706925130     0.000000000
     8.580000000     0.000000000     0.708283443     0.000000000
     8.590000000     0.000000000     0.709629746     0.000000000
     8.600000000     0.000000000     0.710964217     0.000000000
     8.610000000     0.000000000     0.712287031     0.000000000
     8.620000000     0.000000000     0.713598358     0.000000000
     8.630000000     0.000000000     0.714898366     0.000000000
     8.640000000     0.000000000     0.716187218     0.000000000
     8.650000000     0.000000000     0.717465074     0.000000000
     8.660000000     0.000000000     0.718732089     0.000000000
     8.670000000     0.000000000     0.719988416     0.000000000
     8.680000000     0.000000000     0.721234204     0.000000000
     8.690000000     0.000000000     0.722469600     0.000000000
     8.700000000     0.000000000     0.723694746     0.000000000
     8.710000000     0.000000000     0.724909784     0.000000000
     8.720000000     0.000000000     0.726114848     0.000000000
     8.730000000     0.000000000     0.727310075     0.000000000
     8.740000000     0.000000000     0.728495596     0.000000000
     8.750000000     0.000000000     0.729671539     0.000000000
     8.760000000     0.000000000     0.730838030     0.000000000
     8.770000000     0.000000000     0.731995194     0.000000000
     8.780000000     0.000000000     0.733143152     0.000000000
     8.790000000     0.000000000     0.734282022     0.000000000
     8.800000000     0.000000000     0.735411922     0.000000000
     8.810000000     0.000000000     0.736532965     0.000000000
     8.820000000     0.000000000     0.737645264     0.000000000
     8.830000000     0.000000000     0.738748928     0.000000000
     8.840000000     0.000000000     0.739844067     0.000000000
     8.850000000     0.000000000     0.740930785     0.000000000
     8.860000000     0.000000000     0.742009187     0.000000000
     8.870000000     0.000000000     0.743079374     0.000000000
     8.880000000     0.000000000     0.744141448     0.000000000
     8.890000000     0.000000000     0.745195505     0.000000000
     8.900000000     0.000000000     0.746241644     0.000000000
     8.910000000     0.000000000     0.747279958     0.000000000
     8.920000000     0.000000000     0.748310541     0.000000000
     8.930000000     0.000000000     0.749333485     0.000000000
     8.940000000     0.000000000     0.750348879     0.000000000
     8.950000000     0.000000000     0.751356812     0.000000000
     8.960000000     0.000000000     0.752357371     0.000000000
     8.970000000     0.000000000     0.753350641     0.000000000
     8.980000000     0.000000000     0.754336706     0.000000000
     8.990000000     0.000000000     0.755315648     0.000000000
     9.000000000     0.000000000     0.756287549     0.000000000
     9.010000000     0.000000000     0.757252489     0.000000000
     9.020000000     0.000000000     0.758210545     0.000000000
     9.030000000     0.000000000     0.759161796     0.000000000
     9.040000000     0.000000000     0.760106316     0.000000000
     9.050000000     0.000000000     0.761044181     0.000000000
     9.060000000     0.000000000     0.761975464     0.000000000
     9.070000000     0.000000000     0.762900238     0.000000000
     9.080000000     0.000000000     0.763818573     0.000000000
     9.090000000     0.000000000     0.764730540     0.000000000
     9.100000000     0.000000000     0.765636207     0.000000000
     9.110000000     0.000000000     0.766535642     0.000000000
     9.120000000     0.000000000     0.767428913     0.000000000
     9.130000000     0.000000000     0.768316084     0.000000000
     9.140000000     0.000000000     0.769197221     0.000000000
     9.150000000     0.000000000     0.770072387     0.000000000
     9.160000000     0.000000000     0.770941645     0.000000000
     9.170000000     0.000000000     0.771805057     0.000000000
     9.180000000     0.000000000     0.772662684     0.000000000
     9.190000000     0.000000000     0.773514586     0.000000000
     9.200000000     0.000000000     0.774360821     0.000000000
     9.210000000     0.000000000     0.775201449     0.000000000
     9.220000000     0.000000000     0.776036526     0.000000000
     9.230000000     0.000000000     0.776866109     0.000000000
     9.240000000     0.000000000     0.777690254     0.000000000
     9.250000000     0.000000000     0.778509016     0.000000000
     9.260000000     0.000000000     0.779322448     0.000000000
     9.270000000     0.000000000     0.780130605     0.000000000
     9.280000000     0.000000000     0.780933538     0.000000000
     9.290000000     0.000000000     0.781731299     0.000000000
     9.300000000     0.000000000     0.782523941     0.000000000
     9.310000000     0.000000000     0.783311512     0.000000000
     9.320000000     0.000000000     0.784094063     0.000000000
     9.330000000     0.000000000     0.784871643     0.000000000
     9.340000000     0.000000000     0.785644300     0.000000000
     9.350000000     0.000000000     0.786412082     0.000000000
     9.360000000     0.000000000     0.787175035     0.000000000
     9.370000000     0.000000000     0.787933207     0.000000000
     9.380000000     0.000000000     0.788686642     0.000000000
     9.390000000     0.000000000     0.789435386     0.000000000
     9.400000000     0.000000000     0.790179484     0.000000000
     9.410000000     0.000000000     0.790918980     0.000000000
     9.420000000     0.000000000     0.791653916     0.000000000
     9.430000000     0.000000000     0.792384336     0.000000000
     9.440000000     0.000000000     0.793110281     0.000000000
     9.450000000     0.000000000     0.793831795     0.000000000
     9.460000000     0.000000000     0.794548916     0.000000000
     9.470000000     0.000000000     0.795261687     0.000000000
     9.480000000     0.000000000     0.795970147     0.000000000
     9.490000000     0.000000000     0.796674336     0.000000000
     9.500000000     0.000000000     0.797374293     0.000000000
     9.510000000     0.000000000     0.798070056     0.000000000
     9.520000000     0.000000000     0.798761663     0.000000000
     9.530000000     0.000000000     0.799449153     0.000000000
     9.540000000     0.000000000     0.800132561     0.000000000
     9.550000000     0.000000000     0.800811925     0.000000000
     9.560000000     0.000000000     0.801487281     0.000000000
     9.570000000     0.000000000     0.802158665     0.000000000
     9.580000000     0.000000000     0.802826112     0.000000000
     9.590000000     0.000000000     0.803489656     0.000000000
     9.600000000     0.000000000     0.804149333     0.000000000
     9.610000000     0.000000000     0.804805175     0.000000000
     9.620000000     0.000000000     0.805457218     0.000000000
     9.630000000     0.000000000     0.806105493     0.000000000
     9.640000000     0.000000000     0.806750035     0.000000000
     9.650000000     0.000000000     0.807390874     0.000000000
     9.660000000     0.000000000     0.808028044     0.000000000
     9.670000000     0.000000000     0.808661575     0.000000000
     9.680000000     0.000000000     0.809291499     0.000000000
     9.690000000     0.000000000     0.809917847     0.000000000
     9.700000000     0.000000000     0.810540650     0.000000000
     9.710000000     0.000000000     0.811159937     0.000000000
     9.720000000     0.000000000     0.811775739     0.000000000
     9.730000000     0.000000000     0.812388084     0.000000000
     9.740000000     0.000000000     0.812997003     0.000000000
     9.750000000     0.000000000     0.813602523     0.000000000
     9.760000000     0.000000000     0.814204674     0.000000000
     9.770000000     0.000000000     0.814803483     0.000000001
     9.780000000     0.000000000     0.815398978     0.000000001
     9.790000000     0.000000000     0.815991186     0.000000001
     9.800000000     0.000000000     0.816580136     0.000000002
     9.810000000     0.000000001     0.817165853     0.000000002
     9.820000000     0.000000001     0.817748365     0.000000003
     9.830000000     0.000000001     0.818327697     0.000000004
     9.840000000     0.000000002     0.818903876     0.000000005
     9.850000000     0.000000002     0.819476927     0.000000007
     9.860000000     0.000000003     0.820046876     0.000000010
     9.870000000     0.000000004     0.820613748     0.000000013
     9.880000000     0.000000005     0.821177568     0.000000017
     9.890000000     0.000000007     0.821738360     0.000000023
     9.900000000     0.000000009     0.822296149     0.000000030
     9.910000000     0.000000012     0.822850959     0.000000039
     9.920000000     0.000000016     0.823402813     0.000000052
     9.930000000     0.000000021     0.823951736     0.000000067
     9.940000000     0.000000027     0.824497750     0.000000087
     9.950000000     0.000000034     0.825040878     0.000000112
     9.960000000     0.000000044     0.825581145     0.000000144
     9.970000000     0.000000056     0.826118571     0.000000184
     9.980000000     0.000000072     0.826653179     0.000000234
     9.990000000     0.000000091     0.827184992     0.000000297
    10.000000000     0.000000115     0.827714032     0.000000374
    10.010000000     0.000000144     0.828240320     0.000000470
    10.020000000     0.000000180     0.828763877     0.000000588
    10.030000000     0.000000224     0.829284724     0.000000731
    10.040000000     0.000000278     0.829802884     0.000000906
    10.050000000     0.000000343     0.830318376     0.000001118
    10.060000000     0.000000421     0.830831221     0.000001373
    10.070000000     0.000000515     0.831341440     0.000001679
    10.080000000     0.000000627     0.831849053     0.000002045
    10.090000000     0.000000760     0.832354079     0.000002478
    10.100000000     0.000000917     0.832856538     0.000002990
    10.110000000     0.000001102     0.833356450     0.000003592
    10.120000000     0.000001318     0.833853835     0.000004296
    10.130000000     0.000001569     0.834348711     0.000005115
    10.140000000     0.000001860     0.834841097     0.000006064
    10.150000000     0.000002195     0.835331011     0.000007156
    10.160000000     0.000002579     0.835818474     0.000008408
    10.170000000     0.000003017     0.836303501     0.000009834
    10.180000000     0.000003513     0.836786112     0.000011452
    10.190000000     0.000004073     0.837266325     0.000013277
    10.200000000     0.000004701     0.837744156     0.000015324
    10.210000000     0.000005402     0.838219623     0.000017609
    10.220000000     0.000006180     0.838692743     0.000020144
    10.230000000     0.000007038     0.839163531     0.000022942
    10.240000000     0.000007980     0.839632006     0.000026013
    10.250000000     0.000009009     0.840098181     0.000029364
    10.260000000     0.000010124     0.840562072     0.000033001
    10.270000000     0.000011327     0.841023694     0.000036922
    10.280000000     0.000012617     0.841483061     0.000041127
    10.290000000     0.000013992     0.841940186     0.000045608
    10.300000000     0.000015447     0.842395081     0.000050352
    10.310000000     0.000016978     0.842847759     0.000055343
    10.320000000     0.000018579     0.843298228     0.000060559
    10.330000000     0.000020239     0.843746499     0.000065973
    10.340000000     0.000021951     0.844192579     0.000071553
    10.350000000     0.000023702     0.844636473     0.000077260
    10.360000000     0.000025479     0.845078185     0.000083052
    10.370000000     0.000027268     0.845517718     0.000088883
    10.380000000     0.000029053     0.845955071     0.000094701
    10.390000000     0.000030817     0.846390242     0.000100452
    10.400000000     0.000032544     0.846823225     0.000106080
    10.410000000     0.000034215     0.847254015     0.000111527
    10.420000000     0.000035812     0.847682605     0.000116734
    10.430000000     0.000037318     0.848108986     0.000121642
    10.440000000     0.000038714     0.848533154     0.000126194
    10.450000000     0.000039985     0.848955107     0.000130336
    10.460000000     0.000041114     0.849374850     0.000134016
    10.470000000     0.000042088     0.849792396     0.000137190
    10.480000000     0.000042893     0.850207769     0.000139816
    10.490000000     0.000043520     0.850621007     0.000141861
    10.500000000     0.000043961     0.851032161     0.000143297
    10.510000000     0.000044209     0.851441292     0.000144105
    10.520000000     0.000044261     0.851848471     0.000144276
    10.530000000     0.000044117     0.852253774     0.000143806
    10.540000000     0.000043779     0.852657274     0.000142702
    10.550000000     0.000043250     0.853059037     0.000140979
    10.560000000     0.000042538     0.853459120     0.000138659
    10.570000000     0.000041652     0.853857567     0.000135772
    10.580000000     0.000040604     0.854254408     0.000132356
    10.590000000     0.000039407     0.854649660     0.000128453
    10.600000000     0.000038076     0.855043330     0.000124113
    10.610000000     0.000036626     0.855435419     0.000119387
    10.620000000     0.000035075     0.855825921     0.000114333
    10.630000000     0.000033441     0.856214826     0.000109006
    10.640000000     0.000031742     0.856602125     0.000103467
    10.650000000     0.000029995     0.856987808     0.000097774
    10.660000000     0.000028219     0.857371866     0.000091985
    10.670000000     0.000026431     0.857754293     0.000086154
    10.680000000     0.000024646     0.858135084     0.000080335
    10.690000000     0.000022879     0.858514235     0.000074577
    10.700000000     0.000021145     0.858891746     0.000068925
    10.710000000     0.000019456     0.859267616     0.000063419
    10.720000000     0.000017822     0.859641849     0.000058093
    10.730000000     0.000016253     0.860014448     0.000052979
    10.740000000     0.000014757     0.860385417     0.000048101
    10.750000000     0.000013338     0.860754762     0.000043479
    10.760000000     0.000012003     0.861122490     0.000039126
    10.770000000     0.000010754     0.861488608     0.000035053
    10.780000000     0.000009591     0.861853123     0.000031265
    10.790000000     0.000008517     0.862216043     0.000027762
    10.800000000     0.000007529     0.862577378     0.000024543
    10.810000000     0.000006627     0.862937136     0.000021600
    10.820000000     0.000005806     0.863295325     0.000018926
    10.830000000     0.000005065     0.863651955     0.000016510
    10.840000000     0.000004399     0.864007035     0.000014338
    10.850000000     0.000003803     0.864360575     0.000012397
    10.860000000     0.000003274     0.864712584     0.000010671
    10.870000000     0.000002805     0.865063071     0.000009144
    10.880000000     0.000002393     0.865412045     0.000007801
    10.890000000     0.000002033     0.865759516     0.000006626
    10.900000000     0.000001719     0.866105494     0.000005603
    10.910000000     0.000001447     0.866449987     0.000004717
    10.920000000     0.000001213     0.866793004     0.000003954
    10.930000000     0.000001012     0.867134556     0.000003299
    10.940000000     0.000000841     0.867474651     0.000002740
    10.950000000     0.000000695     0.867813298     0.000002266
    10.960000000     0.000000572     0.868150507     0.000001866
    10.970000000     0.000000469     0.868486285     0.000001530
    10.980000000     0.000000383     0.868820643     0.000001248
    10.990000000     0.000000311     0.869153589     0.000001014
    11.000000000     0.000000252     0.869485131     0.000000820
    11.010000000     0.000000203     0.869815279     0.000000661
    11.020000000     0.000000162     0.870144041     0.000000530
    11.030000000     0.000000130     0.870471425     0.000000423
    11.040000000     0.000000103     0.870797440     0.000000336
    11.050000000     0.000000081     0.871122095     0.000000266
    11.060000000     0.000000064     0.871445397     0.000000209
    11.070000000     0.000000050     0.871767355     0.000000164
    11.080000000     0.000000039     0.872087978     0.000000128
    11.090000000     0.000000031     0.872407272     0.000000100
    11.100000000     0.000000024     0.872725247     0.000000077
    11.110000000     0.000000018     0.873041910     0.000000059
    11.120000000     0.000000014     0.873357269     0.000000045
    11.130000000     0.000000011     0.873671333     0.000000035
    11.140000000     0.000000008     0.873984107     0.000000026
    11.150000000     0.000000006     0.874295602     0.000000020
    11.160000000     0.000000005     0.874605824     0.000000015
    11.170000000     0.000000003     0.874914780     0.000000011
    11.180000000     0.000000003     0.875222478     0.000000008
    11.190000000     0.000000002     0.875528926     0.000000006
    11.200000000     0.000000001     0.875834132     0.000000005
    11.210000000     0.000000001     0.876138101     0.000000003
    11.220000000     0.000000001     0.876440843     0.000000003
    11.230000000     0.000000001     0.876742363     0.000000002
    11.240000000     0.000000000     0.877042669     0.000000001
    11.250000000     0.000000000     0.877341769     0.000000001
    11.260000000     0.000000000     0.877639669     0.000000001
    11.270000000     0.000000000     0.877936375     0.000000000
    11.280000000     0.000000000     0.878231896     0.000000000
    11.290000000     0.000000000     0.878526238     0.000000000
    11.300000000     0.000000000     0.878819408     0.000000000
    11.310000000     0.000000000     0.879111413     0.000000000
    11.320000000     0.000000000     0.879402258     0.000000000
    11.330000000     0.000000000     0.879691952     0.000000000
    11.340000000     0.000000000     0.879980500     0.000000000
    11.350000000     0.000000000     0.880267909     0.000000000
    11.360000000     0.000000000     0.880554186     0.000000000
    11.370000000     0.000000000     0.880839337     0.000000000
    11.380000000     0.000000000     0.881123368     0.000000000
    11.390000000     0.000000000     0.881406286     0.000000000
    11.400000000     0.000000000     0.881688097     0.000000000
    11.410000000     0.000000000     0.881968808     0.000000000
    11.420000000     0.000000000     0.882248424     0.000000000
    11.430000000     0.000000000     0.882526952     0.000000000
    11.440000000     0.000000000     0.882804398     0.000000000
    11.450000000     0.000000000     0.883080768     0.000000000
    11.460000000     0.000000000     0.883356067     0.000000000
    11.470000000     0.000000000     0.883630303     0.000000000
    11.480000000     0.000000000     0.883903480     0.000000000
    11.490000000     0.000000000     0.884175606     0.000000000
    11.500000000     0.000000000     0.884446684     0.000000000
    11.510000000     0.000000000     0.884716722     0.000000000
    11.520000000     0.000000000     0.884985726     0.000000000
    11.530000000     0.000000000     0.885253700     0.000000000
    11.540000000     0.000000000     0.885520650     0.000000000
    11.550000000     0.000000000     0.885786583     0.000000000
    11.560000000     0.000000000     0.886051503     0.000000000
    11.570000000     0.000000000     0.886315417     0.000000000
    11.580000000     0.000000000     0.886578330     0.000000000
    11.590000000     0.000000000     0.886840246     0.000000000
    11.600000000     0.000000000     0.887101173     0.000000000
    11.610000000     0.000000000     0.887361114     0.000000000
    11.620000000     0.000000000     0.887620076     0.000000000
    11.630000000     0.000000000     0.887878063     0.000000000
    11.640000000     0.000000000     0.888135082     0.000000000
    11.650000000     0.000000000     0.888391136     0.000000000
    11.660000000     0.000000000     0.888646232     0.000000000
    11.670000000     0.000000000     0.888900375     0.000000000
    11.680000000     0.000000000     0.889153569     0.000000000
    11.690000000     0.000000000     0.889405820     0.000000000
    11.700000000     0.000000000     0.889657132     0.000000000
    11.710000000     0.000000000     0.889907512     0.000000000
    11.720000000     0.000000000     0.890156963     0.000000000
    11.730000000     0.000000000     0.890405491     0.000000000
    11.740000000     0.000000000     0.890653100     0.000000000
    11.750000000     0.000000000     0.890899796     0.000000000
    11.760000000     0.000000000     0.891145583     0.000000000
    11.770000000     0.000000000     0.891390467     0.000000000
    11.780000000     0.000000000     0.891634451     0.000000000
    11.790000000     0.000000000     0.891877540     0.000000000
    11.800000000     0.000000000     0.892119741     0.000000000
    11.810000000     0.000000000     0.892361055     0.000000000
    11.820000000     0.000000000     0.892601490     0.000000000
    11.830000000     0.000000000     0.892841049     0.000000000
    11.840000000     0.000000000     0.893079736     0.000000000
    11.850000000     0.000000000     0.893317557     0.000000000
    11.860000000     0.000000000     0.893554516     0.000000000
    11.870000000     0.000000000     0.893790616     0.000000000
    11.880000000     0.000000000     0.894025864     0.000000000
    11.890000000     0.000000000     0.894260263     0.000000000
    11.900000000     0.000000000     0.894493817     0.000000000
    11.910000000     0.000000000     0.894726531     0.000000000
    11.920000000     0.000000000     0.894958409     0.000000000
    11.930000000     0.000000000     0.895189456     0.000000000
    11.940000000     0.000000000     0.895419675     0.000000000
    11.950000000     0.000000000     0.895649071     0.000000000
    11.960000000     0.000000000     0.895877649     0.000000000
    11.970000000     0.000000000     0.896105412     0.000000000
    11.980000000     0.000000000     0.896332364     0.000000000
    11.990000000     0.000000000     0.896558510     0.000000000
    12.000000000     0.000000000     0.896783854     0.000000000
    12.010000000     0.000000000     0.897008400     0.000000000
    12.020000000     0.000000000     0.897232151     0.000000000
    12.030000000     0.000000000     0.897455112     0.000000000
    12.040000000     0.000000000     0.897677287     0.000000000
    12.050000000     0.000000000     0.897898680     0.000000000
    12.060000000     0.000000000     0.898119295     0.000000000
    12.070000000     0.000000000     0.898339135     0.000000000
    12.080000000     0.000000000     0.898558205     0.000000000
    12.090000000     0.000000000     0.898776508     0.000000000
    12.100000000     0.000000000     0.898994048     0.000000000
    12.110000000     0.000000000     0.899210829     0.000000000
    12.120000000     0.000000000     0.899426855     0.000000000
    12.130000000     0.000000000     0.899642129     0.000000000
    12.140000000     0.000000000     0.899856656     0.000000000
    12.150000000     0.000000000     0.900070438     0.000000000
    12.160000000     0.000000000     0.900283481     0.000000000
    12.170000000     0.000000000     0.900495786     0.000000000
    12.180000000     0.000000000     0.900707359     0.000000000
    12.190000000     0.000000000     0.900918201     0.000000000
    12.200000000     0.000000000     0.901128319     0.000000000
    12.210000000     0.000000000     0.901337713     0.000000000
    12.220000000     0.000000000     0.901546389     0.000000000
    12.230000000     0.000000000     0.901754350     0.000000000
    12.240000000     0.000000000     0.901961599     0.000000000
    12.250000000     0.000000000     0.902168139     0.000000000
    12.260000000     0.000000000     0.902373975     0.000000000
    12.270000000     0.000000000     0.902579109     0.000000000
    12.280000000     0.000000000     0.902783545     0.000000000
    12.290000000     0.000000000     0.902987286     0.000000000
    12.300000000     0.000000000     0.903190337     0.000000000
    12.310000000     0.000000000     0.903392699     0.000000000
    12.320000000     0.000000000     0.903594376     0.000000000
    12.330000000     0.000000000     0.903795373     0.000000000
    12.340000000     0.000000000     0.903995691     0.000000000
    12.350000000     0.000000000     0.904195334     0.000000000
    12.360000000     0.000000000     0.904394306     0.000000000
    12.370000000     0.000000000     0.904592609     0.000000000
    12.380000000     0.000000000     0.904790247     0.000000000
    12.390000000     0.000000000     0.904987223     0.000000000
    12.400000000     0.000000000     0.905183540     0.000000000
    12.410000000     0.000000000     0.905379202     0.000000000
    12.420000000     0.000000000     0.905574211     0.000000000
    12.430000000     0.000000000     0.905768570     0.000000000
    12.440000000     0.000000000     0.905962283     0.000000000
    12.450000000     0.000000000     0.906155353     0.000000000
    12.460000000     0.000000000     0.906347782     0.000000000
    12.470000000     0.000000000     0.906539574     0.000000000
    12.480000000     0.000000000     0.906730732     0.000000000
    12.490000000     0.000000000     0.906921258     0.000000000
    12.500000000     0.000000000     0.907111156     0.000000000
    12.510000000     0.000000000     0.907300428     0.000000000
    12.520000000     0.000000000     0.907489078     0.000000000
    12.530000000     0.000000000     0.907677108     0.000000000
    12.540000000     0.000000000     0.907864522     0.000000000
    12.550000000     0.000000000     0.908051321     0.000000000
    12.560000000     0.000000000     0.908237510     0.000000000
    12.570000000     0.000000000     0.908423090     0.000000000
    12.580000000     0.000000000     0.908608065     0.000000000
    12.590000000     0.000000000     0.908792438     0.000000000
    12.600000000     0.000000000     0.908976211     0.000000000
    12.610000000     0.000000000     0.909159387     0.000000000
    12.620000000     0.000000000     0.909341968     0.000000000
    12.630000000     0.000000000     0.909523958     0.000000000
    12.640000000     0.000000000     0.909705360     0.000000000
    12.650000000     0.000000000     0.909886175     0.000000000
    12.660000000     0.000000000     0.910066406     0.000000000
    12.670000000     0.000000000     0.910246058     0.000000000
    12.680000000     0.000000000     0.910425130     0.000000000
    12.690000000     0.000000000     0.910603628     0.000000000
    12.700000000     0.000000000     0.910781553     0.000000000
    12.710000000     0.000000000     0.910958907     0.000000000
    12.720000000     0.000000000     0.911135694     0.000000000
    12.730000000     0.000000000     0.911311916     0.000000000
    12.740000000     0.000000000     0.911487575     0.000000000
    12.750000000     0.000000000     0.911662674     0.000000000
    12.760000000     0.000000000     0.911837216     0.000000000
    12.770000000     0.000000000     0.912011203     0.000000000
    12.780000000     0.000000000     0.912184638     0.000000000
    12.790000000     0.000000000     0.912357523     0.000000000
    12.800000000     0.000000000     0.912529860     0.000000000
    12.810000000     0.000000000     0.912701652     0.000000000
    12.820000000     0.000000000     0.912872902     0.000000000
    12.830000000     0.000000000     0.913043611     0.000000000
    12.840000000     0.000000000     0.913213783     0.000000000
    12.850000000     0.000000000     0.913383419     0.000000000
    12.860000000     0.000000000     0.913552523     0.000000000
    12.870000000     0.000000000     0.913721096     0.000000000
    12.880000000     0.000000000     0.913889140     0.000000000
    12.890000000     0.000000000     0.914056659     0.000000000
    12.900000000     0.000000000     0.914223655     0.000000000
    12.910000000     0.000000000     0.914390129     0.000000000
    12.920000000     0.000000000     0.914556084     0.000000000
    12.930000000     0.000000000     0.914721522     0.000000000
    12.940000000     0.000000000     0.914886446     0.000000000
    12.950000000     0.000000000     0.915050858     0.000000000
    12.960000000     0.000000000     0.915214760     0.000000000
    12.970000000     0.000000000     0.915378155     0.000000000
    12.980000000     0.000000000     0.915541044     0.000000000
    12.990000000     0.000000000     0.915703430     0.000000000
    13.000000000     0.000000000     0.915865314     0.000000000
