     0.000000000     0.000000000     2.076559454     0.000000000
     0.010000000     0.000000000     2.076563449     0.000000000
     0.020000000     0.000000000     2.076575433     0.000000000
     0.030000000     0.000000000     2.076595409     0.000000000
     0.040000000     0.000000000     2.076623375     0.000000000
     0.050000000     0.000000000     2.076659335     0.000000000
     0.060000000     0.000000000     2.076703289     0.000000000
     0.070000000     0.000000000     2.076755240     0.000000000
     0.080000000     0.000000000     2.076815190     0.000000000
     0.090000000     0.000000000     2.076883143     0.000000000
     0.100000000     0.000000000     2.076959102     0.000000000
     0.110000000     0.000000000     2.077043071     0.000000000
     0.120000000     0.000000000     2.077135054     0.000000000
     0.130000000     0.000000000     2.077235055     0.000000000
     0.140000000     0.000000000     2.077343081     0.000000000
     0.150000000     0.000000000     2.077459135     0.000000000
     0.160000000     0.000000000     2.077583224     0.000000000
     0.170000000     0.000000000     2.077715354     0.000000000
     0.180000000     0.000000000     2.077855533     0.000000000
     0.190000000     0.000000000     2.078003766     0.000000000
     0.200000000     0.000000000     2.078160062     0.000000000
     0.210000000     0.000000000     2.078324428     0.000000000
     0.220000000     0.000000000     2.078496873     0.000000000
     0.230000000     0.000000000     2.078677406     0.000000000
     0.240000000     0.000000000     2.078866035     0.000000000
     0.250000000     0.000000000     2.079062770     0.000000000
     0.260000000     0.000000000     2.079267621     0.000000000
     0.270000000     0.000000000     2.079480599     0.000000000
     0.280000000     0.000000000     2.079701714     0.000000000
     0.290000000     0.000000000     2.079930978     0.000000000
     0.300000000     0.000000000     2.080168402     0.000000000
     0.310000000     0.000000000     2.080413999     0.000000000
     0.320000000     0.000000000     2.080667781     0.000000000
     0.330000000     0.000000000     2.080929760     0.000000000
     0.340000000     0.000000000     2.081199951     0.000000000
     0.350000000     0.000000000     2.081478367     0.000000000
     0.360000000     0.000000000     2.081765022     0.000000000
     0.370000000     0.000000000     2.082059931     0.000000000
     0.380000000     0.000000000     2.082363110     0.000000000
     0.390000000     0.000000000     2.082674573     0.000000000
     0.400000000     0.000000000     2.082994337     0.000000000
     0.410000000     0.000000000     2.083322418     0.000000000
     0.420000000     0.000000000     2.083658834     0.000000000
     0.430000000     0.000000000     2.084003601     0.000000000
     0.440000000     0.000000000     2.084356737     0.000000000
     0.450000000     0.000000000     2.084718261     0.000000000
     0.460000000     0.000000000     2.085088191     0.000000000
     0.470000000     0.000000000     2.085466547     0.000000000
     0.480000000     0.000000000     2.085853348     0.000000000
     0.490000000     0.000000000     2.086248615     0.000000000
     0.500000000     0.000000000     2.086652367     0.000000000
     0.510000000     0.000000000     2.087064626     0.000000000
     0.520000000     0.000000000     2.087485414     0.000000000
     0.530000000     0.000000000     2.087914753     0.000000000
     0.540000000     0.000000000     2.088352665     0.000000000
     0.550000000     0.000000000     2.088799173     0.000000000
     0.560000000     0.000000000     2.089254300     0.000000000
     0.570000000     0.000000000     2.089718072     0.000000000
     0.580000000     0.000000000     2.090190511     0.000000000
     0.590000000     0.000000000     2.090671643     0.000000000
     0.600000000     0.000000000     2.091161494     0.000000000
     0.610000000     0.000000000     2.091660090     0.000000000
     0.620000000     0.000000000     2.092167456     0.000000000
     0.630000000     0.000000000     2.092683621     0.000000000
     0.640000000     0.000000000     2.093208611     0.000000000
     0.650000000     0.000000000     2.093742456     0.000000000
     0.660000000     0.000000000     2.094285182     0.000000000
     0.670000000     0.000000000     2.094836820     0.000000000
     0.680000000     0.000000000     2.095397399     0.000000000
     0.690000000     0.000000000     2.095966950     0.000000000
     0.700000000     0.000000000     2.096545502     0.000000000
     0.710000000     0.000000000     2.097133089     0.000000000
     0.720000000     0.000000000     2.097729740     0.000000000
     0.730000000     0.000000000     2.098335489     0.000000000
     0.740000000     0.000000000     2.098950370     0.000000000
     0.750000000     0.000000000     2.099574414     0.000000000
     0.760000000     0.000000000     2.100207657     0.000000000
     0.770000000     0.000000000     2.100850134     0.000000000
     0.780000000     0.000000000     2.101501879     0.000000000
     0.790000000     0.000000000     2.102162928     0.000000000
     0.800000000     0.000000000     2.102833319     0.000000000
     0.810000000     0.000000000     2.103513088     0.000000000
     0.820000000     0.000000000     2.104202273     0.000000000
     0.830000000     0.000000000     2.104900912     0.000000000
     0.840000000     0.000000000     2.105609045     0.000000000
     0.850000000     0.000000000     2.106326711     0.000000000
     0.860000000     0.000000000     2.107053950     0.000000000
     0.870000000     0.000000000     2.107790804     0.000000000
     0.880000000     0.000000000     2.108537313     0.000000000
     0.890000000     0.000000000     2.109293520     0.000000000
     0.900000000     0.000000000     2.110059468     0.000000000
     0.910000000     0.000000000     2.110835201     0.000000000
     0.920000000     0.000000000     2.111620763     0.000000000
     0.930000000     0.000000000     2.112416198     0.000000000
     0.940000000     0.000000000     2.113221552     0.000000000
     0.950000000     0.000000000     2.114036873     0.000000000
     0.960000000     0.000000000     2.114862206     0.000000000
     0.970000000     0.000000000     2.115697599     0.000000000
     0.980000000     0.000000000     2.116543102     0.000000000
     0.990000000     0.000000000     2.117398763     0.000000000
     1.000000000     0.000000000     2.118264632     0.000000000
     1.010000000     0.000000000     2.119140761     0.000000000
     1.020000000     0.000000000     2.120027200     0.000000000
     1.030000000     0.000000000     2.120924001     0.000000000
     1.040000000     0.000000000     2.121831219     0.000000000
     1.050000000     0.000000000     2.122748907     0.000000000
     1.060000000     0.000000000     2.123677119     0.000000000
     1.070000000     0.000000000     2.124615911     0.000000000
     1.080000000     0.000000000     2.125565339     0.000000000
     1.090000000     0.000000000     2.126525461     0.000000000
     1.100000000     0.000000000     2.127496335     0.000000000
     1.110000000     0.000000000     2.128478018     0.000000000
     1.120000000     0.000000000     2.129470572     0.000000000
     1.130000000     0.000000000     2.130474056     0.000000000
     1.140000000     0.000000000     2.131488532     0.000000000
     1.150000000     0.000000000     2.132514063     0.000000000
     1.160000000     0.000000000     2.133550711     0.000000000
     1.170000000     0.000000000     2.134598542     0.000000000
     1.180000000     0.000000000     2.135657619     0.000000000
     1.190000000     0.000000000     2.136728010     0.000000000
     1.200000000     0.000000000     2.137809781     0.000000000
     1.210000000     0.000000000     2.138903000     0.000000000
     1.220000000     0.000000000     2.140007737     0.000000000
     1.230000000     0.000000000     2.141124061     0.000000000
     1.240000000     0.000000000     2.142252044     0.000000000
     1.250000000     0.000000000     2.143391757     0.000000000
     1.260000000     0.000000000     2.144543274     0.000000000
     1.270000000     0.000000000     2.145706669     0.000000000
     1.280000000     0.000000000     2.146882017     0.000000000
     1.290000000     0.000000000     2.148069395     0.000000000
     1.300000000     0.000000000     2.149268880     0.000000000
     1.310000000     0.000000000     2.150480550     0.000000000
     1.320000000     0.000000000     2.151704486     0.000000000
     1.330000000     0.000000000     2.152940768     0.000000000
     1.340000000     0.000000000     2.154189479     0.000000000
     1.350000000     0.000000000     2.155450701     0.000000000
     1.360000000     0.000000000     2.156724520     0.000000000
     1.370000000     0.000000000     2.158011021     0.000000000
     1.380000000     0.000000000     2.159310291     0.000000000
     1.390000000     0.000000000     2.160622417     0.000000000
     1.400000000     0.000000000     2.161947491     0.000000000
     1.410000000     0.000000000     2.163285602     0.000000000
     1.420000000     0.000000000     2.164636843     0.000000000
     1.430000000     0.000000000     2.166001307     0.000000000
     1.440000000     0.000000000     2.167379090     0.000000000
     1.450000000     0.000000000     2.168770287     0.000000000
     1.460000000     0.000000000     2.170174996     0.000000000
     1.470000000     0.000000000     2.171593317     0.000000000
     1.480000000     0.000000000     2.173025349     0.000000000
     1.490000000     0.000000000     2.174471196     0.000000000
     1.500000000     0.000000000     2.175930960     0.000000000
     1.510000000     0.000000000     2.177404747     0.000000000
     1.520000000     0.000000000     2.178892664     0.000000000
     1.530000000     0.000000000     2.180394819     0.000000000
     1.540000000     0.000000000     2.181911321     0.000000000
     1.550000000     0.000000000     2.183442283     0.000000000
     1.560000000     0.000000000     2.184987817     0.000000000
     1.570000000     0.000000000     2.186548039     0.000000000
     1.580000000     0.000000000     2.188123065     0.000000000
     1.590000000     0.000000000     2.189713014     0.000000000
     1.600000000     0.000000000     2.191318005     0.000000000
     1.610000000     0.000000000     2.192938161     0.000000000
     1.620000000     0.000000000     2.194573606     0.000000000
     1.630000000     0.000000000     2.196224465     0.000000000
     1.640000000     0.000000000     2.197890867     0.000000000
     1.650000000     0.000000000     2.199572940     0.000000000
     1.660000000     0.000000000     2.201270816     0.000000000
     1.670000000     0.000000000     2.202984630     0.000000000
     1.680000000     0.000000000     2.204714516     0.000000000
     1.690000000     0.000000000     2.206460612     0.000000000
     1.700000000     0.000000000     2.208223059     0.000000000
     1.710000000     0.000000000     2.210001999     0.000000000
     1.720000000     0.000000000     2.211797576     0.000000000
     1.730000000     0.000000000     2.213609936     0.000000000
     1.740000000     0.000000000     2.215439228     0.000000000
     1.750000000     0.000000000     2.217285604     0.000000000
     1.760000000     0.000000000     2.219149217     0.000000000
     1.770000000     0.000000000     2.221030224     0.000000000
     1.780000000     0.000000000     2.222928782     0.000000000
     1.790000000     0.000000000     2.224845054     0.000000000
     1.800000000     0.000000000     2.226779202     0.000000000
     1.810000000     0.000000000     2.228731393     0.000000000
     1.820000000     0.000000000     2.230701796     0.000000000
     1.830000000     0.000000000     2.232690582     0.000000000
     1.840000000     0.000000000     2.234697926     0.000000000
     1.850000000     0.000000000     2.236724006     0.000000000
     1.860000000     0.000000000     2.238769002     0.000000000
     1.870000000     0.000000000     2.240833097     0.000000000
     1.880000000     0.000000000     2.242916476     0.000000000
     1.890000000     0.000000000     2.245019331     0.000000000
     1.900000000     0.000000000     2.247141852     0.000000000
     1.910000000     0.000000000     2.249284236     0.000000000
     1.920000000     0.000000000     2.251446682     0.000000000
     1.930000000     0.000000000     2.253629391     0.000000000
     1.940000000     0.000000000     2.255832571     0.000000000
     1.950000000     0.000000000     2.258056429     0.000000000
     1.960000000     0.000000000     2.260301179     0.000000000
     1.970000000     0.000000000     2.262567038     0.000000000
     1.980000000     0.000000000     2.264854225     0.000000000
     1.990000000     0.000000000     2.267162965     0.000000000
     2.000000000     0.000000000     2.269493485     0.000000000
     2.010000000     0.000000000     2.271846018     0.000000000
     2.020000000     0.000000000     2.274220798     0.000000000
     2.030000000     0.000000000     2.276618068     0.000000000
     2.040000000     0.000000000     2.279038070     0.000000000
     2.050000000     0.000000000     2.281481053     0.000000000
     2.060000000     0.000000000     2.283947271     0.000000000
     2.070000000     0.000000000     2.286436982     0.000000000
     2.080000000     0.000000000     2.288950447     0.000000000
     2.090000000     0.000000000     2.291487934     0.000000000
     2.100000000     0.000000000     2.294049715     0.000000000
     2.110000000     0.000000000     2.296636067     0.000000000
     2.120000000     0.000000000     2.299247272     0.000000000
     2.130000000     0.000000000     2.301883618     0.000000000
     2.140000000     0.000000000     2.304545396     0.000000000
     2.150000000     0.000000000     2.307232905     0.000000000
     2.160000000     0.000000000     2.309946450     0.000000000
     2.170000000     0.000000000     2.312686339     0.000000000
     2.180000000     0.000000000     2.315452888     0.000000000
     2.190000000     0.000000000     2.318246418     0.000000000
     2.200000000     0.000000000     2.321067258     0.000000000
     2.210000000     0.000000000     2.323915741     0.000000000
     2.220000000     0.000000000     2.326792207     0.000000000
     2.230000000     0.000000000     2.329697005     0.000000000
     2.240000000     0.000000000     2.332630488     0.000000000
     2.250000000     0.000000000     2.335593016     0.000000000
     2.260000000     0.000000000     2.338584960     0.000000000
     2.270000000     0.000000000     2.341606693     0.000000000
     2.280000000     0.000000000     2.344658600     0.000000000
     2.290000000     0.000000000     2.347741072     0.000000000
     2.300000000     0.000000000     2.350854507     0.000000000
     2.310000000     0.000000000     2.353999313     0.000000000
     2.320000000     0.000000000     2.357175906     0.000000000
     2.330000000     0.000000000     2.360384710     0.000000000
     2.340000000     0.000000000     2.363626158     0.000000000
     2.350000000     0.000000000     2.366900694     0.000000000
     2.360000000     0.000000000     2.370208769     0.000000000
     2.370000000     0.000000000     2.373550844     0.000000000
     2.380000000     0.000000000     2.376927391     0.000000000
     2.390000000     0.000000000     2.380338892     0.000000000
     2.400000000     0.000000000     2.383785839     0.000000000
     2.410000000     0.000000000     2.387268736     0.000000000
     2.420000000     0.000000000     2.390788096     0.000000000
     2.430000000     0.000000000     2.394344446     0.000000000
     2.440000000     0.000000000     2.397938323     0.000000000
     2.450000000     0.000000000     2.401570277     0.000000000
     2.460000000     0.000000000     2.405240870     0.000000000
     2.470000000     0.000000000     2.408950677     0.000000000
     2.480000000     0.000000000     2.412700287     0.000000000
     2.490000000     0.000000000     2.416490303     0.000000000
     2.500000000     0.000000000     2.420321340     0.000000000
     2.510000000     0.000000001     2.424194030     0.000000000
     2.520000000     0.000000001     2.428109020     0.000000000
     2.530000000     0.000000001     2.432066969     0.000000000
     2.540000000     0.000000002     2.436068557     0.000000000
     2.550000000     0.000000003     2.440114477     0.000000000
     2.560000000     0.000000004     2.444205440     0.000000000
     2.570000000     0.000000006     2.448342176     0.000000000
     2.580000000     0.000000009     2.452525432     0.000000000
     2.590000000     0.000000012     2.456755973     0.000000000
     2.600000000     0.000000018     2.461034585     0.000000000
     2.610000000     0.000000025     2.465362074     0.000000000
     2.620000000     0.000000036     2.469739265     0.000000001
     2.630000000     0.000000051     2.474167006     0.000000001
     2.640000000     0.000000072     2.478646168     0.000000001
     2.650000000     0.000000102     2.483177644     0.000000002
     2.660000000     0.000000142     2.487762349     0.000000003
     2.670000000     0.000000198     2.492401227     0.000000004
     2.680000000     0.000000275     2.497095243     0.000000005
     2.690000000     0.000000379     2.501845391     0.000000008
     2.700000000     0.000000520     2.506652692     0.000000010
     2.710000000     0.000000712     2.511518195     0.000000014
     2.720000000     0.000000970     2.516442978     0.000000019
     2.730000000     0.000001315     2.521428150     0.000000026
     2.740000000     0.000001775     2.526474852     0.000000036
     2.750000000     0.000002386     2.531584257     0.000000048
     2.760000000     0.000003194     2.536757571     0.000000065
     2.770000000     0.000004257     2.541996037     0.000000087
     2.780000000     0.000005649     2.547300934     0.000000115
     2.790000000     0.000007465     2.552673577     0.000000152
     2.800000000     0.000009821     2.558115323     0.000000201
     2.810000000     0.000012867     2.563627568     0.000000264
     2.820000000     0.000016785     2.569211750     0.000000345
     2.830000000     0.000021802     2.574869350     0.000000449
     2.840000000     0.000028200     2.580601897     0.000000582
     2.850000000     0.000036321     2.586410965     0.000000751
     2.860000000     0.000046583     2.592298175     0.000000965
     2.870000000     0.000059495     2.598265202     0.000001235
     2.880000000     0.000075669     2.604313771     0.000001574
     2.890000000     0.000095839     2.610445660     0.000001996
     2.900000000     0.000120882     2.616662704     0.000002521
     2.910000000     0.000151842     2.622966796     0.000003171
     2.920000000     0.000189948     2.629359886     0.000003971
     2.930000000     0.000236648     2.635843987     0.000004951
     2.940000000     0.000293634     2.642421173     0.000006147
     2.950000000     0.000362875     2.649093585     0.000007600
     2.960000000     0.000446647     2.655863425     0.000009357
     2.970000000     0.000547573     2.662732966     0.000011470
     2.980000000     0.000668655     2.669704548     0.000014002
     2.990000000     0.000813313     2.676780577     0.000017021
     3.000000000     0.000985424     2.683963531     0.000020604
     3.010000000     0.001189359     2.691255954     0.000024837
     3.020000000     0.001430023     2.698660460     0.000029814
     3.030000000     0.001712889     2.706179726     0.000035641
     3.040000000     0.002044035     2.713816494     0.000042430
     3.050000000     0.002430176     2.721573564     0.000050305
     3.060000000     0.002878693     2.729453789     0.000059397
     3.070000000     0.003397660     2.737460067     0.000069846
     3.080000000     0.003995864     2.745595331     0.000081800
     3.090000000     0.004682818     2.753862536     0.000095415
     3.100000000     0.005468771     2.762264643     0.000110850
     3.110000000     0.006364710     2.770804597     0.000128270
     3.120000000     0.007382352     2.779485297     0.000147843
     3.130000000     0.008534129     2.788309570     0.000169736
     3.140000000     0.009833161     2.797280126     0.000194118
     3.150000000     0.011293220     2.806399505     0.000221153
     3.160000000     0.012928684     2.815670022     0.000250998
     3.170000000     0.014754472     2.825093688     0.000283807
     3.180000000     0.016785977     2.834672124     0.000319722
     3.190000000     0.019038971     2.844406448     0.000358874
     3.200000000     0.021529508     2.854297158     0.000401383
     3.210000000     0.024273798     2.864343979     0.000447355
     3.220000000     0.027288078     2.874545693     0.000496881
     3.230000000     0.030588455     2.884899955     0.000550038
     3.240000000     0.034190738     2.895403083     0.000606891
     3.250000000     0.038110250     2.906049840     0.000667490
     3.260000000     0.042361630     2.916833227     0.000731876
     3.270000000     0.046958614     2.927744287     0.000800081
     3.280000000     0.051913807     2.938771979     0.000872135
     3.290000000     0.057238451     2.949903143     0.000948067
     3.300000000     0.062942183     2.961122617     0.001027912
     3.310000000     0.069032798     2.972413571     0.001111718
     3.320000000     0.075516020     2.983758115     0.001199552
     3.330000000     0.082395286     2.995138213     0.001291508
     3.340000000     0.089671561     3.006536917     0.001387714
     3.350000000     0.097343177     3.017939825     0.001488345
     3.360000000     0.105405719     3.029336590     0.001593630
     3.370000000     0.113851967     3.040722189     0.001703859
     3.380000000     0.122671891     3.052097566     0.001819402
     3.390000000     0.131852724     3.063469277     0.001940710
     3.400000000     0.141379106     3.074847850     0.002068333
     3.410000000     0.151233316     3.086244816     0.002202929
     3.420000000     0.161395583     3.097668676     0.002345275
     3.430000000     0.171844492     3.109120338     0.002496279
     3.440000000     0.182557464     3.120588743     0.002656994
     3.450000000     0.193511319     3.132047427     0.002828627
     3.460000000     0.204682906     3.143452606     0.003012555
     3.470000000     0.216049785     3.154743227     0.003210334
     3.480000000     0.227590951     3.165843213     0.003423718
     3.490000000     0.239287571     3.176666039     0.003654666
     3.500000000     0.251123719     3.187121620     0.003905359
     3.510000000     0.263087088     3.197125365     0.004178217
     3.520000000     0.275169646     3.206608931     0.004475907
     3.530000000     0.287368213     3.215531786     0.004801362
     3.540000000     0.299684942     3.223892155     0.005157792
     3.550000000     0.312127680     3.231735414     0.005548701
     3.560000000     0.324710182     3.239157838     0.005977895
     3.570000000     0.337452180     3.246303930     0.006449494
     3.580000000     0.350379284     3.253356589     0.006967945
     3.590000000     0.363522720     3.260520848     0.007538023
     3.600000000     0.376918902     3.268003496     0.008164841
     3.610000000     0.390608854     3.275991918     0.008853844
     3.620000000     0.404637489     3.284635673     0.009610809
     3.630000000     0.419052769     3.294033535     0.010441834
     3.640000000     0.433904774     3.304227346     0.011353327
     3.650000000     0.449244706     3.315202596     0.012351978
     3.660000000     0.465123861     3.326894508     0.013444741
     3.670000000     0.481592601     3.339197813     0.014638791
     3.680000000     0.498699369     3.351978335     0.015941487
     3.690000000     0.516489769     3.365084740     0.017360324
     3.700000000     0.535005741     3.378359260     0.018902870
     3.710000000     0.554284874     3.391646677     0.020576709
     3.720000000     0.574359854     3.404801243     0.022389364
     3.730000000     0.595258082     3.417691527     0.024348223
     3.740000000     0.617001455     3.430203331     0.026460454
     3.750000000     0.639606329     3.442240839     0.028732916
     3.760000000     0.663083637     3.453726230     0.031172071
     3.770000000     0.687439168     3.464598009     0.033783884
     3.780000000     0.712673977     3.474808540     0.036573736
     3.790000000     0.738784910     3.484321502     0.039546322
     3.800000000     0.765765203     3.493110154     0.042705565
     3.810000000     0.793605138     3.501157170     0.046054527
     3.820000000     0.822292715     3.508456258     0.049595329
     3.830000000     0.851814308     3.515015011     0.053329075
     3.840000000     0.882155269     3.520857784     0.057255793
     3.850000000     0.913300459     3.526027105     0.061374378
     3.860000000     0.945234673     3.530582520     0.065682556
     3.870000000     0.977942942     3.534596512     0.070176856
     3.880000000     1.011410696     3.538148069     0.074852599
     3.890000000     1.045623772     3.541315075     0.079703906
     3.900000000     1.080568283     3.544166904     0.084723719
     3.910000000     1.116230329     3.546758287     0.089903836
     3.920000000     1.152595582     3.549125007     0.095234971
     3.930000000     1.189648739     3.551281425     0.100706824
     3.940000000     1.227372889     3.553219468     0.106308168
     3.950000000     1.265748799     3.554908596     0.112026952
     3.960000000     1.304754156     3.556296396     0.117850416
     3.970000000     1.344362795     3.557309717     0.123765220
     3.980000000     1.384543944     3.557856547     0.129757583
     3.990000000     1.425261510     3.557828976     0.135813431
     4.000000000     1.466473449     3.557107624     0.141918547
     4.010000000     1.508131222     3.555567633     0.148058731
     4.020000000     1.550179388     3.553086027     0.154219959
     4.030000000     1.592555323     3.549549783     0.160388542
     4.040000000     1.635189101     3.544863645     0.166551277
     4.050000000     1.678003529     3.538956461     0.172695598
     4.060000000     1.720914344     3.531784834     0.178809718
     4.070000000     1.763830566     3.523333140     0.184882753
     4.080000000     1.806655007     3.513609553     0.190904842
     4.090000000     1.849284903     3.502638524     0.196867242
     4.100000000     1.891612679     3.490451065     0.202762411
     4.110000000     1.933526805     3.477074851     0.208584072
     4.120000000     1.974912730     3.462526311     0.214327247
     4.130000000     2.015653874     3.446806520     0.219988278
     4.140000000     2.055632648     3.429901798     0.225564821
     4.150000000     2.094731484     3.411788903     0.231055810
     4.160000000     2.132833853     3.392443789     0.236461406
     4.170000000     2.169825257     3.371852301     0.241782914
     4.180000000     2.205594168     3.350020923     0.247022681
     4.190000000     2.240032922     3.326985792     0.252183968
     4.200000000     2.273038548     3.302818429     0.257270806
     4.210000000     2.304513528     3.277627135     0.262287834
     4.220000000     2.334366498     3.251553616     0.267240114
     4.230000000     2.362512892     3.224765220     0.272132948
     4.240000000     2.388875530     3.197443882     0.276971674
     4.250000000     2.413385172     3.169773449     0.281761467
     4.260000000     2.435981034     3.141927134     0.286507139
     4.270000000     2.456611288     3.114056479     0.291212937
     4.280000000     2.475233561     3.086282581     0.295882367
     4.290000000     2.491815416     3.058689728     0.300518014
     4.300000000     2.506334856     3.031321398     0.305121397
     4.310000000     2.518780813     3.004178732     0.309692841
     4.320000000     2.529153653     2.977222141     0.314231373
     4.330000000     2.537465659     2.950376968     0.318734659
     4.340000000     2.543741498     2.923544039     0.323198966
     4.350000000     2.548018636     2.896615186     0.327619165
     4.360000000     2.550347689     2.869492593     0.331988769
     4.370000000     2.550792676     2.842109626     0.336300009
     4.380000000     2.549431138     2.814449910     0.340543947
     4.390000000     2.546354104     2.786561383     0.344710628
     4.400000000     2.541665856     2.758562702     0.348789256
     4.410000000     2.535483480     2.730640778     0.352768410
     4.420000000     2.527936160     2.703039804     0.356636281
     4.430000000     2.519164219     2.676043574     0.360380929
     4.440000000     2.509317866     2.649953829     0.363990555
     4.450000000     2.498555667     2.625067642     0.367453786
     4.460000000     2.487042744     2.601656502     0.370759954
     4.470000000     2.474948704     2.579949018     0.373899382
     4.480000000     2.462445346     2.560118336     0.376863648
     4.490000000     2.449704163     2.542274550     0.379645836
     4.500000000     2.436893708     2.526461917     0.382240763
     4.510000000     2.424176855     2.512660342     0.384645171
     4.520000000     2.411708043     2.500790430     0.386857890
     4.530000000     2.399630547     2.490721240     0.388879947
     4.540000000     2.388073868     2.482279721     0.390714646
     4.550000000     2.377151291     2.475260766     0.392367588
     4.560000000     2.366957700     2.469436851     0.393846642
     4.570000000     2.357567693     2.464566480     0.395161872
     4.580000000     2.349034075     2.460401028     0.396325404
     4.590000000     2.341386758     2.456690017     0.397351254
     4.600000000     2.334632121     2.453185241     0.398255098
     4.610000000     2.328752841     2.449644407     0.399054012
     4.620000000     2.323708221     2.445834956     0.399766161
     4.630000000     2.319435002     2.441538513     0.400410470
     4.640000000     2.315848655     2.436556085     0.401006261
     4.650000000     2.312845118     2.430713752     0.401572871
     4.660000000     2.310302943     2.423868383     0.402129268
     4.670000000     2.308085803     2.415912799     0.402693663
     4.680000000     2.306045297     2.406779885     0.403283119
     4.690000000     2.304023993     2.396445293     0.403913197
     4.700000000     2.301858636     2.384928538     0.404597600
     4.710000000     2.299383439     2.372292378     0.405347873
     4.720000000     2.296433398     2.358640325     0.406173125
     4.730000000     2.292847543     2.344112166     0.407079802
     4.740000000     2.288472064     2.328877400     0.408071519
     4.750000000     2.283163245     2.313126789     0.409148934
     4.760000000     2.276790143     2.297062577     0.410309697
     4.770000000     2.269236964     2.280888357     0.411548447
     4.780000000     2.260405098     2.264799733     0.412856886
     4.790000000     2.250214775     2.248976869     0.414223903
     4.800000000     2.238606314     2.233579681     0.415635774
     4.810000000     2.225540967     2.218745947     0.417076407
     4.820000000     2.211001341     2.204592153     0.418527652
     4.830000000     2.194991405     2.191216552     0.419969662
     4.840000000     2.177536108     2.178703738     0.421381287
     4.850000000     2.158680616     2.167130046     0.422740518
     4.860000000     2.138489213     2.156569171     0.424024953
     4.870000000     2.117043883     2.147097476     0.425212287
     4.880000000     2.094442645     2.138798453     0.426280808
     4.890000000     2.070797650     2.131765681     0.427209904
     4.900000000     2.046233124     2.126103542     0.427980554
     4.910000000     2.020883180     2.121924932     0.428575808
     4.920000000     1.994889571     2.119345468     0.428981237
     4.930000000     1.968399423     2.118474253     0.429185350
     4.940000000     1.941563007     2.119402025     0.429179964
     4.950000000     1.914531582     2.122188374     0.428960524
     4.960000000     1.887455377     2.126850293     0.428526364
     4.970000000     1.860481724     2.133354476     0.427880900
     4.980000000     1.833753400     2.141615331     0.427031759
     4.990000000     1.807407191     2.151499642     0.425990823
     5.000000000     1.781572706     2.162837469     0.424774208
     5.010000000     1.756371457     2.175437581     0.423402160
     5.020000000     1.731916211     2.189104730     0.421898869
     5.030000000     1.708310621     2.203655859     0.420292215
     5.040000000     1.685649124     2.218932764     0.418613440
     5.050000000     1.664017104     2.234809839     0.416896744
     5.060000000     1.643491298     2.251196752     0.415178829
     5.070000000     1.624140426     2.268036970     0.413498380
     5.080000000     1.606026023     2.285303604     0.411895507
     5.090000000     1.589203436     2.302993998     0.410411138
     5.100000000     1.573722974     2.321124124     0.409086393
     5.110000000     1.559631160     2.339723333     0.407961940
     5.120000000     1.546972067     2.358829577     0.407077337
     5.130000000     1.535788706     2.378485000     0.406470392
     5.140000000     1.526124438     2.398731794     0.406176523
     5.150000000     1.518024384     2.419608283     0.406228162
     5.160000000     1.511536808     2.441145440     0.406654182
     5.170000000     1.506714461     2.463364173     0.407479383
     5.180000000     1.503615868     2.486273808     0.408724028
     5.190000000     1.502306540     2.509872075     0.410403448
     5.200000000     1.502860111     2.534146610     0.412527717
     5.210000000     1.505359389     2.559077632     0.415101408
     5.220000000     1.509897316     2.584641128     0.418123430
     5.230000000     1.516577838     2.610811737     0.421586951
     5.240000000     1.525516678     2.637564618     0.425479409
     5.250000000     1.536842009     2.664875869     0.429782613
     5.260000000     1.550695023     2.692721429     0.434472925
     5.270000000     1.567230382     2.721074816     0.439521533
     5.280000000     1.586616556     2.749904297     0.444894795
     5.290000000     1.609035999     2.779170319     0.450554665
     5.300000000     1.634685181     2.808823894     0.456459181
     5.310000000     1.663774413     2.838806455     0.462563015
     5.320000000     1.696527461     2.869051239     0.468818066
     5.330000000     1.733180888     2.899485846     0.475174103
     5.340000000     1.773983099     2.930035266     0.481579433
     5.350000000     1.819193034     2.960624576     0.487981581
     5.360000000     1.869078460     2.991180550     0.494327987
     5.370000000     1.923913818     3.021631740     0.500566690
     5.380000000     1.983977574     3.051906876     0.506646997
     5.390000000     2.049549025     3.081931749     0.512520127
     5.400000000     2.120904540     3.111624993     0.518139806
     5.410000000     2.198313183     3.140893335     0.523462826
     5.420000000     2.282031726     3.169626975     0.528449526
     5.430000000     2.372299041     3.197695707     0.533064224
     5.440000000     2.469329892     3.224946274     0.537275554
     5.450000000     2.573308168     3.251201242     0.541056739
     5.460000000     2.684379633     3.276259378     0.544385764
     5.470000000     2.802644259     3.299897255     0.547245468
     5.480000000     2.928148290     3.321871551     0.549623542
     5.490000000     3.060876154     3.341921341     0.551512440
     5.500000000     3.200742420     3.359769626     0.552909206
     5.510000000     3.347583968     3.375123387     0.553815210
     5.520000000     3.501152618     3.387671619     0.554235825
     5.530000000     3.661108422     3.397081086     0.554180020
     5.540000000     3.827013888     3.402989879     0.553659905
     5.550000000     3.998329380     3.404999276     0.552690229
     5.560000000     4.174409926     3.402664780     0.551287842
     5.570000000     4.354503697     3.395487536     0.549471133
     5.580000000     4.537752352     3.382907428     0.547259466
     5.590000000     4.723193443     3.364299196     0.544672618
     5.600000000     4.909765036     3.338972682     0.541730238
     5.610000000     5.096312631     3.306178073     0.538451336
     5.620000000     5.281598455     3.265116735     0.534853820
     5.630000000     5.464313083     3.214958028     0.530954094
     5.640000000     5.643089340     3.154862329     0.526766710
     5.650000000     5.816518305     3.084010340     0.522304109
     5.660000000     5.983167227     3.001638617     0.517576432
     5.670000000     6.141599042     2.907080918     0.512591425
     5.680000000     6.290393174     2.799814604     0.507354425
     5.690000000     6.428167195     2.679510575     0.501868439
     5.700000000     6.553598897     2.546084330     0.496134298
     5.710000000     6.665448313     2.399744499     0.490150904
     5.720000000     6.762579163     2.241034101     0.483915541
     5.730000000     6.843979218     2.070859138     0.477424251
     5.740000000     6.908779092     1.890499346     0.470672265
     5.750000000     6.956268977     1.701597315     0.463654480
     5.760000000     6.985912890     1.506124329     0.456365955
     5.770000000     6.997360046     1.306323986     0.448802432
     5.780000000     6.990453062     1.104637039     0.440960854
     5.790000000     6.965232742     0.903612916     0.432839868
     5.800000000     6.921939303     0.705814463     0.424440309
     5.810000000     6.861010004     0.513722820     0.415765637
     5.820000000     6.783073200     0.329648869     0.406822328
     5.830000000     6.688938970     0.155656536     0.397620203
     5.840000000     6.579586544    -0.006498286     0.388172690
     5.850000000     6.456148832    -0.155411125     0.378497003
     5.860000000     6.319894431    -0.290053990     0.368614249
     5.870000000     6.172207561    -0.409782689     0.358549442
     5.880000000     6.014566388    -0.514327740     0.348331439
     5.890000000     5.848520266    -0.603770718     0.337992790
     5.900000000     5.675666404    -0.678508179     0.327569503
     5.910000000     5.497626480    -0.739205607     0.317100746
     5.920000000     5.316023710    -0.786744194     0.306628463
     5.930000000     5.132460814    -0.822163713     0.296196946
     5.940000000     4.948499316    -0.846605045     0.285852341
     5.950000000     4.765640543    -0.861255911     0.275642121
     5.960000000     4.585308593    -0.867302817     0.265614525
     5.970000000     4.408835534    -0.865891344     0.255817972
     5.980000000     4.237448973    -0.858095721     0.246300474
     5.990000000     4.072262073    -0.844897717     0.237109042
     6.000000000     3.914266064    -0.827174194     0.228289107
     6.010000000     3.764325163    -0.805692458     0.219883962
     6.020000000     3.623173832    -0.781112491     0.211934236
     6.030000000     3.491416205    -0.753995080     0.204477397
     6.040000000     3.369527497    -0.724814672     0.197547315
     6.050000000     3.257857169    -0.693975542     0.191173865
     6.060000000     3.156633624    -0.661829675     0.185382588
     6.070000000     3.065970156    -0.628694828     0.180194416
     6.080000000     2.985871924    -0.594871494     0.175625453
     6.090000000     2.916243696    -0.560657844     0.171686824
     6.100000000     2.856898122    -0.526361970     0.168384586
     6.110000000     2.807564344    -0.492310877     0.165719703
     6.120000000     2.767896727    -0.458855649     0.163688080
     6.130000000     2.737483569    -0.426372308     0.162280661
     6.140000000     2.715855643    -0.395258044     0.161483579
     6.150000000     2.702494468    -0.365922898     0.161278357
     6.160000000     2.696840221    -0.338777446     0.161642162
     6.170000000     2.698299243    -0.314217558     0.162548103
     6.180000000     2.706251106    -0.292607704     0.163965556
     6.190000000     2.720055216    -0.274264544     0.165860539
     6.200000000     2.739056981    -0.259442561     0.168196101
     6.210000000     2.762593536    -0.248323348     0.170932739
     6.220000000     2.789999070    -0.241009806     0.174028834
     6.230000000     2.820609790    -0.237526058     0.177441091
     6.240000000     2.853768540    -0.237823403     0.181124990
     6.250000000     2.888829144    -0.241791970     0.185035236
     6.260000000     2.925160476    -0.249277005     0.189126206
     6.270000000     2.962150319    -0.260097975     0.193352383
     6.280000000     2.999209004    -0.274068072     0.197668777
     6.290000000     3.035772874    -0.291011504     0.202031330
     6.300000000     3.071307569    -0.310776301     0.206397294
     6.310000000     3.105311121    -0.333241146     0.210725588
     6.320000000     3.137316857    -0.358315812     0.214977120
     6.330000000     3.166896092    -0.385935750     0.219115077
     6.340000000     3.193660569    -0.416052079     0.223105187
     6.350000000     3.217264616    -0.448618537     0.226915933
     6.360000000     3.237406976    -0.483576982     0.230518735
     6.370000000     3.253832263    -0.520842870     0.233888088
     6.380000000     3.266331992    -0.560291944     0.237001662
     6.390000000     3.274745138    -0.601749138     0.239840358
     6.400000000     3.278958173    -0.644980501     0.242388322
     6.410000000     3.278904556    -0.689688639     0.244632918
     6.420000000     3.274563626    -0.735512009     0.246564668
     6.430000000     3.265958900    -0.782028240     0.248177142
     6.440000000     3.253155757    -0.828761743     0.249466822
     6.450000000     3.236258531    -0.875195921     0.250432930
     6.460000000     3.215407021    -0.920790240     0.251077225
     6.470000000     3.190772494    -0.965002019     0.251403775
     6.480000000     3.162553209    -1.007311995     0.251418708
     6.490000000     3.130969571    -1.047251725     0.251129941
     6.500000000     3.096258988    -1.084430014     0.250546903
     6.510000000     3.058670558    -1.118555202     0.249680244
     6.520000000     3.018459684    -1.149450572     0.248541546
     6.530000000     2.975882763    -1.177061237     0.247143037
     6.540000000     2.931192061    -1.201452284     0.245497306
     6.550000000     2.884630906    -1.222799256     0.243617046
     6.560000000     2.836429321    -1.241372817     0.241514801
     6.570000000     2.786800211    -1.257519566     0.239202743
     6.580000000     2.735936189    -1.271640697     0.236692479
     6.590000000     2.684007131    -1.284169712     0.233994886
     6.600000000     2.631158510    -1.295550089     0.231119978
     6.610000000     2.577510547    -1.306213700     0.228076813
     6.620000000     2.523158187    -1.316560904     0.224873439
     6.630000000     2.468171883    -1.326943322     0.221516874
     6.640000000     2.412599147    -1.337650285     0.218013126
     6.650000000     2.356466795    -1.348899608     0.214367250
     6.660000000     2.299783817    -1.360832854     0.210583437
     6.670000000     2.242544744    -1.373514640     0.206665138
     6.680000000     2.184733409    -1.386935139     0.202615208
     6.690000000     2.126326956    -1.401014779     0.198436081
     6.700000000     2.067299973    -1.415610338     0.194129951
     6.710000000     2.007628606    -1.430522000     0.189698975
     6.720000000     1.947294508    -1.445501280     0.185145472
     6.730000000     1.886288519    -1.460259930     0.180472125
     6.740000000     1.824613940    -1.474479910     0.175682177
     6.750000000     1.762289319    -1.487824403     0.170779604
     6.760000000     1.699350661    -1.499949692     0.165769284
     6.770000000     1.635853006    -1.510517594     0.160657128
     6.780000000     1.571871342    -1.519208022     0.155450187
     6.790000000     1.507500836    -1.525731098     0.150156733
     6.800000000     1.442856398    -1.529838182     0.144786299
     6.810000000     1.378071598    -1.531331074     0.139349681
     6.820000000     1.313297002    -1.530068799     0.133858913
     6.830000000     1.248697984    -1.525971491     0.128327199
     6.840000000     1.184452096    -1.519021150     0.122768812
     6.850000000     1.120746089    -1.509259303     0.117198963
     6.860000000     1.057772690    -1.496781839     0.111633641
     6.870000000     0.995727219    -1.481731547     0.106089433
     6.880000000     0.934804175    -1.464289060     0.100583316
     6.890000000     0.875193859    -1.444663023     0.095132444
     6.900000000     0.817079151    -1.423080282     0.089753927
     6.910000000     0.760632506    -1.399776787     0.084464596
     6.920000000     0.706013253    -1.374989665     0.079280788
     6.930000000     0.653365240    -1.348950723     0.074218126
     6.940000000     0.602814884    -1.321881403     0.069291316
     6.950000000     0.554469652    -1.293989099     0.064513969
     6.960000000     0.508416979    -1.265464661     0.059898433
     6.970000000     0.464723637    -1.236480900     0.055455657
     6.980000000     0.423435541    -1.207191932     0.051195083
     6.990000000     0.384577963    -1.177733202     0.047124567
     7.000000000     0.348156136    -1.148222040     0.043250320
     7.010000000     0.314156187    -1.118758616     0.039576894
     7.020000000     0.282546379    -1.089427171     0.036107184
     7.030000000     0.253278592    -1.060297425     0.032842466
     7.040000000     0.226289996    -1.031426045     0.029782451
     7.050000000     0.201504869    -1.002858145     0.026925373
     7.060000000     0.178836510    -0.974628720     0.024268087
     7.070000000     0.158189182    -0.946764019     0.021806187
     7.080000000     0.139460063    -0.919282799     0.019534137
     7.090000000     0.122541157    -0.892197464     0.017445413
     7.100000000     0.107321122    -0.865515081     0.015532644
     7.110000000     0.093687000    -0.839238257     0.013787765
     7.120000000     0.081525830    -0.813365905     0.012202163
     7.130000000     0.070726109    -0.787893887     0.010766819
     7.140000000     0.061179119    -0.762815551     0.009472449
     7.150000000     0.052780093    -0.738122192     0.008309630
     7.160000000     0.045429240    -0.713803423     0.007268924
     7.170000000     0.039032621    -0.689847500     0.006340982
     7.180000000     0.033502892    -0.666241609     0.005516640
     7.190000000     0.028759933    -0.642972110     0.004787006
     7.200000000     0.024731363    -0.620024769     0.004143524
     7.210000000     0.021352968    -0.597384966     0.003578036
     7.220000000     0.018569055    -0.575037868     0.003082823
     7.230000000     0.016332749    -0.552968583     0.002650635
     7.240000000     0.014606243    -0.531162268     0.002274718
     7.250000000     0.013361020    -0.509604215     0.001948821
     7.260000000     0.012578050    -0.488279890     0.001667196
     7.270000000     0.012247976    -0.467174972     0.001424597
     7.280000000     0.012371290    -0.446275359     0.001216262
     7.290000000     0.012958487    -0.425567177     0.001037900
     7.300000000     0.014030215    -0.405036792     0.000885662
     7.310000000     0.015617386    -0.384670824     0.000756121
     7.320000000     0.017761250    -0.364456167     0.000646242
     7.330000000     0.020513406    -0.344380030     0.000553347
     7.340000000     0.023935728    -0.324429983     0.000475093
     7.350000000     0.028100182    -0.304594019     0.000409434
     7.360000000     0.033088495    -0.284860638     0.000354597
     7.370000000     0.038991661    -0.265218951     0.000309049
     7.380000000     0.045909231    -0.245658805     0.000271470
     7.390000000     0.053948373    -0.226170945     0.000240730
     7.400000000     0.063222662    -0.206747206     0.000215860
     7.410000000     0.073850573    -0.187380753     0.000196037
     7.420000000     0.085953669    -0.168066375     0.000180555
     7.430000000     0.099654456    -0.148800844     0.000168815
     7.440000000     0.115073912    -0.129583351     0.000160306
     7.450000000     0.132328695    -0.110416045     0.000154588
     7.460000000     0.151528051    -0.091304674     0.000151283
     7.470000000     0.172770463    -0.072259381     0.000150064
     7.480000000     0.196140078    -0.053295652     0.000150645
     7.490000000     0.221702994    -0.034435468     0.000152773
     7.500000000     0.249503472    -0.015708690     0.000156221
     7.510000000     0.279560182     0.002845284     0.000160787
     7.520000000     0.311862573     0.021175547     0.000166281
     7.530000000     0.346367503     0.039217345     0.000172531
     7.540000000     0.382996230     0.056889334     0.000179373
     7.550000000     0.421631906     0.074090390     0.000186656
     7.560000000     0.462117696     0.090695943     0.000194232
     7.570000000     0.504255624     0.106553837     0.000201964
     7.580000000     0.547806278     0.121479759     0.000209719
     7.590000000     0.592489432     0.135252339     0.000217371
     7.600000000     0.637985681     0.147608148     0.000224802
     7.610000000     0.683939111     0.158236994     0.000231898
     7.620000000     0.729961022     0.166778127     0.000238554
     7.630000000     0.775634679     0.172818330     0.000244673
     7.640000000     0.820521041     0.175893248     0.000250167
     7.650000000     0.864165371     0.175493776     0.000254955
     7.660000000     0.906104599     0.171079697     0.000258970
     7.670000000     0.945875291     0.162102939     0.000262152
     7.680000000     0.983022029     0.148042517     0.000264453
     7.690000000     1.017105995     0.128452136     0.000265837
     7.700000000     1.047713550     0.103019351     0.000266279
     7.710000000     1.074464549     0.071631908     0.000265766
     7.720000000     1.097020188     0.034442933     0.000264298
     7.730000000     1.115090134    -0.008077208     0.000261883
     7.740000000     1.128438742    -0.055116471     0.000258545
     7.750000000     1.136890168    -0.105536631     0.000254314
     7.760000000     1.140332220    -0.157935017     0.000249232
     7.770000000     1.138718840    -0.210748696     0.000243350
     7.780000000     1.132071127    -0.262386377     0.000236726
     7.790000000     1.120476871    -0.311365374     0.000229428
     7.800000000     1.104088633    -0.356429507     0.000221525
     7.810000000     1.083120389    -0.396629364     0.000213094
     7.820000000     1.057842891    -0.431356557     0.000204214
     7.830000000     1.028577837    -0.460334490     0.000194967
     7.840000000     0.995691066    -0.483576159     0.000185435
     7.850000000     0.959584952    -0.501322922     0.000175701
     7.860000000     0.920690231    -0.513977475     0.000165843
     7.870000000     0.879457486    -0.522041020     0.000155941
     7.880000000     0.836348535    -0.526060527     0.000146067
     7.890000000     0.791827928    -0.526588408     0.000136292
     7.900000000     0.746354797    -0.524154388     0.000126680
     7.910000000     0.700375228    -0.519247863     0.000117289
     7.920000000     0.654315337    -0.512308534     0.000108171
     7.930000000     0.608575189    -0.503723028     0.000099372
     7.940000000     0.563523654    -0.493825572     0.000090930
     7.950000000     0.519494283    -0.482901163     0.000082878
     7.960000000     0.476782230    -0.471190102     0.000075240
     7.970000000     0.435642228    -0.458893089     0.000068035
     7.980000000     0.396287576    -0.446176380     0.000061274
     7.990000000     0.358890102    -0.433176685     0.000054964
     8.000000000     0.323580993    -0.420005640     0.000049106
     8.010000000     0.290452411    -0.406753790     0.000043696
     8.020000000     0.259559779    -0.393494050     0.000038724
     8.030000000     0.230924600    -0.380284685     0.000034179
     8.040000000     0.204537699    -0.367171845     0.000030044
     8.050000000     0.180362757    -0.354191692     0.000026302
     8.060000000     0.158340011    -0.341372191     0.000022931
     8.070000000     0.138390014    -0.328734598     0.000019910
     8.080000000     0.120417357    -0.316294693     0.000017216
     8.090000000     0.104314254    -0.304063806     0.000014824
     8.100000000     0.089963932    -0.292049661     0.000012712
     8.110000000     0.077243757    -0.280257066     0.000010856
     8.120000000     0.066028056    -0.268688495     0.000009231
     8.130000000     0.056190615    -0.257344546     0.000007817
     8.140000000     0.047606821    -0.246224337     0.000006592
     8.150000000     0.040155468    -0.235325816     0.000005536
     8.160000000     0.033720212    -0.224646019     0.000004629
     8.170000000     0.028190708    -0.214181282     0.000003854
     8.180000000     0.023463442    -0.203927414     0.000003195
     8.190000000     0.019442295    -0.193879835     0.000002638
     8.200000000     0.016038855    -0.184033689     0.000002169
     8.210000000     0.013172531    -0.174383937     0.000001775
     8.220000000     0.010770481    -0.164925433     0.000001447
     8.230000000     0.008767403    -0.155652979     0.000001174
     8.240000000     0.007105209    -0.146561373     0.000000949
     8.250000000     0.005732614    -0.137645450     0.000000764
     8.260000000     0.004604670    -0.128900109     0.000000612
     8.270000000     0.003682259    -0.120320334     0.000000488
     8.280000000     0.002931569    -0.111901216     0.000000388
     8.290000000     0.002323570    -0.103637960     0.000000307
     8.300000000     0.001833502    -0.095525901     0.000000241
     8.310000000     0.001440380    -0.087560505     0.000000189
     8.320000000     0.001126529    -0.079737374     0.000000148
     8.330000000     0.000877158    -0.072052251     0.000000115
     8.340000000     0.000679960    -0.064501019     0.000000089
     8.350000000     0.000524757    -0.057079699     0.000000068
     8.360000000     0.000403184    -0.049784451     0.000000053
     8.370000000     0.000308403    -0.042611569     0.000000040
     8.380000000     0.000234857    -0.035557482     0.000000031
     8.390000000     0.000178057    -0.028618746     0.000000023
     8.400000000     0.000134395    -0.021792043     0.000000017
     8.410000000     0.000100990    -0.015074179     0.000000013
     8.420000000     0.000075551    -0.008462077     0.000000010
     8.430000000     0.000056270    -0.001952773     0.000000007
     8.440000000     0.000041723     0.004456586     0.000000005
     8.450000000     0.000030800     0.010768747     0.000000004
     8.460000000     0.000022636     0.016986356     0.000000003
     8.470000000     0.000016562     0.023111961     0.000000002
     8.480000000     0.000012064     0.029148015     0.000000002
     8.490000000     0.000008749     0.035096881     0.000000001
     8.500000000     0.000006316     0.040960836     0.000000001
     8.510000000     0.000004540     0.046742074     0.000000001
     8.520000000     0.000003249     0.052442710     0.000000000
     8.530000000     0.000002315     0.058064782     0.000000000
     8.540000000     0.000001642     0.063610254     0.000000000
     8.550000000     0.000001159     0.069081022     0.000000000
     8.560000000     0.000000815     0.074478914     0.000000000
     8.570000000     0.000000570     0.079805693     0.000000000
     8.580000000     0.000000397     0.085063062     0.000000000
     8.590000000     0.000000276     0.090252665     0.000000000
     8.600000000     0.000000190     0.095376089     0.000000000
     8.610000000     0.000000131     0.100434866     0.000000000
     8.620000000     0.000000090     0.105430479     0.000000000
     8.630000000     0.000000061     0.110364357     0.000000000
     8.640000000     0.000000041     0.115237887     0.000000000
     8.650000000     0.000000028     0.120052405     0.000000000
     8.660000000     0.000000019     0.124809208     0.000000000
     8.670000000     0.000000013     0.129509547     0.000000000
     8.680000000     0.000000008     0.134154635     0.000000000
     8.690000000     0.000000006     0.138745646     0.000000000
     8.700000000     0.000000004     0.143283718     0.000000000
     8.710000000     0.000000002     0.147769951     0.000000000
     8.720000000     0.000000002     0.152205414     0.000000000
     8.730000000     0.000000001     0.156591140     0.000000000
     8.740000000     0.000000001     0.160928133     0.000000000
     8.750000000     0.000000000     0.165217365     0.000000000
     8.760000000     0.000000000     0.169459780     0.000000000
     8.770000000     0.000000000     0.173656295     0.000000000
     8.780000000     0.000000000     0.177807798     0.000000000
     8.790000000     0.000000000     0.181915153     0.000000000
     8.800000000     0.000000000     0.185979197     0.000000000
     8.810000000     0.000000000     0.190000744     0.000000000
     8.820000000     0.000000000     0.193980587     0.000000000
     8.830000000     0.000000000     0.197919494     0.000000000
     8.840000000     0.000000000     0.201818213     0.000000000
     8.850000000     0.000000000     0.205677472     0.000000000
     8.860000000     0.000000000     0.209497976     0.000000000
     8.870000000     0.000000000     0.213280415     0.000000000
     8.880000000     0.000000000     0.217025459     0.000000000
     8.890000000     0.000000000     0.220733758     0.000000000
     8.900000000     0.000000000     0.224405948     0.000000000
     8.910000000     0.000000000     0.228042647     0.000000000
     8.920000000     0.000000000     0.231644458     0.000000000
     8.930000000     0.000000000     0.235211966     0.000000000
     8.940000000     0.000000000     0.238745744     0.000000000
     8.950000000     0.000000000     0.242246349     0.000000000
     8.960000000     0.000000000     0.245714324     0.000000000
     8.970000000     0.000000000     0.249150200     0.000000000
     8.980000000     0.000000000     0.252554493     0.000000000
     8.990000000     0.000000000     0.255927708     0.000000000
     9.000000000     0.000000000     0.259270337     0.000000000
     9.010000000     0.000000000     0.262582861     0.000000000
     9.020000000     0.000000000     0.265865748     0.000000000
     9.030000000     0.000000000     0.269119456     0.000000000
     9.040000000     0.000000000     0.272344433     0.000000000
     9.050000000     0.000000000     0.275541115     0.000000000
     9.060000000     0.000000000     0.278709929     0.000000000
     9.070000000     0.000000000     0.281851293     0.000000000
     9.080000000     0.000000000     0.284965614     0.000000000
     9.090000000     0.000000000     0.288053291     0.000000000
     9.100000000     0.000000000     0.291114713     0.000000000
     9.110000000     0.000000000     0.294150262     0.000000000
     9.120000000     0.000000000     0.297160310     0.000000000
     9.130000000     0.000000000     0.300145221     0.000000000
     9.140000000     0.000000000     0.303105354     0.000000000
     9.150000000     0.000000000     0.306041056     0.000000000
     9.160000000     0.000000000     0.308952670     0.000000000
     9.170000000     0.000000000     0.311840530     0.000000000
     9.180000000     0.000000000     0.314704964     0.000000000
     9.190000000     0.000000000     0.317546292     0.000000000
     9.200000000     0.000000000     0.320364830     0.000000000
     9.210000000     0.000000000     0.323160883     0.000000000
     9.220000000     0.000000000     0.325934755     0.000000000
     9.230000000     0.000000000     0.328686740     0.000000000
     9.240000000     0.000000000     0.331417128     0.000000000
     9.250000000     0.000000000     0.334126203     0.000000000
     9.260000000     0.000000000     0.336814243     0.000000000
     9.270000000     0.000000000     0.339481521     0.000000000
     9.280000000     0.000000000     0.342128305     0.000000000
     9.290000000     0.000000000     0.344754856     0.000000000
     9.300000000     0.000000000     0.347361432     0.000000000
     9.310000000     0.000000000     0.349948286     0.000000000
     9.320000000     0.000000000     0.352515665     0.000000000
     9.330000000     0.000000000     0.355063812     0.000000000
     9.340000000     0.000000000     0.357592965     0.000000000
     9.350000000     0.000000000     0.360103360     0.000000000
     9.360000000     0.000000000     0.362595225     0.000000000
     9.370000000     0.000000000     0.365068787     0.000000000
     9.380000000     0.000000000     0.367524266     0.000000000
     9.390000000     0.000000000     0.369961881     0.000000000
     9.400000000     0.000000000     0.372381844     0.000000000
     9.410000000     0.000000000     0.374784367     0.000000000
     9.420000000     0.000000000     0.377169655     0.000000000
     9.430000000     0.000000000     0.379537910     0.000000000
     9.440000000     0.000000000     0.381889332     0.000000000
     9.450000000     0.000000000     0.384224116     0.000000000
     9.460000000     0.000000000     0.386542455     0.000000000
     9.470000000     0.000000000     0.388844537     0.000000000
     9.480000000     0.000000000     0.391130549     0.000000000
     9.490000000     0.000000000     0.393400673     0.000000000
     9.500000000     0.000000000     0.395655088     0.000000000
     9.510000000     0.000000000     0.397893970     0.000000000
     9.520000000     0.000000000     0.400117495     0.000000000
     9.530000000     0.000000000     0.402325832     0.000000000
     9.540000000     0.000000000     0.404519150     0.000000000
     9.550000000     0.000000000     0.406697613     0.000000000
     9.560000000     0.000000000     0.408861385     0.000000000
     9.570000000     0.000000000     0.411010625     0.000000000
     9.580000000     0.000000000     0.413145491     0.000000000
     9.590000000     0.000000000     0.415266137     0.000000000
     9.600000000     0.000000000     0.417372717     0.000000000
     9.610000000     0.000000000     0.419465380     0.000000000
     9.620000000     0.000000000     0.421544275     0.000000000
     9.630000000     0.000000000     0.423609546     0.000000000
     9.640000000     0.000000000     0.425661337     0.000000000
     9.650000000     0.000000000     0.427699789     0.000000000
     9.660000000     0.000000000     0.429725041     0.000000000
     9.670000000     0.000000000     0.431737230     0.000000000
     9.680000000     0.000000000     0.433736490     0.000000000
     9.690000000     0.000000000     0.435722954     0.000000000
     9.700000000     0.000000000     0.437696753     0.000000000
     9.710000000     0.000000000     0.439658016     0.000000000
     9.720000000     0.000000000     0.441606870     0.000000000
     9.730000000     0.000000000     0.443543439     0.000000000
     9.740000000     0.000000000     0.445467847     0.000000000
     9.750000000     0.000000000     0.447380216     0.000000000
     9.760000000     0.000000000     0.449280665     0.000000000
     9.770000000     0.000000001     0.451169313     0.000000001
     9.780000000     0.000000001     0.453046275     0.000000001
     9.790000000     0.000000001     0.454911666     0.000000001
     9.800000000     0.000000002     0.456765599     0.000000002
     9.810000000     0.000000002     0.458608187     0.000000002
     9.820000000     0.000000003     0.460439538     0.000000003
     9.830000000     0.000000004     0.462259761     0.000000004
     9.840000000     0.000000006     0.464068963     0.000000005
     9.850000000     0.000000008     0.465867250     0.000000007
     9.860000000     0.000000010     0.467654726     0.000000010
     9.870000000     0.000000014     0.469431493     0.000000013
     9.880000000     0.000000018     0.471197652     0.000000017
     9.890000000     0.000000024     0.472953304     0.000000023
     9.900000000     0.000000032     0.474698546     0.000000030
     9.910000000     0.000000042     0.476433477     0.000000039
     9.920000000     0.000000055     0.478158192     0.000000051
     9.930000000     0.000000072     0.479872786     0.000000067
     9.940000000     0.000000093     0.481577353     0.000000087
     9.950000000     0.000000120     0.483271984     0.000000112
     9.960000000     0.000000154     0.484956771     0.000000144
     9.970000000     0.000000197     0.486631803     0.000000184
     9.980000000     0.000000251     0.488297170     0.000000234
     9.990000000     0.000000318     0.489952960     0.000000296
    10.000000000     0.000000401     0.491599258     0.000000373
    10.010000000     0.000000504     0.493236150     0.000000469
    10.020000000     0.000000630     0.494863720     0.000000586
    10.030000000     0.000000784     0.496482053     0.000000730
    10.040000000     0.000000972     0.498091230     0.000000905
    10.050000000     0.000001199     0.499691332     0.000001116
    10.060000000     0.000001473     0.501282440     0.000001371
    10.070000000     0.000001801     0.502864634     0.000001677
    10.080000000     0.000002193     0.504437990     0.000002041
    10.090000000     0.000002658     0.506002588     0.000002474
    10.100000000     0.000003207     0.507558502     0.000002986
    10.110000000     0.000003853     0.509105809     0.000003587
    10.120000000     0.000004608     0.510644583     0.000004290
    10.130000000     0.000005487     0.512174897     0.000005108
    10.140000000     0.000006504     0.513696825     0.000006055
    10.150000000     0.000007676     0.515210437     0.000007146
    10.160000000     0.000009019     0.516715804     0.000008396
    10.170000000     0.000010550     0.518212996     0.000009822
    10.180000000     0.000012286     0.519702081     0.000011438
    10.190000000     0.000014244     0.521183127     0.000013261
    10.200000000     0.000016441     0.522656201     0.000015306
    10.210000000     0.000018892     0.524121366     0.000017588
    10.220000000     0.000021613     0.525578688     0.000020122
    10.230000000     0.000024617     0.527028228     0.000022917
    10.240000000     0.000027913     0.528470048     0.000025986
    10.250000000     0.000031510     0.529904207     0.000029335
    10.260000000     0.000035413     0.531330762     0.000032969
    10.270000000     0.000039623     0.532749770     0.000036888
    10.280000000     0.000044137     0.534161282     0.000041091
    10.290000000     0.000048948     0.535565349     0.000045569
    10.300000000     0.000054041     0.536962018     0.000050311
    10.310000000     0.000059400     0.538351334     0.000055300
    10.320000000     0.000065001     0.539733335     0.000060514
    10.330000000     0.000070815     0.541108057     0.000065927
    10.340000000     0.000076807     0.542475528     0.000071505
    10.350000000     0.000082936     0.543835773     0.000077211
    10.360000000     0.000089157     0.545188808     0.000083003
    10.370000000     0.000095420     0.546534643     0.000088833
    10.380000000     0.000101670     0.547873278     0.000094652
    10.390000000     0.000107849     0.549204709     0.000100404
    10.400000000     0.000113896     0.550528921     0.000106034
    10.410000000     0.000119749     0.551845894     0.000111482
    10.420000000     0.000125344     0.553155606     0.000116691
    10.430000000     0.000130618     0.554458034     0.000121602
    10.440000000     0.000135511     0.555753161     0.000126157
    10.450000000     0.000139964     0.557040982     0.000130303
    10.460000000     0.000143922     0.558321516     0.000133987
    10.470000000     0.000147336     0.559594810     0.000137166
    10.480000000     0.000150162     0.560860952     0.000139796
    10.490000000     0.000152363     0.562120074     0.000141846
    10.500000000     0.000153911     0.563372354     0.000143287
    10.510000000     0.000154786     0.564618012     0.000144101
    10.520000000     0.000154975     0.565857296     0.000144277
    10.530000000     0.000154476     0.567090470     0.000143813
    10.540000000     0.000153296     0.568317792     0.000142714
    10.550000000     0.000151450     0.569539498     0.000140996
    10.560000000     0.000148963     0.570755787     0.000138681
    10.570000000     0.000145867     0.571966813     0.000135798
    10.580000000     0.000142202     0.573172682     0.000132386
    10.590000000     0.000138015     0.574373458     0.000128488
    10.600000000     0.000133357     0.575569169     0.000124151
    10.610000000     0.000128284     0.576759812     0.000119429
    10.620000000     0.000122857     0.577945369     0.000114376
    10.630000000     0.000117138     0.579125809     0.000109052
    10.640000000     0.000111190     0.580301099     0.000103515
    10.650000000     0.000105076     0.581471205     0.000097823
    10.660000000     0.000098858     0.582636098     0.000092034
    10.670000000     0.000092595     0.583795754     0.000086203
    10.680000000     0.000086345     0.584950155     0.000080384
    10.690000000     0.000080159     0.586099291     0.000074626
    10.700000000     0.000074086     0.587243160     0.000068972
    10.710000000     0.000068170     0.588381762     0.000063464
    10.720000000     0.000062448     0.589515106     0.000058137
    10.730000000     0.000056953     0.590643204     0.000053022
    10.740000000     0.000051711     0.591766073     0.000048141
    10.750000000     0.000046743     0.592883733     0.000043516
    10.760000000     0.000042065     0.593996207     0.000039161
    10.770000000     0.000037688     0.595103519     0.000035086
    10.780000000     0.000033616     0.596205696     0.000031295
    10.790000000     0.000029851     0.597302767     0.000027790
    10.800000000     0.000026390     0.598394761     0.000024568
    10.810000000     0.000023227     0.599481710     0.000021624
    10.820000000     0.000020353     0.600563643     0.000018948
    10.830000000     0.000017755     0.601640594     0.000016529
    10.840000000     0.000015420     0.602712593     0.000014355
    10.850000000     0.000013332     0.603779673     0.000012412
    10.860000000     0.000011477     0.604841867     0.000010684
    10.870000000     0.000009835     0.605899207     0.000009156
    10.880000000     0.000008391     0.606951725     0.000007812
    10.890000000     0.000007128     0.607999454     0.000006636
    10.900000000     0.000006027     0.609042427     0.000005611
    10.910000000     0.000005074     0.610080674     0.000004724
    10.920000000     0.000004253     0.611114229     0.000003959
    10.930000000     0.000003549     0.612143123     0.000003304
    10.940000000     0.000002948     0.613167387     0.000002745
    10.950000000     0.000002438     0.614187052     0.000002270
    10.960000000     0.000002008     0.615202151     0.000001869
    10.970000000     0.000001646     0.616212712     0.000001532
    10.980000000     0.000001343     0.617218768     0.000001250
    10.990000000     0.000001091     0.618220348     0.000001016
    11.000000000     0.000000883     0.619217481     0.000000822
    11.010000000     0.000000711     0.620210199     0.000000662
    11.020000000     0.000000570     0.621198530     0.000000531
    11.030000000     0.000000455     0.622182503     0.000000423
    11.040000000     0.000000361     0.623162147     0.000000336
    11.050000000     0.000000286     0.624137491     0.000000266
    11.060000000     0.000000225     0.625108564     0.000000210
    11.070000000     0.000000177     0.626075392     0.000000164
    11.080000000     0.000000138     0.627038005     0.000000128
    11.090000000     0.000000107     0.627996429     0.000000100
    11.100000000     0.000000083     0.628950692     0.000000077
    11.110000000     0.000000064     0.629900822     0.000000059
    11.120000000     0.000000049     0.630846844     0.000000046
    11.130000000     0.000000037     0.631788785     0.000000035
    11.140000000     0.000000028     0.632726672     0.000000026
    11.150000000     0.000000021     0.633660531     0.000000020
    11.160000000     0.000000016     0.634590387     0.000000015
    11.170000000     0.000000012     0.635516266     0.000000011
    11.180000000     0.000000009     0.636438194     0.000000008
    11.190000000     0.000000007     0.637356196     0.000000006
    11.200000000     0.000000005     0.638270296     0.000000005
    11.210000000     0.000000004     0.639180519     0.000000003
    11.220000000     0.000000003     0.640086890     0.000000003
    11.230000000     0.000000002     0.640989432     0.000000002
    11.240000000     0.000000001     0.641888171     0.000000001
    11.250000000     0.000000001     0.642783129     0.000000001
    11.260000000     0.000000001     0.643674331     0.000000001
    11.270000000     0.000000001     0.644561799     0.000000000
    11.280000000     0.000000000     0.645445558     0.000000000
    11.290000000     0.000000000     0.646325629     0.000000000
    11.300000000     0.000000000     0.647202036     0.000000000
    11.310000000     0.000000000     0.648074801     0.000000000
    11.320000000     0.000000000     0.648943946     0.000000000
    11.330000000     0.000000000     0.649809495     0.000000000
    11.340000000     0.000000000     0.650671469     0.000000000
    11.350000000     0.000000000     0.651529889     0.000000000
    11.360000000     0.000000000     0.652384777     0.000000000
    11.370000000     0.000000000     0.653236156     0.000000000
    11.380000000     0.000000000     0.654084045     0.000000000
    11.390000000     0.000000000     0.654928467     0.000000000
    11.400000000     0.000000000     0.655769441     0.000000000
    11.410000000     0.000000000     0.656606990     0.000000000
    11.420000000     0.000000000     0.657441133     0.000000000
    11.430000000     0.000000000     0.658271890     0.000000000
    11.440000000     0.000000000     0.659099283     0.000000000
    11.450000000     0.000000000     0.659923331     0.000000000
    11.460000000     0.000000000     0.660744053     0.000000000
    11.470000000     0.000000000     0.661561471     0.000000000
    11.480000000     0.000000000     0.662375603     0.000000000
    11.490000000     0.000000000     0.663186468     0.000000000
    11.500000000     0.000000000     0.663994087     0.000000000
    11.510000000     0.000000000     0.664798477     0.000000000
    11.520000000     0.000000000     0.665599659     0.000000000
    11.530000000     0.000000000     0.666397650     0.000000000
    11.540000000     0.000000000     0.667192470     0.000000000
    11.550000000     0.000000000     0.667984137     0.000000000
    11.560000000     0.000000000     0.668772669     0.000000000
    11.570000000     0.000000000     0.669558084     0.000000000
    11.580000000     0.000000000     0.670340401     0.000000000
    11.590000000     0.000000000     0.671119638     0.000000000
    11.600000000     0.000000000     0.671895811     0.000000000
    11.610000000     0.000000000     0.672668940     0.000000000
    11.620000000     0.000000000     0.673439041     0.000000000
    11.630000000     0.000000000     0.674206132     0.000000000
    11.640000000     0.000000000     0.674970229     0.000000000
    11.650000000     0.000000000     0.675731351     0.000000000
    11.660000000     0.000000000     0.676489513     0.000000000
    11.670000000     0.000000000     0.677244733     0.000000000
    11.680000000     0.000000000     0.677997028     0.000000000
    11.690000000     0.000000000     0.678746414     0.000000000
    11.700000000     0.000000000     0.679492907     0.000000000
    11.710000000     0.000000000     0.680236524     0.000000000
    11.720000000     0.000000000     0.680977281     0.000000000
    11.730000000     0.000000000     0.681715193     0.000000000
    11.740000000     0.000000000     0.682450278     0.000000000
    11.750000000     0.000000000     0.683182551     0.000000000
    11.760000000     0.000000000     0.683912026     0.000000000
    11.770000000     0.000000000     0.684638721     0.000000000
    11.780000000     0.000000000     0.685362651     0.000000000
    11.790000000     0.000000000     0.686083830     0.000000000
    11.800000000     0.000000000     0.686802274     0.000000000
    11.810000000     0.000000000     0.687517998     0.000000000
    11.820000000     0.000000000     0.688231018     0.000000000
    11.830000000     0.000000000     0.688941347     0.000000000
    11.840000000     0.000000000     0.689649001     0.000000000
    11.850000000     0.000000000     0.690353995     0.000000000
    11.860000000     0.000000000     0.691056343     0.000000000
    11.870000000     0.000000000     0.691756059     0.000000000
    11.880000000     0.000000000     0.692453158     0.000000000
    11.890000000     0.000000000     0.693147654     0.000000000
    11.900000000     0.000000000     0.693839561     0.000000000
    11.910000000     0.000000000     0.694528893     0.000000000
    11.920000000     0.000000000     0.695215664     0.000000000
    11.930000000     0.000000000     0.695899889     0.000000000
    11.940000000     0.000000000     0.696581579     0.000000000
    11.950000000     0.000000000     0.697260751     0.000000000
    11.960000000     0.000000000     0.697937416     0.000000000
    11.970000000     0.000000000     0.698611588     0.000000000
    11.980000000     0.000000000     0.699283281     0.000000000
    11.990000000     0.000000000     0.699952507     0.000000000
    12.000000000     0.000000000     0.700619281     0.000000000
    12.010000000     0.000000000     0.701283614     0.000000000
    12.020000000     0.000000000     0.701945520     0.000000000
    12.030000000     0.000000000     0.702605012     0.000000000
    12.040000000     0.000000000     0.703262103     0.000000000
    12.050000000     0.000000000     0.703916805     0.000000000
    12.060000000     0.000000000     0.704569130     0.000000000
    12.070000000     0.000000000     0.705219092     0.000000000
    12.080000000     0.000000000     0.705866703     0.000000000
    12.090000000     0.000000000     0.706511974     0.000000000
    12.100000000     0.000000000     0.707154919     0.000000000
    12.110000000     0.000000000     0.707795549     0.000000000
    12.120000000     0.000000000     0.708433877     0.000000000
    12.130000000     0.000000000     0.709069914     0.000000000
    12.140000000     0.000000000     0.709703672     0.000000000
    12.150000000     0.000000000     0.710335163     0.000000000
    12.160000000     0.000000000     0.710964399     0.000000000
    12.170000000     0.000000000     0.711591392     0.000000000
    12.180000000     0.000000000     0.712216153     0.000000000
    12.190000000     0.000000000     0.712838693     0.000000000
    12.200000000     0.000000000     0.713459024     0.000000000
    12.210000000     0.000000000     0.714077158     0.000000000
    12.220000000     0.000000000     0.714693105     0.000000000
    12.230000000     0.000000000     0.715306876     0.000000000
    12.240000000     0.000000000     0.715918484     0.000000000
    12.250000000     0.000000000     0.716527938     0.000000000
    12.260000000     0.000000000     0.717135250     0.000000000
    12.270000000     0.000000000     0.717740430     0.000000000
    12.280000000     0.000000000     0.718343490     0.000000000
    12.290000000     0.000000000     0.718944440     0.000000000
    12.300000000     0.000000000     0.719543291     0.000000000
    12.310000000     0.000000000     0.720140053     0.000000000
    12.320000000     0.000000000     0.720734737     0.000000000
    12.330000000     0.000000000     0.721327353     0.000000000
    12.340000000     0.000000000     0.721917912     0.000000000
    12.350000000     0.000000000     0.722506424     0.000000000
    12.360000000     0.000000000     0.723092899     0.000000000
    12.370000000     0.000000000     0.723677347     0.000000000
    12.380000000     0.000000000     0.724259778     0.000000000
    12.390000000     0.000000000     0.724840204     0.000000000
    12.400000000     0.000000000     0.725418632     0.000000000
    12.410000000     0.000000000     0.725995074     0.000000000
    12.420000000     0.000000000     0.726569539     0.000000000
    12.430000000     0.000000000     0.727142036     0.000000000
    12.440000000     0.000000000     0.727712577     0.000000000
    12.450000000     0.000000000     0.728281169     0.000000000
    12.460000000     0.000000000     0.728847823     0.000000000
    12.470000000     0.000000000     0.729412549     0.000000000
    12.480000000     0.000000000     0.729975355     0.000000000
    12.490000000     0.000000000     0.730536251     0.000000000
    12.500000000     0.000000000     0.731095247     0.000000000
    12.510000000     0.000000000     0.731652351     0.000000000
    12.520000000     0.000000000     0.732207573     0.000000000
    12.530000000     0.000000000     0.732760922     0.000000000
    12.540000000     0.000000000     0.733312408     0.000000000
    12.550000000     0.000000000     0.733862038     0.000000000
    12.560000000     0.000000000     0.734409822     0.000000000
    12.570000000     0.000000000     0.734955769     0.000000000
    12.580000000     0.000000000     0.735499889     0.000000000
    12.590000000     0.000000000     0.736042188     0.000000000
    12.600000000     0.000000000     0.736582677     0.000000000
    12.610000000     0.000000000     0.737121364     0.000000000
    12.620000000     0.000000000     0.737658258     0.000000000
    12.630000000     0.000000000     0.738193367     0.000000000
    12.640000000     0.000000000     0.738726699     0.000000000
    12.650000000     0.000000000     0.739258264     0.000000000
    12.660000000     0.000000000     0.739788069     0.000000000
    12.670000000     0.000000000     0.740316124     0.000000000
    12.680000000     0.000000000     0.740842435     0.000000000
    12.690000000     0.000000000     0.741367012     0.000000000
    12.700000000     0.000000000     0.741889863     0.000000000
    12.710000000     0.000000000     0.742410995     0.000000000
    12.720000000     0.000000000     0.742930417     0.000000000
    12.730000000     0.000000000     0.743448137     0.000000000
    12.740000000     0.000000000     0.743964164     0.000000000
    12.750000000     0.000000000     0.744478504     0.000000000
    12.760000000     0.000000000     0.744991165     0.000000000
    12.770000000     0.000000000     0.745502157     0.000000000
    12.780000000     0.000000000     0.746011485     0.000000000
    12.790000000     0.000000000     0.746519159     0.000000000
    12.800000000     0.000000000     0.747025186     0.000000000
    12.810000000     0.000000000     0.747529573     0.000000000
    12.820000000     0.000000000     0.748032329     0.000000000
    12.830000000     0.000000000     0.748533460     0.000000000
    12.840000000     0.000000000     0.749032974     0.000000000
    12.850000000     0.000000000     0.749530879     0.000000000
    12.860000000     0.000000000     0.750027181     0.000000000
    12.870000000     0.000000000     0.750521889     0.000000000
    12.880000000     0.000000000     0.751015010     0.000000000
    12.890000000     0.000000000     0.751506551     0.000000000
    12.900000000     0.000000000     0.751996519     0.000000000
    12.910000000     0.000000000     0.752484922     0.000000000
    12.920000000     0.000000000     0.752971766     0.000000000
    12.930000000     0.000000000     0.753457059     0.000000000
    12.940000000     0.000000000     0.753940808     0.000000000
    12.950000000     0.000000000     0.754423019     0.000000000
    12.960000000     0.000000000     0.754903700     0.000000000
    12.970000000     0.000000000     0.755382858     0.000000000
    12.980000000     0.000000000     0.755860500     0.000000000
    12.990000000     0.000000000     0.756336632     0.000000000
    13.000000000     0.000000000     0.756811261     0.000000000
