     0.000000000     0.000000000     2.859763300     0.000000000
     0.010000000     0.000000000     2.859770620     0.000000000
     0.020000000     0.000000000     2.859792579     0.000000000
     0.030000000     0.000000000     2.859829180     0.000000000
     0.040000000     0.000000000     2.859880424     0.000000000
     0.050000000     0.000000000     2.859946313     0.000000000
     0.060000000     0.000000000     2.860026852     0.000000000
     0.070000000     0.000000000     2.860122045     0.000000000
     0.080000000     0.000000000     2.860231896     0.000000000
     0.090000000     0.000000000     2.860356412     0.000000000
     0.100000000     0.000000000     2.860495600     0.000000000
     0.110000000     0.000000000     2.860649466     0.000000000
     0.120000000     0.000000000     2.860818020     0.000000000
     0.130000000     0.000000000     2.861001270     0.000000000
     0.140000000     0.000000000     2.861199226     0.000000000
     0.150000000     0.000000000     2.861411900     0.000000000
     0.160000000     0.000000000     2.861639301     0.000000000
     0.170000000     0.000000000     2.861881444     0.000000000
     0.180000000     0.000000000     2.862138340     0.000000000
     0.190000000     0.000000000     2.862410004     0.000000000
     0.200000000     0.000000000     2.862696450     0.000000000
     0.210000000     0.000000000     2.862997694     0.000000000
     0.220000000     0.000000000     2.863313753     0.000000000
     0.230000000     0.000000000     2.863644643     0.000000000
     0.240000000     0.000000000     2.863990382     0.000000000
     0.250000000     0.000000000     2.864350990     0.000000000
     0.260000000     0.000000000     2.864726485     0.000000000
     0.270000000     0.000000000     2.865116889     0.000000000
     0.280000000     0.000000000     2.865522222     0.000000000
     0.290000000     0.000000000     2.865942506     0.000000000
     0.300000000     0.000000000     2.866377765     0.000000000
     0.310000000     0.000000000     2.866828022     0.000000000
     0.320000000     0.000000000     2.867293302     0.000000000
     0.330000000     0.000000000     2.867773630     0.000000000
     0.340000000     0.000000000     2.868269033     0.000000000
     0.350000000     0.000000000     2.868779538     0.000000000
     0.360000000     0.000000000     2.869305172     0.000000000
     0.370000000     0.000000000     2.869845965     0.000000000
     0.380000000     0.000000000     2.870401946     0.000000000
     0.390000000     0.000000000     2.870973146     0.000000000
     0.400000000     0.000000000     2.871559597     0.000000000
     0.410000000     0.000000000     2.872161330     0.000000000
     0.420000000     0.000000000     2.872778380     0.000000000
     0.430000000     0.000000000     2.873410780     0.000000000
     0.440000000     0.000000000     2.874058565     0.000000000
     0.450000000     0.000000000     2.874721771     0.000000000
     0.460000000     0.000000000     2.875400435     0.000000000
     0.470000000     0.000000000     2.876094595     0.000000000
     0.480000000     0.000000000     2.876804290     0.000000000
     0.490000000     0.000000000     2.877529559     0.000000000
     0.500000000     0.000000000     2.878270442     0.000000000
     0.510000000     0.000000000     2.879026981     0.000000000
     0.520000000     0.000000000     2.879799219     0.000000000
     0.530000000     0.000000000     2.880587199     0.000000000
     0.540000000     0.000000000     2.881390965     0.000000000
     0.550000000     0.000000000     2.882210562     0.000000000
     0.560000000     0.000000000     2.883046037     0.000000000
     0.570000000     0.000000000     2.883897437     0.000000000
     0.580000000     0.000000000     2.884764811     0.000000000
     0.590000000     0.000000000     2.885648206     0.000000000
     0.600000000     0.000000000     2.886547675     0.000000000
     0.610000000     0.000000000     2.887463267     0.000000000
     0.620000000     0.000000000     2.888395035     0.000000000
     0.630000000     0.000000000     2.889343033     0.000000000
     0.640000000     0.000000000     2.890307314     0.000000000
     0.650000000     0.000000000     2.891287934     0.000000000
     0.660000000     0.000000000     2.892284950     0.000000000
     0.670000000     0.000000000     2.893298419     0.000000000
     0.680000000     0.000000000     2.894328399     0.000000000
     0.690000000     0.000000000     2.895374950     0.000000000
     0.700000000     0.000000000     2.896438133     0.000000000
     0.710000000     0.000000000     2.897518009     0.000000000
     0.720000000     0.000000000     2.898614642     0.000000000
     0.730000000     0.000000000     2.899728096     0.000000000
     0.740000000     0.000000000     2.900858435     0.000000000
     0.750000000     0.000000000     2.902005727     0.000000000
     0.760000000     0.000000000     2.903170037     0.000000000
     0.770000000     0.000000000     2.904351436     0.000000000
     0.780000000     0.000000000     2.905549993     0.000000000
     0.790000000     0.000000000     2.906765779     0.000000000
     0.800000000     0.000000000     2.907998866     0.000000000
     0.810000000     0.000000000     2.909249328     0.000000000
     0.820000000     0.000000000     2.910517239     0.000000000
     0.830000000     0.000000000     2.911802676     0.000000000
     0.840000000     0.000000000     2.913105715     0.000000000
     0.850000000     0.000000000     2.914426434     0.000000000
     0.860000000     0.000000000     2.915764914     0.000000000
     0.870000000     0.000000000     2.917121235     0.000000000
     0.880000000     0.000000000     2.918495480     0.000000000
     0.890000000     0.000000000     2.919887733     0.000000000
     0.900000000     0.000000000     2.921298078     0.000000000
     0.910000000     0.000000000     2.922726601     0.000000000
     0.920000000     0.000000000     2.924173391     0.000000000
     0.930000000     0.000000000     2.925638536     0.000000000
     0.940000000     0.000000000     2.927122128     0.000000000
     0.950000000     0.000000000     2.928624256     0.000000000
     0.960000000     0.000000000     2.930145016     0.000000000
     0.970000000     0.000000000     2.931684502     0.000000000
     0.980000000     0.000000000     2.933242810     0.000000000
     0.990000000     0.000000000     2.934820038     0.000000000
     1.000000000     0.000000000     2.936416285     0.000000000
     1.010000000     0.000000000     2.938031651     0.000000000
     1.020000000     0.000000000     2.939666240     0.000000000
     1.030000000     0.000000000     2.941320155     0.000000000
     1.040000000     0.000000000     2.942993501     0.000000000
     1.050000000     0.000000000     2.944686385     0.000000000
     1.060000000     0.000000000     2.946398917     0.000000000
     1.070000000     0.000000000     2.948131206     0.000000000
     1.080000000     0.000000000     2.949883364     0.000000000
     1.090000000     0.000000000     2.951655506     0.000000000
     1.100000000     0.000000000     2.953447746     0.000000000
     1.110000000     0.000000000     2.955260201     0.000000000
     1.120000000     0.000000000     2.957092991     0.000000000
     1.130000000     0.000000000     2.958946236     0.000000000
     1.140000000     0.000000000     2.960820058     0.000000000
     1.150000000     0.000000000     2.962714582     0.000000000
     1.160000000     0.000000000     2.964629934     0.000000000
     1.170000000     0.000000000     2.966566241     0.000000000
     1.180000000     0.000000000     2.968523634     0.000000000
     1.190000000     0.000000000     2.970502244     0.000000000
     1.200000000     0.000000000     2.972502206     0.000000000
     1.210000000     0.000000000     2.974523655     0.000000000
     1.220000000     0.000000000     2.976566728     0.000000000
     1.230000000     0.000000000     2.978631566     0.000000000
     1.240000000     0.000000000     2.980718310     0.000000000
     1.250000000     0.000000000     2.982827105     0.000000000
     1.260000000     0.000000000     2.984958096     0.000000000
     1.270000000     0.000000000     2.987111432     0.000000000
     1.280000000     0.000000000     2.989287263     0.000000000
     1.290000000     0.000000000     2.991485742     0.000000000
     1.300000000     0.000000000     2.993707024     0.000000000
     1.310000000     0.000000000     2.995951266     0.000000000
     1.320000000     0.000000000     2.998218627     0.000000000
     1.330000000     0.000000000     3.000509271     0.000000000
     1.340000000     0.000000000     3.002823360     0.000000000
     1.350000000     0.000000000     3.005161062     0.000000000
     1.360000000     0.000000000     3.007522546     0.000000000
     1.370000000     0.000000000     3.009907984     0.000000000
     1.380000000     0.000000000     3.012317550     0.000000000
     1.390000000     0.000000000     3.014751421     0.000000000
     1.400000000     0.000000000     3.017209776     0.000000000
     1.410000000     0.000000000     3.019692799     0.000000000
     1.420000000     0.000000000     3.022200673     0.000000000
     1.430000000     0.000000000     3.024733587     0.000000000
     1.440000000     0.000000000     3.027291730     0.000000000
     1.450000000     0.000000000     3.029875297     0.000000000
     1.460000000     0.000000000     3.032484484     0.000000000
     1.470000000     0.000000000     3.035119489     0.000000000
     1.480000000     0.000000000     3.037780516     0.000000000
     1.490000000     0.000000000     3.040467769     0.000000000
     1.500000000     0.000000000     3.043181456     0.000000000
     1.510000000     0.000000000     3.045921790     0.000000000
     1.520000000     0.000000000     3.048688985     0.000000000
     1.530000000     0.000000000     3.051483259     0.000000000
     1.540000000     0.000000000     3.054304833     0.000000000
     1.550000000     0.000000000     3.057153932     0.000000000
     1.560000000     0.000000000     3.060030784     0.000000000
     1.570000000     0.000000000     3.062935620     0.000000000
     1.580000000     0.000000000     3.065868676     0.000000000
     1.590000000     0.000000000     3.068830191     0.000000000
     1.600000000     0.000000000     3.071820407     0.000000000
     1.610000000     0.000000000     3.074839569     0.000000000
     1.620000000     0.000000000     3.077887929     0.000000000
     1.630000000     0.000000000     3.080965739     0.000000000
     1.640000000     0.000000000     3.084073258     0.000000000
     1.650000000     0.000000000     3.087210748     0.000000000
     1.660000000     0.000000000     3.090378474     0.000000000
     1.670000000     0.000000000     3.093576706     0.000000000
     1.680000000     0.000000000     3.096805719     0.000000000
     1.690000000     0.000000000     3.100065791     0.000000000
     1.700000000     0.000000000     3.103357206     0.000000000
     1.710000000     0.000000000     3.106680250     0.000000000
     1.720000000     0.000000000     3.110035216     0.000000000
     1.730000000     0.000000000     3.113422401     0.000000000
     1.740000000     0.000000000     3.116842106     0.000000000
     1.750000000     0.000000000     3.120294637     0.000000000
     1.760000000     0.000000000     3.123780306     0.000000000
     1.770000000     0.000000000     3.127299429     0.000000000
     1.780000000     0.000000000     3.130852327     0.000000000
     1.790000000     0.000000000     3.134439327     0.000000000
     1.800000000     0.000000000     3.138060760     0.000000000
     1.810000000     0.000000000     3.141716964     0.000000000
     1.820000000     0.000000000     3.145408283     0.000000000
     1.830000000     0.000000000     3.149135063     0.000000000
     1.840000000     0.000000000     3.152897660     0.000000000
     1.850000000     0.000000000     3.156696434     0.000000000
     1.860000000     0.000000000     3.160531750     0.000000000
     1.870000000     0.000000000     3.164403981     0.000000000
     1.880000000     0.000000000     3.168313506     0.000000000
     1.890000000     0.000000000     3.172260709     0.000000000
     1.900000000     0.000000000     3.176245981     0.000000000
     1.910000000     0.000000000     3.180269720     0.000000000
     1.920000000     0.000000000     3.184332332     0.000000000
     1.930000000     0.000000000     3.188434227     0.000000000
     1.940000000     0.000000000     3.192575825     0.000000000
     1.950000000     0.000000000     3.196757551     0.000000000
     1.960000000     0.000000000     3.200979838     0.000000000
     1.970000000     0.000000000     3.205243127     0.000000000
     1.980000000     0.000000000     3.209547867     0.000000000
     1.990000000     0.000000000     3.213894513     0.000000000
     2.000000000     0.000000000     3.218283531     0.000000000
     2.010000000     0.000000000     3.222715392     0.000000000
     2.020000000     0.000000000     3.227190577     0.000000000
     2.030000000     0.000000000     3.231709576     0.000000000
     2.040000000     0.000000000     3.236272886     0.000000000
     2.050000000     0.000000000     3.240881016     0.000000000
     2.060000000     0.000000000     3.245534481     0.000000000
     2.070000000     0.000000000     3.250233806     0.000000000
     2.080000000     0.000000000     3.254979527     0.000000000
     2.090000000     0.000000000     3.259772189     0.000000000
     2.100000000     0.000000000     3.264612346     0.000000000
     2.110000000     0.000000000     3.269500564     0.000000000
     2.120000000     0.000000000     3.274437418     0.000000000
     2.130000000     0.000000000     3.279423496     0.000000000
     2.140000000     0.000000000     3.284459393     0.000000000
     2.150000000     0.000000000     3.289545719     0.000000000
     2.160000000     0.000000000     3.294683094     0.000000000
     2.170000000     0.000000000     3.299872150     0.000000000
     2.180000000     0.000000000     3.305113530     0.000000000
     2.190000000     0.000000000     3.310407891     0.000000000
     2.200000000     0.000000000     3.315755902     0.000000000
     2.210000000     0.000000000     3.321158245     0.000000000
     2.220000000     0.000000000     3.326615615     0.000000000
     2.230000000     0.000000000     3.332128721     0.000000000
     2.240000000     0.000000000     3.337698285     0.000000000
     2.250000000     0.000000000     3.343325046     0.000000000
     2.260000000     0.000000000     3.349009754     0.000000000
     2.270000000     0.000000000     3.354753176     0.000000000
     2.280000000     0.000000000     3.360556096     0.000000000
     2.290000000     0.000000000     3.366419310     0.000000000
     2.300000000     0.000000000     3.372343633     0.000000000
     2.310000000     0.000000000     3.378329897     0.000000000
     2.320000000     0.000000000     3.384378950     0.000000000
     2.330000000     0.000000000     3.390491656     0.000000000
     2.340000000     0.000000000     3.396668901     0.000000000
     2.350000000     0.000000000     3.402911585     0.000000000
     2.360000000     0.000000000     3.409220631     0.000000000
     2.370000000     0.000000000     3.415596979     0.000000000
     2.380000000     0.000000000     3.422041590     0.000000000
     2.390000000     0.000000000     3.428555445     0.000000000
     2.400000000     0.000000000     3.435139547     0.000000000
     2.410000000     0.000000000     3.441794920     0.000000000
     2.420000000     0.000000000     3.448522611     0.000000000
     2.430000000     0.000000000     3.455323689     0.000000000
     2.440000000     0.000000000     3.462199249     0.000000000
     2.450000000     0.000000000     3.469150407     0.000000000
     2.460000000     0.000000000     3.476178306     0.000000000
     2.470000000     0.000000000     3.483284115     0.000000000
     2.480000000     0.000000000     3.490469028     0.000000000
     2.490000000     0.000000000     3.497734268     0.000000000
     2.500000000     0.000000000     3.505081085     0.000000000
     2.510000000     0.000000000     3.512510758     0.000000000
     2.520000000     0.000000000     3.520024596     0.000000000
     2.530000000     0.000000000     3.527623938     0.000000000
     2.540000000     0.000000000     3.535310157     0.000000000
     2.550000000     0.000000000     3.543084654     0.000000000
     2.560000000     0.000000001     3.550948869     0.000000000
     2.570000000     0.000000001     3.558904272     0.000000000
     2.580000000     0.000000002     3.566952372     0.000000000
     2.590000000     0.000000002     3.575094712     0.000000000
     2.600000000     0.000000003     3.583332875     0.000000000
     2.610000000     0.000000005     3.591668482     0.000000000
     2.620000000     0.000000007     3.600103195     0.000000001
     2.630000000     0.000000010     3.608638719     0.000000001
     2.640000000     0.000000014     3.617276798     0.000000001
     2.650000000     0.000000020     3.626019225     0.000000002
     2.660000000     0.000000028     3.634867837     0.000000003
     2.670000000     0.000000039     3.643824518     0.000000004
     2.680000000     0.000000055     3.652891201     0.000000005
     2.690000000     0.000000076     3.662069871     0.000000008
     2.700000000     0.000000106     3.671362565     0.000000010
     2.710000000     0.000000146     3.680771374     0.000000014
     2.720000000     0.000000201     3.690298443     0.000000019
     2.730000000     0.000000276     3.699945979     0.000000026
     2.740000000     0.000000377     3.709716246     0.000000036
     2.750000000     0.000000513     3.719611571     0.000000048
     2.760000000     0.000000695     3.729634346     0.000000065
     2.770000000     0.000000936     3.739787027     0.000000087
     2.780000000     0.000001257     3.750072143     0.000000115
     2.790000000     0.000001680     3.760492290     0.000000152
     2.800000000     0.000002236     3.771050142     0.000000201
     2.810000000     0.000002964     3.781748447     0.000000264
     2.820000000     0.000003912     3.792590033     0.000000345
     2.830000000     0.000005141     3.803577811     0.000000449
     2.840000000     0.000006728     3.814714777     0.000000582
     2.850000000     0.000008768     3.826004015     0.000000752
     2.860000000     0.000011378     3.837448703     0.000000966
     2.870000000     0.000014703     3.849052111     0.000001236
     2.880000000     0.000018921     3.860817612     0.000001574
     2.890000000     0.000024247     3.872748677     0.000001996
     2.900000000     0.000030943     3.884848886     0.000002522
     2.910000000     0.000039325     3.897121931     0.000003171
     2.920000000     0.000049771     3.909571614     0.000003971
     2.930000000     0.000062734     3.922201862     0.000004952
     2.940000000     0.000078750     3.935016719     0.000006148
     2.950000000     0.000098451     3.948020363     0.000007601
     2.960000000     0.000122584     3.961217099     0.000009358
     2.970000000     0.000152019     3.974611376     0.000011472
     2.980000000     0.000187768     3.988207780     0.000014004
     2.990000000     0.000231003     4.002011049     0.000017024
     3.000000000     0.000283075     4.016026073     0.000020607
     3.010000000     0.000345532     4.030257899     0.000024840
     3.020000000     0.000420139     4.044711741     0.000029819
     3.030000000     0.000508902     4.059392981     0.000035646
     3.040000000     0.000614089     4.074307175     0.000042437
     3.050000000     0.000738253     4.089460061     0.000050312
     3.060000000     0.000884257     4.104857561     0.000059405
     3.070000000     0.001055299     4.120505789     0.000069856
     3.080000000     0.001254942     4.136411052     0.000081811
     3.090000000     0.001487136     4.152579855     0.000095427
     3.100000000     0.001756258     4.169018907     0.000110864
     3.110000000     0.002067138     4.185735120     0.000128286
     3.120000000     0.002425100     4.202735610     0.000147861
     3.130000000     0.002836003     4.220027699     0.000169757
     3.140000000     0.003306290     4.237618909     0.000194142
     3.150000000     0.003843043     4.255516962     0.000221179
     3.160000000     0.004454045     4.273729766     0.000251027
     3.170000000     0.005147856     4.292265406     0.000283839
     3.180000000     0.005933901     4.311132129     0.000319757
     3.190000000     0.006822566     4.330338322     0.000358913
     3.200000000     0.007825319     4.349892482     0.000401425
     3.210000000     0.008954838     4.369803181     0.000447400
     3.220000000     0.010225172     4.390079023     0.000496930
     3.230000000     0.011651904     4.410728591     0.000550091
     3.240000000     0.013252351     4.431760381     0.000606947
     3.250000000     0.015045779     4.453182730     0.000667550
     3.260000000     0.017053633     4.475003729     0.000731939
     3.270000000     0.019299796     4.497231131     0.000800148
     3.280000000     0.021810862     4.519872254     0.000872206
     3.290000000     0.024616419     4.542933883     0.000948141
     3.300000000     0.027749350     4.566422187     0.001027990
     3.310000000     0.031246138     4.590342660     0.001111800
     3.320000000     0.035147163     4.614700099     0.001199637
     3.330000000     0.039497008     4.639498656     0.001291596
     3.340000000     0.044344737     4.664741967     0.001387806
     3.350000000     0.049744159     4.690433399     0.001488441
     3.360000000     0.055754055     4.716576417     0.001593729
     3.370000000     0.062438375     4.743175080     0.001703963
     3.380000000     0.069866373     4.770234651     0.001819509
     3.390000000     0.078112694     4.797762272     0.001940822
     3.400000000     0.087257393     4.825767626     0.002068451
     3.410000000     0.097385876     4.854263486     0.002203052
     3.420000000     0.108588759     4.883265972     0.002345405
     3.430000000     0.120961649     4.912794366     0.002496416
     3.440000000     0.134604817     4.942870308     0.002657139
     3.450000000     0.149622792     4.973516243     0.002828782
     3.460000000     0.166123849     5.004753140     0.003012720
     3.470000000     0.184219404     5.036597622     0.003210512
     3.480000000     0.204023312     5.069058811     0.003423909
     3.490000000     0.225651084     5.102135303     0.003654873
     3.500000000     0.249219005     5.135812643     0.003905585
     3.510000000     0.274843194     5.170061605     0.004178463
     3.520000000     0.302638582     5.204837409     0.004476176
     3.530000000     0.332717840     5.240079895     0.004801656
     3.540000000     0.365190262     5.275714532     0.005158116
     3.550000000     0.400160619     5.311654157     0.005549057
     3.560000000     0.437727992     5.347801281     0.005978286
     3.570000000     0.477984608     5.384050783     0.006449925
     3.580000000     0.521014686     5.420292795     0.006968420
     3.590000000     0.566893320     5.456415442     0.007538548
     3.600000000     0.615685404     5.492307088     0.008165420
     3.610000000     0.667444623     5.527857662     0.008854482
     3.620000000     0.722212523     5.562958771     0.009611512
     3.630000000     0.780017683     5.597502506     0.010442608
     3.640000000     0.840874992     5.631379199     0.011354179
     3.650000000     0.904785060     5.664474760     0.012352915
     3.660000000     0.971733762     5.696668498     0.013445769
     3.670000000     1.041691941     5.727832369     0.014639918
     3.680000000     1.114615264     5.757832281     0.015942721
     3.690000000     1.190444258     5.786531481     0.017361672
     3.700000000     1.269104503     5.813795231     0.018904341
     3.710000000     1.350507015     5.839495341     0.020578310
     3.720000000     1.434548786     5.863512936     0.022391102
     3.730000000     1.521113496     5.885738292     0.024350105
     3.740000000     1.610072370     5.906067663     0.026462487
     3.750000000     1.701285183     5.924398204     0.028735106
     3.760000000     1.794601369     5.940623005     0.031174422
     3.770000000     1.889861237     5.954628376     0.033786402
     3.780000000     1.986897238     5.966294823     0.036576422
     3.790000000     2.085535283     5.975501927     0.039549179
     3.800000000     2.185596057     5.982135999     0.042708593
     3.810000000     2.286896304     5.986098412     0.046057725
     3.820000000     2.389250052     5.987312336     0.049598693
     3.830000000     2.492469745     5.985726191     0.053332602
     3.840000000     2.596367257     5.981313479     0.057259477
     3.850000000     2.700754756     5.974070146     0.061378211
     3.860000000     2.805445416     5.964011659     0.065686529
     3.870000000     2.910253950     5.951172060     0.070180958
     3.880000000     3.014996978     5.935606320     0.074856819
     3.890000000     3.119493220     5.917395743     0.079708230
     3.900000000     3.223563554     5.896654549     0.084728133
     3.910000000     3.327030928     5.873534650     0.089908326
     3.920000000     3.429720200     5.848225397     0.095239522
     3.930000000     3.531457907     5.820945840     0.100711421
     3.940000000     3.632072033     5.791928692     0.106312795
     3.950000000     3.731391808     5.761397481     0.112031593
     3.960000000     3.829247596     5.729540506     0.117855058
     3.970000000     3.925470905     5.696486608     0.123769850
     3.980000000     4.019894570     5.662287690     0.129762189
     3.990000000     4.112353132     5.626911338     0.135818002
     4.000000000     4.202683441     5.590244326     0.141923074
     4.010000000     4.290725491     5.552105178     0.148063207
     4.020000000     4.376323476     5.512262211     0.154224379
     4.030000000     4.459327066     5.470453323     0.160392902
     4.040000000     4.539592842     5.426404995     0.166555575
     4.050000000     4.616985875     5.379850024     0.172699836
     4.060000000     4.691381354     5.330545292     0.178813898
     4.070000000     4.762666228     5.278291658     0.184886880
     4.080000000     4.830740758     5.222957345     0.190908922
     4.090000000     4.895519911     5.164504347     0.196871282
     4.100000000     4.956934522     5.103015021     0.202766420
     4.110000000     5.014932137     5.038714137     0.208588060
     4.120000000     5.069477491     4.971980799     0.214331225
     4.130000000     5.120552552     4.903345301     0.219992257
     4.140000000     5.168156120     4.833467863     0.225568813
     4.150000000     5.212302955     4.763099164     0.231059826
     4.160000000     5.253022448     4.693025924     0.236465458
     4.170000000     5.290356877     4.624007959     0.241787012
     4.180000000     5.324359297     4.556715202     0.247026835
     4.190000000     5.355091147     4.491673664     0.252188187
     4.200000000     5.382619669     4.429227735     0.257275098
     4.210000000     5.407015262     4.369523019     0.262292204
     4.220000000     5.428348877     4.312510017     0.267244569
     4.230000000     5.446689599     4.257965507     0.272137490
     4.240000000     5.462102531     4.205526379     0.276976306
     4.250000000     5.474647109     4.154730246     0.281766189
     4.260000000     5.484375946     4.105057853     0.286511947
     4.270000000     5.491334303     4.055973581     0.291217830
     4.280000000     5.495560240     4.006961532     0.295887339
     4.290000000     5.497085496     3.957555633     0.300523060
     4.300000000     5.495937098     3.907362939     0.305126509
     4.310000000     5.492139664     3.856079984     0.309698009
     4.320000000     5.485718360     3.803502561     0.314236587
     4.330000000     5.476702411     3.749529745     0.318739909
     4.340000000     5.465129038     3.694163168     0.323204240
     4.350000000     5.451047700     3.637502628     0.327624451
     4.360000000     5.434524464     3.579739022     0.331994054
     4.370000000     5.415646329     3.521145445     0.336305280
     4.380000000     5.394525323     3.462067095     0.340549193
     4.390000000     5.371302193     3.402910306     0.344715835
     4.400000000     5.346149510     3.344130820     0.348794412
     4.410000000     5.319274025     3.286221177     0.352773504
     4.420000000     5.290918141     3.229697045     0.356641303
     4.430000000     5.261360376     3.175082327     0.360385868
     4.440000000     5.230914738     3.122893139     0.363995403
     4.450000000     5.199928966     3.073620989     0.367458534
     4.460000000     5.168781608     3.027715877     0.370764597
     4.470000000     5.137877965     2.985570170     0.373903914
     4.480000000     5.107644968     2.947504064     0.376868066
     4.490000000     5.078525063     2.913753188     0.379650137
     4.500000000     5.050969248     2.884458614     0.382244946
     4.510000000     5.025429408     2.859659312     0.384649237
     4.520000000     5.002350123     2.839287143     0.386861840
     4.530000000     4.982160151     2.823164610     0.388883785
     4.540000000     4.965263792     2.811005844     0.390718377
     4.550000000     4.952032346     2.802421323     0.392371217
     4.560000000     4.942795873     2.796926711     0.393850176
     4.570000000     4.937835476     2.793955801     0.395165319
     4.580000000     4.937376279     2.792877119     0.396328774
     4.590000000     4.941581297     2.793013281     0.397354556
     4.600000000     4.950546339     2.793661909     0.398258342
     4.610000000     4.964296076     2.794116714     0.399057206
     4.620000000     4.982781369     2.793687299     0.399769318
     4.630000000     5.005877931     2.791716305     0.400413598
     4.640000000     5.033386343     2.787592763     0.401009369
     4.650000000     5.065033450     2.780760982     0.401575968
     4.660000000     5.100475083     2.770724999     0.402132361
     4.670000000     5.139300061     2.757049379     0.402696755
     4.680000000     5.181035385     2.739357861     0.403286216
     4.690000000     5.225152507     2.717331656     0.403916298
     4.700000000     5.271074545     2.690709018     0.404600705
     4.710000000     5.318184286     2.659286986     0.405350978
     4.720000000     5.365832822     2.622925187     0.406176224
     4.730000000     5.413348631     2.581550640     0.407082886
     4.740000000     5.460046938     2.535162021     0.408074575
     4.750000000     5.505239172     2.483832029     0.409151948
     4.760000000     5.548242338     2.427707218     0.410312651
     4.770000000     5.588388138     2.367005516     0.411551322
     4.780000000     5.625031699     2.302012258     0.412859659
     4.790000000     5.657559736     2.233075598     0.414226549
     4.800000000     5.685398058     2.160601679     0.415638267
     4.810000000     5.708018280     2.085049282     0.417078720
     4.820000000     5.724943677     2.006923227     0.418529757
     4.830000000     5.735754105     1.926765810     0.419971529
     4.840000000     5.740089945     1.845146052     0.421382888
     4.850000000     5.737655060     1.762647169     0.422741826
     4.860000000     5.728218747     1.679853205     0.424025941
     4.870000000     5.711616721     1.597335961     0.425212931
     4.880000000     5.687751162     1.515643222     0.426281086
     4.890000000     5.656589871     1.435288957     0.427209796
     4.900000000     5.618164624     1.356745895     0.427980045
     4.910000000     5.572568771     1.280440511     0.428574886
     4.920000000     5.519954206     1.206750258     0.428979896
     4.930000000     5.460527759     1.136002641     0.429183587
     4.940000000     5.394547144     1.068475675     0.429177781
     4.950000000     5.322316535     1.004399309     0.428957928
     4.960000000     5.244181866     0.943957677     0.428523369
     4.970000000     5.160525962     0.887292234     0.427877525
     4.980000000     5.071763565     0.834506009     0.427028026
     4.990000000     4.978336338     0.785669073     0.425986762
     5.000000000     4.880707930     0.740824947     0.424769853
     5.010000000     4.779359132     0.699997292     0.423397549
     5.020000000     4.674783211     0.663196014     0.421894044
     5.030000000     4.567481426     0.630422203     0.420287223
     5.040000000     4.457958796     0.601672065     0.418608329
     5.050000000     4.346720113     0.576940601     0.416891565
     5.060000000     4.234266245     0.556225920     0.415173636
     5.070000000     4.121090724     0.539534180     0.413493228
     5.080000000     4.007676641     0.526883819     0.411890449
     5.090000000     3.894493845     0.518306561     0.410406228
     5.100000000     3.781996450     0.513842728     0.409081684
     5.110000000     3.670620661     0.513529840     0.407957481
     5.120000000     3.560782903     0.517385853     0.407073176
     5.130000000     3.452878278     0.525390739     0.406466572
     5.140000000     3.347279318     0.537471122     0.406173085
     5.150000000     3.244335071     0.553492090     0.406225139
     5.160000000     3.144370490     0.573258161     0.406651603
     5.170000000     3.047686141     0.596522694     0.407477272
     5.180000000     2.954558223     0.623002843     0.408722402
     5.190000000     2.865238896     0.652396205     0.410402317
     5.200000000     2.779956901     0.684395755     0.412527086
     5.210000000     2.698918484     0.718701197     0.415101275
     5.220000000     2.622308571     0.755026474     0.418123786
     5.230000000     2.550292204     0.793104456     0.421587781
     5.240000000     2.483016194     0.832690118     0.425480694
     5.250000000     2.420610955     0.873563109     0.429784326
     5.260000000     2.363192476     0.915529860     0.434475035
     5.270000000     2.310864395     0.958424743     0.439524003
     5.280000000     2.263720098     1.002109572     0.444897586
     5.290000000     2.221844800     1.046471024     0.450557734
     5.300000000     2.185317530     1.091416053     0.456462482
     5.310000000     2.154212959     1.136865925     0.462566499
     5.320000000     2.128602989     1.182749849     0.468821685
     5.330000000     2.108558046     1.228999223     0.475177807
     5.340000000     2.094147995     1.275543290     0.481583171
     5.350000000     2.085442612     1.322306608     0.487985304
     5.360000000     2.082511566     1.369208329     0.494331646
     5.370000000     2.085423845     1.416162905     0.500570239
     5.380000000     2.094246600     1.463081668     0.506650393
     5.390000000     2.109043374     1.509874702     0.512523327
     5.400000000     2.129871711     1.556452541     0.518142774
     5.410000000     2.156780150     1.602727312     0.523465525
     5.420000000     2.189804638     1.648613045     0.528451927
     5.430000000     2.228964409     1.694024841     0.533066299
     5.440000000     2.274257390     1.738876620     0.537277281
     5.450000000     2.325655248     1.783077286     0.541058099
     5.460000000     2.383098165     1.826525329     0.544386743
     5.470000000     2.446489496     1.869102195     0.547246055
     5.480000000     2.515690453     1.910665016     0.549623730
     5.490000000     2.590514977     1.951039452     0.551512226
     5.500000000     2.670724985     1.990013384     0.552908590
     5.510000000     2.756026168     2.027332077     0.553814196
     5.520000000     2.846064532     2.062695137     0.554234419
     5.530000000     2.940423869     2.095755325     0.554178230
     5.540000000     3.038624315     2.126119045     0.553657741
     5.550000000     3.140122177     2.153348256     0.552687704
     5.560000000     3.244311136     2.176963635     0.551284968
     5.570000000     3.350524954     2.196449027     0.549467924
     5.580000000     3.458041751     2.211257554     0.547255937
     5.590000000     3.566089868     2.220819989     0.544668783
     5.600000000     3.673855330     2.224556227     0.541726110
     5.610000000     3.780490831     2.221890683     0.538446928
     5.620000000     3.885126142     2.212272282     0.534849146
     5.630000000     3.986879789     2.195199261     0.530949164
     5.640000000     4.084871791     2.170248283     0.526761535
     5.650000000     4.178237229     2.137106433     0.522298697
     5.660000000     4.266140340     2.095603737     0.517570791
     5.670000000     4.347788849     2.045743193     0.512585562
     5.680000000     4.422448184     1.987725201     0.507348345
     5.690000000     4.489455218     1.921963737     0.501862145
     5.700000000     4.548231205     1.849092550     0.496127795
     5.710000000     4.598293540     1.769960645     0.490144194
     5.720000000     4.639266027     1.685617211     0.483908626
     5.730000000     4.670887349     1.597286697     0.477417132
     5.740000000     4.693017482     1.506335161     0.470664946
     5.750000000     4.705641855     1.414229406     0.463646963
     5.760000000     4.708873079     1.322490828     0.456358243
     5.770000000     4.702950180     1.232646342     0.448794531
     5.780000000     4.688235312     1.146178960     0.440952769
     5.790000000     4.665207990     1.064480564     0.432831609
     5.800000000     4.634456974     0.988809144     0.424431885
     5.810000000     4.596669991     0.920252323     0.415757061
     5.820000000     4.552621547     0.859698570     0.406813614
     5.830000000     4.503159121     0.807816966     0.397611369
     5.840000000     4.449188117     0.765045881     0.388163756
     5.850000000     4.391655938     0.731590345     0.378487992
     5.860000000     4.331535593     0.707427384     0.368605185
     5.870000000     4.269809265     0.692318191     0.358540354
     5.880000000     4.207452240     0.685825792     0.348322355
     5.890000000     4.145417591     0.687336833     0.337983741
     5.900000000     4.084621994     0.696086186     0.327560523
     5.910000000     4.025932968     0.711183209     0.317091868
     5.920000000     3.970157844     0.731638683     0.306619722
     5.930000000     3.918034630     0.756391715     0.296188376
     5.940000000     3.870224946     0.784336292     0.285843976
     5.950000000     3.827309076     0.814347699     0.275633995
     5.960000000     3.789783149     0.845309580     0.265606668
     5.970000000     3.758058367     0.876142764     0.255810415
     5.980000000     3.732462164     0.905836830     0.246293245
     5.990000000     3.713241079     0.933484626     0.237102165
     6.000000000     3.700565120     0.958318555     0.228282604
     6.010000000     3.694533333     0.979745736     0.219877852
     6.020000000     3.695180258     0.997377578     0.211928531
     6.030000000     3.702482972     1.011048414     0.204472109
     6.040000000     3.716368367     1.020818060     0.197542450
     6.050000000     3.736720380     1.026954808     0.191169425
     6.060000000     3.763386858     1.029898245     0.185378571
     6.070000000     3.796185833     1.030205122     0.180190817
     6.080000000     3.834910964     1.028485079     0.175622261
     6.090000000     3.879336012     1.025335519     0.171684026
     6.100000000     3.929218226     1.021285109     0.168382166
     6.110000000     3.984300598     1.016753210     0.165717642
     6.120000000     4.044312996     1.012028572     0.163686356
     6.130000000     4.108972246     1.007266115     0.162279250
     6.140000000     4.177981270     1.002496952     0.161482455
     6.150000000     4.251027457     0.997644927     0.161277493
     6.160000000     4.327780445     0.992543023     0.161641531
     6.170000000     4.407889557     0.986944858     0.162547676
     6.180000000     4.490981116     0.980529190     0.163965305
     6.190000000     4.576655891     0.972898220     0.165860436
     6.200000000     4.664486896     0.963572719     0.168196120
     6.210000000     4.754017779     0.951988213     0.170932854
     6.220000000     4.844761972     0.937496582     0.174029020
     6.230000000     4.936202766     0.919376538     0.177441324
     6.240000000     5.027794427     0.896854920     0.181125250
     6.250000000     5.118964399     0.869138931     0.185035503
     6.260000000     5.209116634     0.835457672     0.189126464
     6.270000000     5.297635993     0.795109811     0.193352616
     6.280000000     5.383893652     0.747513165     0.197668973
     6.290000000     5.467253375     0.692251387     0.202031478
     6.300000000     5.547078502     0.629112949     0.206397386
     6.310000000     5.622739444     0.558118141     0.210725617
     6.320000000     5.693621488     0.479530893     0.214977081
     6.330000000     5.759132665     0.393853687     0.219114968
     6.340000000     5.818711460     0.301805455     0.223105007
     6.350000000     5.871834140     0.204284054     0.226915682
     6.360000000     5.918021479     0.102316510     0.230518415
     6.370000000     5.956844705    -0.002998374     0.233887702
     6.380000000     5.987930516    -0.110549328     0.237001215
     6.390000000     6.010965019    -0.219267684     0.239839854
     6.400000000     6.025696545    -0.328172506     0.242387766
     6.410000000     6.031937270    -0.436401740     0.244632316
     6.420000000     6.029563657    -0.543227888     0.246564026
     6.430000000     6.018515746    -0.648059608     0.248176465
     6.440000000     5.998795381    -0.750433046     0.249466117
     6.450000000     5.970463465    -0.849997955     0.250432202
     6.460000000     5.933636377    -0.946503413     0.251076479
     6.470000000     5.888481710    -1.039786399     0.251403016
     6.480000000     5.835213478    -1.129764180     0.251417939
     6.490000000     5.774086971    -1.216429061     0.251129167
     6.500000000     5.705393411    -1.299842407     0.250546125
     6.510000000     5.629454589    -1.380124364     0.249679464
     6.520000000     5.546617593    -1.457436609     0.248540766
     6.530000000     5.457249795    -1.531957583     0.247142256
     6.540000000     5.361734167    -1.603852239     0.245496525
     6.550000000     5.260465031    -1.673240809     0.243616263
     6.560000000     5.153844286    -1.740172353     0.241514014
     6.570000000     5.042278165    -1.804608633     0.239201950
     6.580000000     4.926174499    -1.866421891     0.236691677
     6.590000000     4.805940516    -1.925407042     0.233994073
     6.600000000     4.681981110    -1.981305531     0.231119149
     6.610000000     4.554697551    -2.033835651     0.228075967
     6.620000000     4.424486575    -2.082723192     0.224872572
     6.630000000     4.291739786    -2.127727073     0.221515983
     6.640000000     4.156843298    -2.168656529     0.218012209
     6.650000000     4.020177542    -2.205378788     0.214366304
     6.660000000     3.882117181    -2.237818229     0.210582462
     6.670000000     3.743031046    -2.265949271     0.206664132
     6.680000000     3.603282058    -2.289785714     0.202614172
     6.690000000     3.463227071    -2.309369004     0.198435014
     6.700000000     3.323216605    -2.324757335     0.194128856
     6.710000000     3.183594445    -2.336016719     0.189697854
     6.720000000     3.044697072    -2.343214566     0.185144328
     6.730000000     2.906852947    -2.346415863     0.180470963
     6.740000000     2.770381623    -2.345681768     0.175681001
     6.750000000     2.635592724    -2.341070344     0.170778421
     6.760000000     2.502784789    -2.332639027     0.165768100
     6.770000000     2.372244019    -2.320448341     0.160655948
     6.780000000     2.244242964    -2.304566319     0.155449020
     6.790000000     2.119039166    -2.285073088     0.150155586
     6.800000000     1.996873813    -2.262065192     0.144785178
     6.810000000     1.877970427    -2.235659267     0.139348595
     6.820000000     1.762533635    -2.205994770     0.133857869
     6.830000000     1.650748041    -2.173235400     0.128326203
     6.840000000     1.542777249    -2.137568908     0.122767871
     6.850000000     1.438763042    -2.099205029     0.117198082
     6.860000000     1.338824767    -2.058371577     0.111632826
     6.870000000     1.243058918    -2.015308960     0.106088687
     6.880000000     1.151538952    -1.970263720     0.100582642
     6.890000000     1.064315338    -1.923481791     0.095131846
     6.900000000     0.981415838    -1.875202231     0.089753404
     6.910000000     0.902846035    -1.825651988     0.084464150
     6.920000000     0.828590082    -1.775042094     0.079280418
     6.930000000     0.758611689    -1.723565376     0.074217829
     6.940000000     0.692855309    -1.671395602     0.069291092
     6.950000000     0.631247530    -1.618687754     0.064513813
     6.960000000     0.573698643    -1.565579084     0.059898340
     6.970000000     0.520104375    -1.512190523     0.055455624
     6.980000000     0.470347763    -1.458628131     0.051195105
     6.990000000     0.424301157    -1.404984350     0.047124638
     7.000000000     0.381828324    -1.351338970     0.043250434
     7.010000000     0.342786650    -1.297759819     0.039577045
     7.020000000     0.307029408    -1.244303283     0.036107366
     7.030000000     0.274408105    -1.191014745     0.032842672
     7.040000000     0.244774865    -1.137929067     0.029782676
     7.050000000     0.217984877    -1.085071146     0.026925611
     7.060000000     0.193898872    -1.032456577     0.024268333
     7.070000000     0.172385652    -0.980092415     0.021806436
     7.080000000     0.153324649    -0.927977985     0.019534385
     7.090000000     0.136608530    -0.876105733     0.017445655
     7.100000000     0.122145844    -0.824462060     0.015532876
     7.110000000     0.109863698    -0.773028138     0.013787985
     7.120000000     0.099710476    -0.721780687     0.012202368
     7.130000000     0.091658569    -0.670692699     0.010767007
     7.140000000     0.085707120    -0.619734120     0.009472618
     7.150000000     0.081884744    -0.568872473     0.008309780
     7.160000000     0.080252190    -0.518073420     0.007269054
     7.170000000     0.080904906    -0.467301272     0.006341091
     7.180000000     0.083975433    -0.416519439     0.005516729
     7.190000000     0.089635558    -0.365690833     0.004787075
     7.200000000     0.098098138    -0.314778243     0.004143574
     7.210000000     0.109618490    -0.263744701     0.003578068
     7.220000000     0.124495212    -0.212553857     0.003082837
     7.230000000     0.143070333    -0.161170387     0.002650634
     7.240000000     0.165728619    -0.109560468     0.002274704
     7.250000000     0.192895913    -0.057692331     0.001948794
     7.260000000     0.225036354    -0.005536922     0.001667159
     7.270000000     0.262648329     0.046931298     0.001424551
     7.280000000     0.306259042     0.099733380     0.001216209
     7.290000000     0.356417586     0.152884711     0.001037841
     7.300000000     0.413686433     0.206393581     0.000885600
     7.310000000     0.478631321     0.260259434     0.000756057
     7.320000000     0.551809522     0.314470750     0.000646177
     7.330000000     0.633756561     0.369002461     0.000553283
     7.340000000     0.724971510     0.423812815     0.000475030
     7.350000000     0.825901029     0.478839570     0.000409375
     7.360000000     0.936922431     0.533995384     0.000354543
     7.370000000     1.058326077     0.589162240     0.000308999
     7.380000000     1.190297513     0.644184727     0.000271427
     7.390000000     1.332899803     0.698861968     0.000240693
     7.400000000     1.486056567     0.752937968     0.000215831
     7.410000000     1.649536292     0.806090153     0.000196015
     7.420000000     1.822938485     0.857915845     0.000180541
     7.430000000     2.005682280     0.907916487     0.000168809
     7.440000000     2.196998057     0.955479484     0.000160308
     7.450000000     2.395922640     0.999857675     0.000154597
     7.460000000     2.601298538     1.040146719     0.000151300
     7.470000000     2.811777648     1.075261077     0.000150089
     7.480000000     3.025829699     1.103909876     0.000150677
     7.490000000     3.241755624     1.124574870     0.000152811
     7.500000000     3.457705867     1.135493884     0.000156266
     7.510000000     3.671703505     1.134654746     0.000160837
     7.520000000     3.881671879     1.119806557     0.000166336
     7.530000000     4.085466294     1.088497094     0.000172590
     7.540000000     4.280909141     1.038146734     0.000179436
     7.550000000     4.465827702     0.966169606     0.000186721
     7.560000000     4.638093742     0.870150693     0.000194299
     7.570000000     4.795663883     0.748081756     0.000202031
     7.580000000     4.936619720     0.598648062     0.000209787
     7.590000000     5.059206568     0.421541953     0.000217438
     7.600000000     5.161869758     0.217760270     0.000224867
     7.610000000     5.243287428    -0.010174008     0.000231960
     7.620000000     5.302398842    -0.258132071     0.000238613
     7.630000000     5.338427391    -0.520495887     0.000244728
     7.640000000     5.350897580    -0.790492109     0.000250217
     7.650000000     5.339645472    -1.060714843     0.000255000
     7.660000000     5.304822278    -1.323758682     0.000259009
     7.670000000     5.246890974    -1.572851619     0.000262184
     7.680000000     5.166616064    -1.802377455     0.000264478
     7.690000000     5.065046783    -2.008209108     0.000265854
     7.700000000     4.943494281    -2.187824429     0.000266289
     7.710000000     4.803503460    -2.340225581     0.000265768
     7.720000000     4.646820324    -2.465716467     0.000264292
     7.730000000     4.475355797    -2.565604534     0.000261869
     7.740000000     4.291147064    -2.641886814     0.000258523
     7.750000000     4.096317507    -2.696963343     0.000254284
     7.760000000     3.893036358    -2.733402027     0.000249195
     7.770000000     3.683479099    -2.753762922     0.000243306
     7.780000000     3.469789620    -2.760478839     0.000236676
     7.790000000     3.254045022    -2.755783262     0.000229371
     7.800000000     3.038223823    -2.741674526     0.000221462
     7.810000000     2.824178197    -2.719905619     0.000213026
     7.820000000     2.613610697    -2.691990694     0.000204142
     7.830000000     2.408055772    -2.659221480     0.000194892
     7.840000000     2.208866203    -2.622688730     0.000185358
     7.850000000     2.017204434    -2.583305507     0.000175621
     7.860000000     1.834038648    -2.541830284     0.000165762
     7.870000000     1.660143279    -2.498888693     0.000155859
     7.880000000     1.496103565    -2.454993335     0.000145985
     7.890000000     1.342323661    -2.410561387     0.000136210
     7.900000000     1.199037779    -2.365930002     0.000126599
     7.910000000     1.066323748    -2.321369593     0.000117210
     7.920000000     0.944118439    -2.277095176     0.000108094
     7.930000000     0.832234438    -2.233275978     0.000099297
     7.940000000     0.730377434    -2.190043530     0.000090858
     7.950000000     0.638163794    -2.147498431     0.000082809
     7.960000000     0.555137867    -2.105715987     0.000075174
     7.970000000     0.480788627    -2.064750902     0.000067973
     7.980000000     0.414565320    -2.024641152     0.000061216
     7.990000000     0.355891855    -1.985411188     0.000054910
     8.000000000     0.304179764    -1.947074578     0.000049056
     8.010000000     0.258839599    -1.909636182     0.000043649
     8.020000000     0.219290713    -1.873093929     0.000038681
     8.030000000     0.184969414    -1.837440285     0.000034140
     8.040000000     0.155335549    -1.802663452     0.000030008
     8.050000000     0.129877584    -1.768748341     0.000026269
     8.060000000     0.108116297    -1.735677377     0.000022902
     8.070000000     0.089607223    -1.703431144     0.000019884
     8.080000000     0.073941984    -1.671988916     0.000017192
     8.090000000     0.060748676    -1.641329082     0.000014804
     8.100000000     0.049691448    -1.611429490     0.000012694
     8.110000000     0.040469436    -1.582267727     0.000010839
     8.120000000     0.032815191    -1.553821333     0.000009217
     8.130000000     0.026492731    -1.526067983     0.000007805
     8.140000000     0.021295327    -1.498985619     0.000006582
     8.150000000     0.017043139    -1.472552557     0.000005526
     8.160000000     0.013580774    -1.446747571     0.000004621
     8.170000000     0.010774848    -1.421549951     0.000003847
     8.180000000     0.008511609    -1.396939550     0.000003190
     8.190000000     0.006694658    -1.372896809     0.000002633
     8.200000000     0.005242804    -1.349402781     0.000002165
     8.210000000     0.004088084    -1.326439143     0.000001772
     8.220000000     0.003173947    -1.303988194     0.000001444
     8.230000000     0.002453612    -1.282032856     0.000001172
     8.240000000     0.001888606    -1.260556668     0.000000947
     8.250000000     0.001447467    -1.239543777     0.000000762
     8.260000000     0.001104617    -1.218978919     0.000000611
     8.270000000     0.000839369    -1.198847412     0.000000487
     8.280000000     0.000635091    -1.179135136     0.000000387
     8.290000000     0.000478481    -1.159828516     0.000000306
     8.300000000     0.000358956    -1.140914503     0.000000241
     8.310000000     0.000268146    -1.122380559     0.000000189
     8.320000000     0.000199461    -1.104214634     0.000000147
     8.330000000     0.000147743    -1.086405153     0.000000115
     8.340000000     0.000108973    -1.068940992     0.000000089
     8.350000000     0.000080039    -1.051811464     0.000000068
     8.360000000     0.000058541    -1.035006298     0.000000052
     8.370000000     0.000042638    -1.018515628     0.000000040
     8.380000000     0.000030925    -1.002329968     0.000000030
     8.390000000     0.000022337    -0.986440201     0.000000023
     8.400000000     0.000016066    -0.970837564     0.000000017
     8.410000000     0.000011509    -0.955513628     0.000000013
     8.420000000     0.000008210    -0.940460290     0.000000010
     8.430000000     0.000005832    -0.925669753     0.000000007
     8.440000000     0.000004126    -0.911134516     0.000000005
     8.450000000     0.000002908    -0.896847363     0.000000004
     8.460000000     0.000002040    -0.882801344     0.000000003
     8.470000000     0.000001426    -0.868989772     0.000000002
     8.480000000     0.000000993    -0.855406204     0.000000002
     8.490000000     0.000000688    -0.842044435     0.000000001
     8.500000000     0.000000475    -0.828898486     0.000000001
     8.510000000     0.000000327    -0.815962595     0.000000001
     8.520000000     0.000000224    -0.803231207     0.000000000
     8.530000000     0.000000153    -0.790698966     0.000000000
     8.540000000     0.000000104    -0.778360705     0.000000000
     8.550000000     0.000000070    -0.766211440     0.000000000
     8.560000000     0.000000047    -0.754246361     0.000000000
     8.570000000     0.000000032    -0.742460822     0.000000000
     8.580000000     0.000000021    -0.730850342     0.000000000
     8.590000000     0.000000014    -0.719410589     0.000000000
     8.600000000     0.000000009    -0.708137379     0.000000000
     8.610000000     0.000000006    -0.697026669     0.000000000
     8.620000000     0.000000004    -0.686074552     0.000000000
     8.630000000     0.000000003    -0.675277247     0.000000000
     8.640000000     0.000000002    -0.664631101     0.000000000
     8.650000000     0.000000001    -0.654132578     0.000000000
     8.660000000     0.000000001    -0.643778256     0.000000000
     8.670000000     0.000000000    -0.633564826     0.000000000
     8.680000000     0.000000000    -0.623489079     0.000000000
     8.690000000     0.000000000    -0.613547913     0.000000000
     8.700000000     0.000000000    -0.603738319     0.000000000
     8.710000000     0.000000000    -0.594057383     0.000000000
     8.720000000     0.000000000    -0.584502283     0.000000000
     8.730000000     0.000000000    -0.575070279     0.000000000
     8.740000000     0.000000000    -0.565758719     0.000000000
     8.750000000     0.000000000    -0.556565027     0.000000000
     8.760000000     0.000000000    -0.547486706     0.000000000
     8.770000000     0.000000000    -0.538521333     0.000000000
     8.780000000     0.000000000    -0.529666555     0.000000000
     8.790000000     0.000000000    -0.520920090     0.000000000
     8.800000000     0.000000000    -0.512279721     0.000000000
     8.810000000     0.000000000    -0.503743293     0.000000000
     8.820000000     0.000000000    -0.495308715     0.000000000
     8.830000000     0.000000000    -0.486973955     0.000000000
     8.840000000     0.000000000    -0.478737037     0.000000000
     8.850000000     0.000000000    -0.470596040     0.000000000
     8.860000000     0.000000000    -0.462549097     0.000000000
     8.870000000     0.000000000    -0.454594392     0.000000000
     8.880000000     0.000000000    -0.446730158     0.000000000
     8.890000000     0.000000000    -0.438954678     0.000000000
     8.900000000     0.000000000    -0.431266277     0.000000000
     8.910000000     0.000000000    -0.423663329     0.000000000
     8.920000000     0.000000000    -0.416144248     0.000000000
     8.930000000     0.000000000    -0.408707490     0.000000000
     8.940000000     0.000000000    -0.401351554     0.000000000
     8.950000000     0.000000000    -0.394074974     0.000000000
     8.960000000     0.000000000    -0.386876325     0.000000000
     8.970000000     0.000000000    -0.379754215     0.000000000
     8.980000000     0.000000000    -0.372707290     0.000000000
     8.990000000     0.000000000    -0.365734228     0.000000000
     9.000000000     0.000000000    -0.358833742     0.000000000
     9.010000000     0.000000000    -0.352004576     0.000000000
     9.020000000     0.000000000    -0.345245505     0.000000000
     9.030000000     0.000000000    -0.338555332     0.000000000
     9.040000000     0.000000000    -0.331932893     0.000000000
     9.050000000     0.000000000    -0.325377047     0.000000000
     9.060000000     0.000000000    -0.318886686     0.000000000
     9.070000000     0.000000000    -0.312460723     0.000000000
     9.080000000     0.000000000    -0.306098100     0.000000000
     9.090000000     0.000000000    -0.299797783     0.000000000
     9.100000000     0.000000000    -0.293558761     0.000000000
     9.110000000     0.000000000    -0.287380047     0.000000000
     9.120000000     0.000000000    -0.281260678     0.000000000
     9.130000000     0.000000000    -0.275199711     0.000000000
     9.140000000     0.000000000    -0.269196224     0.000000000
     9.150000000     0.000000000    -0.263249319     0.000000000
     9.160000000     0.000000000    -0.257358114     0.000000000
     9.170000000     0.000000000    -0.251521750     0.000000000
     9.180000000     0.000000000    -0.245739384     0.000000000
     9.190000000     0.000000000    -0.240010193     0.000000000
     9.200000000     0.000000000    -0.234333372     0.000000000
     9.210000000     0.000000000    -0.228708133     0.000000000
     9.220000000     0.000000000    -0.223133705     0.000000000
     9.230000000     0.000000000    -0.217609334     0.000000000
     9.240000000     0.000000000    -0.212134280     0.000000000
     9.250000000     0.000000000    -0.206707822     0.000000000
     9.260000000     0.000000000    -0.201329251     0.000000000
     9.270000000     0.000000000    -0.195997873     0.000000000
     9.280000000     0.000000000    -0.190713011     0.000000000
     9.290000000     0.000000000    -0.185473999     0.000000000
     9.300000000     0.000000000    -0.180280186     0.000000000
     9.310000000     0.000000000    -0.175130934     0.000000000
     9.320000000     0.000000000    -0.170025618     0.000000000
     9.330000000     0.000000000    -0.164963625     0.000000000
     9.340000000     0.000000000    -0.159944354     0.000000000
     9.350000000     0.000000000    -0.154967216     0.000000000
     9.360000000     0.000000000    -0.150031636     0.000000000
     9.370000000     0.000000000    -0.145137046     0.000000000
     9.380000000     0.000000000    -0.140282893     0.000000000
     9.390000000     0.000000000    -0.135468632     0.000000000
     9.400000000     0.000000000    -0.130693729     0.000000000
     9.410000000     0.000000000    -0.125957662     0.000000000
     9.420000000     0.000000000    -0.121259916     0.000000000
     9.430000000     0.000000000    -0.116599988     0.000000000
     9.440000000     0.000000000    -0.111977384     0.000000000
     9.450000000     0.000000000    -0.107391618     0.000000000
     9.460000000     0.000000000    -0.102842215     0.000000000
     9.470000000     0.000000000    -0.098328707     0.000000000
     9.480000000     0.000000000    -0.093850635     0.000000000
     9.490000000     0.000000000    -0.089407549     0.000000000
     9.500000000     0.000000000    -0.084999006     0.000000000
     9.510000000     0.000000000    -0.080624573     0.000000000
     9.520000000     0.000000000    -0.076283823     0.000000000
     9.530000000     0.000000000    -0.071976337     0.000000000
     9.540000000     0.000000000    -0.067701704     0.000000000
     9.550000000     0.000000000    -0.063459519     0.000000000
     9.560000000     0.000000000    -0.059249386     0.000000000
     9.570000000     0.000000000    -0.055070914     0.000000000
     9.580000000     0.000000000    -0.050923719     0.000000000
     9.590000000     0.000000000    -0.046807426     0.000000000
     9.600000000     0.000000000    -0.042721664     0.000000000
     9.610000000     0.000000000    -0.038666069     0.000000000
     9.620000000     0.000000000    -0.034640282     0.000000000
     9.630000000     0.000000000    -0.030643953     0.000000000
     9.640000000     0.000000000    -0.026676735     0.000000000
     9.650000000     0.000000000    -0.022738289     0.000000000
     9.660000000     0.000000000    -0.018828279     0.000000000
     9.670000000     0.000000000    -0.014946378     0.000000000
     9.680000000     0.000000000    -0.011092261     0.000000000
     9.690000000     0.000000000    -0.007265611     0.000000000
     9.700000000     0.000000000    -0.003466114     0.000000000
     9.710000000     0.000000000     0.000306537     0.000000000
     9.720000000     0.000000000     0.004052646     0.000000000
     9.730000000     0.000000000     0.007772510     0.000000000
     9.740000000     0.000000000     0.011466422     0.000000000
     9.750000000     0.000000000     0.015134673     0.000000000
     9.760000000     0.000000000     0.018777544     0.000000000
     9.770000000     0.000000000     0.022395317     0.000000001
     9.780000000     0.000000000     0.025988266     0.000000001
     9.790000000     0.000000000     0.029556663     0.000000001
     9.800000000     0.000000000     0.033100774     0.000000002
     9.810000000     0.000000000     0.036620861     0.000000002
     9.820000000     0.000000000     0.040117184     0.000000003
     9.830000000     0.000000000     0.043589997     0.000000004
     9.840000000     0.000000000     0.047039551     0.000000005
     9.850000000     0.000000000     0.050466092     0.000000007
     9.860000000     0.000000000     0.053869865     0.000000010
     9.870000000     0.000000000     0.057251108     0.000000013
     9.880000000     0.000000000     0.060610058     0.000000017
     9.890000000     0.000000001     0.063946947     0.000000023
     9.900000000     0.000000001     0.067262005     0.000000030
     9.910000000     0.000000001     0.070555457     0.000000039
     9.920000000     0.000000001     0.073827525     0.000000051
     9.930000000     0.000000002     0.077078430     0.000000067
     9.940000000     0.000000002     0.080308386     0.000000086
     9.950000000     0.000000003     0.083517606     0.000000111
     9.960000000     0.000000003     0.086706302     0.000000143
     9.970000000     0.000000004     0.089874678     0.000000183
     9.980000000     0.000000005     0.093022940     0.000000233
     9.990000000     0.000000007     0.096151287     0.000000295
    10.000000000     0.000000009     0.099259919     0.000000372
    10.010000000     0.000000011     0.102349031     0.000000467
    10.020000000     0.000000013     0.105418815     0.000000585
    10.030000000     0.000000017     0.108469461     0.000000728
    10.040000000     0.000000021     0.111501156     0.000000902
    10.050000000     0.000000026     0.114514086     0.000001113
    10.060000000     0.000000031     0.117508431     0.000001367
    10.070000000     0.000000038     0.120484373     0.000001672
    10.080000000     0.000000047     0.123442088     0.000002036
    10.090000000     0.000000057     0.126381751     0.000002468
    10.100000000     0.000000068     0.129303535     0.000002978
    10.110000000     0.000000082     0.132207609     0.000003578
    10.120000000     0.000000098     0.135094141     0.000004279
    10.130000000     0.000000117     0.137963297     0.000005096
    10.140000000     0.000000139     0.140815241     0.000006041
    10.150000000     0.000000164     0.143650133     0.000007130
    10.160000000     0.000000192     0.146468132     0.000008377
    10.170000000     0.000000225     0.149269397     0.000009800
    10.180000000     0.000000262     0.152054081     0.000011413
    10.190000000     0.000000304     0.154822337     0.000013233
    10.200000000     0.000000350     0.157574316     0.000015275
    10.210000000     0.000000403     0.160310168     0.000017554
    10.220000000     0.000000461     0.163030040     0.000020084
    10.230000000     0.000000525     0.165734075     0.000022876
    10.240000000     0.000000595     0.168422418     0.000025941
    10.250000000     0.000000672     0.171095211     0.000029286
    10.260000000     0.000000755     0.173752592     0.000032915
    10.270000000     0.000000845     0.176394699     0.000036831
    10.280000000     0.000000941     0.179021669     0.000041029
    10.290000000     0.000001044     0.181633636     0.000045503
    10.300000000     0.000001153     0.184230732     0.000050242
    10.310000000     0.000001267     0.186813089     0.000055228
    10.320000000     0.000001387     0.189380834     0.000060439
    10.330000000     0.000001511     0.191934096     0.000065849
    10.340000000     0.000001639     0.194473001     0.000071425
    10.350000000     0.000001770     0.196997673     0.000077130
    10.360000000     0.000001902     0.199508233     0.000082920
    10.370000000     0.000002036     0.202004804     0.000088751
    10.380000000     0.000002170     0.204487503     0.000094570
    10.390000000     0.000002302     0.206956449     0.000100323
    10.400000000     0.000002431     0.209411758     0.000105955
    10.410000000     0.000002556     0.211853544     0.000111407
    10.420000000     0.000002676     0.214281921     0.000116619
    10.430000000     0.000002788     0.216696999     0.000121535
    10.440000000     0.000002893     0.219098890     0.000126095
    10.450000000     0.000002988     0.221487703     0.000130247
    10.460000000     0.000003073     0.223863546     0.000133939
    10.470000000     0.000003146     0.226226528     0.000137124
    10.480000000     0.000003207     0.228576756     0.000139763
    10.490000000     0.000003254     0.230914337     0.000141821
    10.500000000     0.000003287     0.233239379     0.000143271
    10.510000000     0.000003306     0.235551988     0.000144094
    10.520000000     0.000003310     0.237852271     0.000144279
    10.530000000     0.000003300     0.240140333     0.000143824
    10.540000000     0.000003275     0.242416278     0.000142734
    10.550000000     0.000003236     0.244680208     0.000141024
    10.560000000     0.000003183     0.246932225     0.000138717
    10.570000000     0.000003117     0.249172427     0.000135843
    10.580000000     0.000003039     0.251400911     0.000132438
    10.590000000     0.000002949     0.253617770     0.000128546
    10.600000000     0.000002850     0.255823099     0.000124215
    10.610000000     0.000002742     0.258016987     0.000119498
    10.620000000     0.000002626     0.260199525     0.000114450
    10.630000000     0.000002504     0.262370800     0.000109129
    10.640000000     0.000002377     0.264530901     0.000103594
    10.650000000     0.000002246     0.266679914     0.000097904
    10.660000000     0.000002113     0.268817925     0.000092116
    10.670000000     0.000001980     0.270945017     0.000086286
    10.680000000     0.000001846     0.273061275     0.000080466
    10.690000000     0.000001714     0.275166783     0.000074707
    10.700000000     0.000001584     0.277261622     0.000069051
    10.710000000     0.000001458     0.279345875     0.000063541
    10.720000000     0.000001336     0.281419622     0.000058212
    10.730000000     0.000001218     0.283482943     0.000053092
    10.740000000     0.000001106     0.285535918     0.000048209
    10.750000000     0.000001000     0.287578625     0.000043580
    10.760000000     0.000000900     0.289611142     0.000039221
    10.770000000     0.000000806     0.291633547     0.000035142
    10.780000000     0.000000719     0.293645915     0.000031347
    10.790000000     0.000000639     0.295648321     0.000027838
    10.800000000     0.000000565     0.297640842     0.000024612
    10.810000000     0.000000497     0.299623550     0.000021664
    10.820000000     0.000000436     0.301596520     0.000018984
    10.830000000     0.000000380     0.303559823     0.000016562
    10.840000000     0.000000330     0.305513531     0.000014385
    10.850000000     0.000000285     0.307457715     0.000012438
    10.860000000     0.000000246     0.309392447     0.000010707
    10.870000000     0.000000211     0.311317794     0.000009177
    10.880000000     0.000000180     0.313233827     0.000007830
    10.890000000     0.000000153     0.315140614     0.000006651
    10.900000000     0.000000129     0.317038221     0.000005625
    10.910000000     0.000000109     0.318926716     0.000004736
    10.920000000     0.000000091     0.320806165     0.000003970
    10.930000000     0.000000076     0.322676634     0.000003312
    10.940000000     0.000000063     0.324538187     0.000002752
    10.950000000     0.000000052     0.326390889     0.000002276
    10.960000000     0.000000043     0.328234803     0.000001874
    10.970000000     0.000000035     0.330069992     0.000001536
    10.980000000     0.000000029     0.331896519     0.000001254
    10.990000000     0.000000023     0.333714444     0.000001019
    11.000000000     0.000000019     0.335523830     0.000000824
    11.010000000     0.000000015     0.337324737     0.000000664
    11.020000000     0.000000012     0.339117225     0.000000532
    11.030000000     0.000000010     0.340901352     0.000000425
    11.040000000     0.000000008     0.342677178     0.000000338
    11.050000000     0.000000006     0.344444761     0.000000267
    11.060000000     0.000000005     0.346204159     0.000000210
    11.070000000     0.000000004     0.347955428     0.000000165
    11.080000000     0.000000003     0.349698625     0.000000129
    11.090000000     0.000000002     0.351433807     0.000000100
    11.100000000     0.000000002     0.353161027     0.000000077
    11.110000000     0.000000001     0.354880342     0.000000060
    11.120000000     0.000000001     0.356591806     0.000000046
    11.130000000     0.000000001     0.358295473     0.000000035
    11.140000000     0.000000001     0.359991395     0.000000027
    11.150000000     0.000000000     0.361679626     0.000000020
    11.160000000     0.000000000     0.363360219     0.000000015
    11.170000000     0.000000000     0.365033224     0.000000011
    11.180000000     0.000000000     0.366698694     0.000000008
    11.190000000     0.000000000     0.368356679     0.000000006
    11.200000000     0.000000000     0.370007230     0.000000005
    11.210000000     0.000000000     0.371650397     0.000000003
    11.220000000     0.000000000     0.373286228     0.000000003
    11.230000000     0.000000000     0.374914774     0.000000002
    11.240000000     0.000000000     0.376536083     0.000000001
    11.250000000     0.000000000     0.378150203     0.000000001
    11.260000000     0.000000000     0.379757181     0.000000001
    11.270000000     0.000000000     0.381357065     0.000000001
    11.280000000     0.000000000     0.382949902     0.000000000
    11.290000000     0.000000000     0.384535738     0.000000000
    11.300000000     0.000000000     0.386114619     0.000000000
    11.310000000     0.000000000     0.387686591     0.000000000
    11.320000000     0.000000000     0.389251699     0.000000000
    11.330000000     0.000000000     0.390809987     0.000000000
    11.340000000     0.000000000     0.392361500     0.000000000
    11.350000000     0.000000000     0.393906282     0.000000000
    11.360000000     0.000000000     0.395444377     0.000000000
    11.370000000     0.000000000     0.396975827     0.000000000
    11.380000000     0.000000000     0.398500676     0.000000000
    11.390000000     0.000000000     0.400018966     0.000000000
    11.400000000     0.000000000     0.401530739     0.000000000
    11.410000000     0.000000000     0.403036036     0.000000000
    11.420000000     0.000000000     0.404534900     0.000000000
    11.430000000     0.000000000     0.406027370     0.000000000
    11.440000000     0.000000000     0.407513488     0.000000000
    11.450000000     0.000000000     0.408993293     0.000000000
    11.460000000     0.000000000     0.410466826     0.000000000
    11.470000000     0.000000000     0.411934127     0.000000000
    11.480000000     0.000000000     0.413395233     0.000000000
    11.490000000     0.000000000     0.414850185     0.000000000
    11.500000000     0.000000000     0.416299021     0.000000000
    11.510000000     0.000000000     0.417741779     0.000000000
    11.520000000     0.000000000     0.419178496     0.000000000
    11.530000000     0.000000000     0.420609211     0.000000000
    11.540000000     0.000000000     0.422033961     0.000000000
    11.550000000     0.000000000     0.423452782     0.000000000
    11.560000000     0.000000000     0.424865712     0.000000000
    11.570000000     0.000000000     0.426272786     0.000000000
    11.580000000     0.000000000     0.427674040     0.000000000
    11.590000000     0.000000000     0.429069510     0.000000000
    11.600000000     0.000000000     0.430459232     0.000000000
    11.610000000     0.000000000     0.431843241     0.000000000
    11.620000000     0.000000000     0.433221571     0.000000000
    11.630000000     0.000000000     0.434594257     0.000000000
    11.640000000     0.000000000     0.435961334     0.000000000
    11.650000000     0.000000000     0.437322834     0.000000000
    11.660000000     0.000000000     0.438678792     0.000000000
    11.670000000     0.000000000     0.440029242     0.000000000
    11.680000000     0.000000000     0.441374215     0.000000000
    11.690000000     0.000000000     0.442713746     0.000000000
    11.700000000     0.000000000     0.444047867     0.000000000
    11.710000000     0.000000000     0.445376609     0.000000000
    11.720000000     0.000000000     0.446700006     0.000000000
    11.730000000     0.000000000     0.448018088     0.000000000
    11.740000000     0.000000000     0.449330888     0.000000000
    11.750000000     0.000000000     0.450638436     0.000000000
    11.760000000     0.000000000     0.451940764     0.000000000
    11.770000000     0.000000000     0.453237902     0.000000000
    11.780000000     0.000000000     0.454529881     0.000000000
    11.790000000     0.000000000     0.455816732     0.000000000
    11.800000000     0.000000000     0.457098484     0.000000000
    11.810000000     0.000000000     0.458375166     0.000000000
    11.820000000     0.000000000     0.459646810     0.000000000
    11.830000000     0.000000000     0.460913443     0.000000000
    11.840000000     0.000000000     0.462175095     0.000000000
    11.850000000     0.000000000     0.463431795     0.000000000
    11.860000000     0.000000000     0.464683572     0.000000000
    11.870000000     0.000000000     0.465930454     0.000000000
    11.880000000     0.000000000     0.467172468     0.000000000
    11.890000000     0.000000000     0.468409644     0.000000000
    11.900000000     0.000000000     0.469642008     0.000000000
    11.910000000     0.000000000     0.470869589     0.000000000
    11.920000000     0.000000000     0.472092414     0.000000000
    11.930000000     0.000000000     0.473310509     0.000000000
    11.940000000     0.000000000     0.474523902     0.000000000
    11.950000000     0.000000000     0.475732619     0.000000000
    11.960000000     0.000000000     0.476936687     0.000000000
    11.970000000     0.000000000     0.478136132     0.000000000
    11.980000000     0.000000000     0.479330981     0.000000000
    11.990000000     0.000000000     0.480521258     0.000000000
    12.000000000     0.000000000     0.481706990     0.000000000
    12.010000000     0.000000000     0.482888203     0.000000000
    12.020000000     0.000000000     0.484064920     0.000000000
    12.030000000     0.000000000     0.485237169     0.000000000
    12.040000000     0.000000000     0.486404973     0.000000000
    12.050000000     0.000000000     0.487568357     0.000000000
    12.060000000     0.000000000     0.488727346     0.000000000
    12.070000000     0.000000000     0.489881964     0.000000000
    12.080000000     0.000000000     0.491032236     0.000000000
    12.090000000     0.000000000     0.492178184     0.000000000
    12.100000000     0.000000000     0.493319834     0.000000000
    12.110000000     0.000000000     0.494457209     0.000000000
    12.120000000     0.000000000     0.495590331     0.000000000
    12.130000000     0.000000000     0.496719225     0.000000000
    12.140000000     0.000000000     0.497843914     0.000000000
    12.150000000     0.000000000     0.498964420     0.000000000
    12.160000000     0.000000000     0.500080766     0.000000000
    12.170000000     0.000000000     0.501192975     0.000000000
    12.180000000     0.000000000     0.502301070     0.000000000
    12.190000000     0.000000000     0.503405071     0.000000000
    12.200000000     0.000000000     0.504505003     0.000000000
    12.210000000     0.000000000     0.505600886     0.000000000
    12.220000000     0.000000000     0.506692743     0.000000000
    12.230000000     0.000000000     0.507780594     0.000000000
    12.240000000     0.000000000     0.508864462     0.000000000
    12.250000000     0.000000000     0.509944368     0.000000000
    12.260000000     0.000000000     0.511020332     0.000000000
    12.270000000     0.000000000     0.512092377     0.000000000
    12.280000000     0.000000000     0.513160522     0.000000000
    12.290000000     0.000000000     0.514224789     0.000000000
    12.300000000     0.000000000     0.515285198     0.000000000
    12.310000000     0.000000000     0.516341769     0.000000000
    12.320000000     0.000000000     0.517394523     0.000000000
    12.330000000     0.000000000     0.518443480     0.000000000
    12.340000000     0.000000000     0.519488659     0.000000000
    12.350000000     0.000000000     0.520530081     0.000000000
    12.360000000     0.000000000     0.521567766     0.000000000
    12.370000000     0.000000000     0.522601732     0.000000000
    12.380000000     0.000000000     0.523632000     0.000000000
    12.390000000     0.000000000     0.524658588     0.000000000
    12.400000000     0.000000000     0.525681516     0.000000000
    12.410000000     0.000000000     0.526700803     0.000000000
    12.420000000     0.000000000     0.527716467     0.000000000
    12.430000000     0.000000000     0.528728528     0.000000000
    12.440000000     0.000000000     0.529737003     0.000000000
    12.450000000     0.000000000     0.530741912     0.000000000
    12.460000000     0.000000000     0.531743273     0.000000000
    12.470000000     0.000000000     0.532741104     0.000000000
    12.480000000     0.000000000     0.533735423     0.000000000
    12.490000000     0.000000000     0.534726248     0.000000000
    12.500000000     0.000000000     0.535713597     0.000000000
    12.510000000     0.000000000     0.536697488     0.000000000
    12.520000000     0.000000000     0.537677938     0.000000000
    12.530000000     0.000000000     0.538654964     0.000000000
    12.540000000     0.000000000     0.539628585     0.000000000
    12.550000000     0.000000000     0.540598817     0.000000000
    12.560000000     0.000000000     0.541565678     0.000000000
    12.570000000     0.000000000     0.542529184     0.000000000
    12.580000000     0.000000000     0.543489353     0.000000000
    12.590000000     0.000000000     0.544446201     0.000000000
    12.600000000     0.000000000     0.545399745     0.000000000
    12.610000000     0.000000000     0.546350001     0.000000000
    12.620000000     0.000000000     0.547296986     0.000000000
    12.630000000     0.000000000     0.548240717     0.000000000
    12.640000000     0.000000000     0.549181208     0.000000000
    12.650000000     0.000000000     0.550118478     0.000000000
    12.660000000     0.000000000     0.551052541     0.000000000
    12.670000000     0.000000000     0.551983413     0.000000000
    12.680000000     0.000000000     0.552911111     0.000000000
    12.690000000     0.000000000     0.553835650     0.000000000
    12.700000000     0.000000000     0.554757045     0.000000000
    12.710000000     0.000000000     0.555675312     0.000000000
    12.720000000     0.000000000     0.556590467     0.000000000
    12.730000000     0.000000000     0.557502525     0.000000000
    12.740000000     0.000000000     0.558411500     0.000000000
    12.750000000     0.000000000     0.559317408     0.000000000
    12.760000000     0.000000000     0.560220265     0.000000000
    12.770000000     0.000000000     0.561120084     0.000000000
    12.780000000     0.000000000     0.562016880     0.000000000
    12.790000000     0.000000000     0.562910669     0.000000000
    12.800000000     0.000000000     0.563801465     0.000000000
    12.810000000     0.000000000     0.564689283     0.000000000
    12.820000000     0.000000000     0.565574136     0.000000000
    12.830000000     0.000000000     0.566456039     0.000000000
    12.840000000     0.000000000     0.567335007     0.000000000
    12.850000000     0.000000000     0.568211053     0.000000000
    12.860000000     0.000000000     0.569084191     0.000000000
    12.870000000     0.000000000     0.569954436     0.000000000
    12.880000000     0.000000000     0.570821802     0.000000000
    12.890000000     0.000000000     0.571686301     0.000000000
    12.900000000     0.000000000     0.572547948     0.000000000
    12.910000000     0.000000000     0.573406756     0.000000000
    12.920000000     0.000000000     0.574262739     0.000000000
    12.930000000     0.000000000     0.575115911     0.000000000
    12.940000000     0.000000000     0.575966284     0.000000000
    12.950000000     0.000000000     0.576813872     0.000000000
    12.960000000     0.000000000     0.577658688     0.000000000
    12.970000000     0.000000000     0.578500745     0.000000000
    12.980000000     0.000000000     0.579340056     0.000000000
    12.990000000     0.000000000     0.580176634     0.000000000
    13.000000000     0.000000000     0.581010491     0.000000000
