     0.000000000    -0.000000000     1.672098292     0.000000000
     0.010000000     0.000000000     1.672100019     0.000000000
     0.020000000     0.000000000     1.672105200     0.000000000
     0.030000000     0.000000000     1.672113836     0.000000000
     0.040000000     0.000000000     1.672125926     0.000000000
     0.050000000     0.000000000     1.672141471     0.000000000
     0.060000000     0.000000000     1.672160472     0.000000000
     0.070000000     0.000000000     1.672182929     0.000000000
     0.080000000     0.000000000     1.672208844     0.000000000
     0.090000000     0.000000000     1.672238216     0.000000000
     0.100000000     0.000000000     1.672271047     0.000000000
     0.110000000     0.000000000     1.672307339     0.000000000
     0.120000000     0.000000000     1.672347092     0.000000000
     0.130000000     0.000000000     1.672390308     0.000000000
     0.140000000     0.000000000     1.672436988     0.000000000
     0.150000000     0.000000000     1.672487135     0.000000000
     0.160000000     0.000000000     1.672540749     0.000000000
     0.170000000     0.000000000     1.672597833     0.000000000
     0.180000000     0.000000000     1.672658388     0.000000000
     0.190000000     0.000000000     1.672722418     0.000000000
     0.200000000     0.000000000     1.672789923     0.000000000
     0.210000000     0.000000000     1.672860908     0.000000000
     0.220000000     0.000000000     1.672935373     0.000000000
     0.230000000     0.000000000     1.673013322     0.000000000
     0.240000000     0.000000000     1.673094757     0.000000000
     0.250000000     0.000000000     1.673179682     0.000000000
     0.260000000     0.000000000     1.673268099     0.000000000
     0.270000000     0.000000000     1.673360011     0.000000000
     0.280000000     0.000000000     1.673455422     0.000000000
     0.290000000     0.000000000     1.673554336     0.000000000
     0.300000000     0.000000000     1.673656755     0.000000000
     0.310000000     0.000000000     1.673762683     0.000000000
     0.320000000     0.000000000     1.673872124     0.000000000
     0.330000000     0.000000000     1.673985082     0.000000000
     0.340000000     0.000000000     1.674101562     0.000000000
     0.350000000     0.000000000     1.674221566     0.000000000
     0.360000000     0.000000000     1.674345100     0.000000000
     0.370000000     0.000000000     1.674472167     0.000000000
     0.380000000     0.000000000     1.674602773     0.000000000
     0.390000000     0.000000000     1.674736922     0.000000000
     0.400000000     0.000000000     1.674874619     0.000000000
     0.410000000     0.000000000     1.675015868     0.000000000
     0.420000000     0.000000000     1.675160676     0.000000000
     0.430000000     0.000000000     1.675309046     0.000000000
     0.440000000     0.000000000     1.675460985     0.000000000
     0.450000000     0.000000000     1.675616498     0.000000000
     0.460000000     0.000000000     1.675775590     0.000000000
     0.470000000     0.000000000     1.675938267     0.000000000
     0.480000000     0.000000000     1.676104535     0.000000000
     0.490000000     0.000000000     1.676274400     0.000000000
     0.500000000     0.000000000     1.676447868     0.000000000
     0.510000000     0.000000000     1.676624946     0.000000000
     0.520000000     0.000000000     1.676805640     0.000000000
     0.530000000     0.000000000     1.676989956     0.000000000
     0.540000000     0.000000000     1.677177901     0.000000000
     0.550000000     0.000000000     1.677369482     0.000000000
     0.560000000     0.000000000     1.677564705     0.000000000
     0.570000000     0.000000000     1.677763579     0.000000000
     0.580000000     0.000000000     1.677966110     0.000000000
     0.590000000     0.000000000     1.678172306     0.000000000
     0.600000000     0.000000000     1.678382174     0.000000000
     0.610000000     0.000000000     1.678595721     0.000000000
     0.620000000     0.000000000     1.678812957     0.000000000
     0.630000000     0.000000000     1.679033888     0.000000000
     0.640000000     0.000000000     1.679258523     0.000000000
     0.650000000     0.000000000     1.679486869     0.000000000
     0.660000000     0.000000000     1.679718937     0.000000000
     0.670000000     0.000000000     1.679954733     0.000000000
     0.680000000     0.000000000     1.680194267     0.000000000
     0.690000000     0.000000000     1.680437547     0.000000000
     0.700000000     0.000000000     1.680684583     0.000000000
     0.710000000     0.000000000     1.680935384     0.000000000
     0.720000000     0.000000000     1.681189959     0.000000000
     0.730000000     0.000000000     1.681448318     0.000000000
     0.740000000     0.000000000     1.681710469     0.000000000
     0.750000000     0.000000000     1.681976424     0.000000000
     0.760000000     0.000000000     1.682246192     0.000000000
     0.770000000     0.000000000     1.682519782     0.000000000
     0.780000000     0.000000000     1.682797206     0.000000000
     0.790000000     0.000000000     1.683078474     0.000000000
     0.800000000     0.000000000     1.683363596     0.000000000
     0.810000000     0.000000000     1.683652583     0.000000000
     0.820000000     0.000000000     1.683945446     0.000000000
     0.830000000     0.000000000     1.684242196     0.000000000
     0.840000000     0.000000000     1.684542845     0.000000000
     0.850000000     0.000000000     1.684847403     0.000000000
     0.860000000     0.000000000     1.685155883     0.000000000
     0.870000000     0.000000000     1.685468296     0.000000000
     0.880000000     0.000000000     1.685784654     0.000000000
     0.890000000     0.000000000     1.686104969     0.000000000
     0.900000000     0.000000000     1.686429253     0.000000000
     0.910000000     0.000000000     1.686757520     0.000000000
     0.920000000     0.000000000     1.687089781     0.000000000
     0.930000000     0.000000000     1.687426049     0.000000000
     0.940000000     0.000000000     1.687766338     0.000000000
     0.950000000     0.000000000     1.688110660     0.000000000
     0.960000000     0.000000000     1.688459029     0.000000000
     0.970000000     0.000000000     1.688811459     0.000000000
     0.980000000     0.000000000     1.689167962     0.000000000
     0.990000000     0.000000000     1.689528554     0.000000000
     1.000000000     0.000000000     1.689893249     0.000000000
     1.010000000     0.000000000     1.690262059     0.000000000
     1.020000000     0.000000000     1.690635001     0.000000000
     1.030000000     0.000000000     1.691012089     0.000000000
     1.040000000     0.000000000     1.691393337     0.000000000
     1.050000000     0.000000000     1.691778761     0.000000000
     1.060000000     0.000000000     1.692168376     0.000000000
     1.070000000     0.000000000     1.692562198     0.000000000
     1.080000000     0.000000000     1.692960242     0.000000000
     1.090000000     0.000000000     1.693362524     0.000000000
     1.100000000     0.000000000     1.693769060     0.000000000
     1.110000000     0.000000000     1.694179867     0.000000000
     1.120000000     0.000000000     1.694594961     0.000000000
     1.130000000     0.000000000     1.695014359     0.000000000
     1.140000000     0.000000000     1.695438078     0.000000000
     1.150000000     0.000000000     1.695866135     0.000000000
     1.160000000     0.000000000     1.696298548     0.000000000
     1.170000000     0.000000000     1.696735333     0.000000000
     1.180000000     0.000000000     1.697176510     0.000000000
     1.190000000     0.000000000     1.697622095     0.000000000
     1.200000000     0.000000000     1.698072108     0.000000000
     1.210000000     0.000000000     1.698526567     0.000000000
     1.220000000     0.000000000     1.698985490     0.000000000
     1.230000000     0.000000000     1.699448897     0.000000000
     1.240000000     0.000000000     1.699916807     0.000000000
     1.250000000     0.000000000     1.700389239     0.000000000
     1.260000000     0.000000000     1.700866214     0.000000000
     1.270000000     0.000000000     1.701347751     0.000000000
     1.280000000     0.000000000     1.701833870     0.000000000
     1.290000000     0.000000000     1.702324592     0.000000000
     1.300000000     0.000000000     1.702819937     0.000000000
     1.310000000     0.000000000     1.703319928     0.000000000
     1.320000000     0.000000000     1.703824584     0.000000000
     1.330000000     0.000000000     1.704333927     0.000000000
     1.340000000     0.000000000     1.704847980     0.000000000
     1.350000000     0.000000000     1.705366764     0.000000000
     1.360000000     0.000000000     1.705890301     0.000000000
     1.370000000     0.000000000     1.706418615     0.000000000
     1.380000000     0.000000000     1.706951727     0.000000000
     1.390000000     0.000000000     1.707489662     0.000000000
     1.400000000     0.000000000     1.708032442     0.000000000
     1.410000000     0.000000000     1.708580092     0.000000000
     1.420000000     0.000000000     1.709132635     0.000000000
     1.430000000     0.000000000     1.709690096     0.000000000
     1.440000000     0.000000000     1.710252499     0.000000000
     1.450000000     0.000000000     1.710819869     0.000000000
     1.460000000     0.000000000     1.711392231     0.000000000
     1.470000000     0.000000000     1.711969612     0.000000000
     1.480000000     0.000000000     1.712552036     0.000000000
     1.490000000     0.000000000     1.713139530     0.000000000
     1.500000000     0.000000000     1.713732121     0.000000000
     1.510000000     0.000000000     1.714329834     0.000000000
     1.520000000     0.000000000     1.714932698     0.000000000
     1.530000000     0.000000000     1.715540740     0.000000000
     1.540000000     0.000000000     1.716153987     0.000000000
     1.550000000     0.000000000     1.716772468     0.000000000
     1.560000000     0.000000000     1.717396211     0.000000000
     1.570000000     0.000000000     1.718025245     0.000000000
     1.580000000     0.000000000     1.718659598     0.000000000
     1.590000000     0.000000000     1.719299302     0.000000000
     1.600000000     0.000000000     1.719944384     0.000000000
     1.610000000     0.000000000     1.720594877     0.000000000
     1.620000000     0.000000000     1.721250810     0.000000000
     1.630000000     0.000000000     1.721912213     0.000000000
     1.640000000     0.000000000     1.722579120     0.000000000
     1.650000000     0.000000000     1.723251561     0.000000000
     1.660000000     0.000000000     1.723929569     0.000000000
     1.670000000     0.000000000     1.724613175     0.000000000
     1.680000000     0.000000000     1.725302414     0.000000000
     1.690000000     0.000000000     1.725997317     0.000000000
     1.700000000     0.000000000     1.726697920     0.000000000
     1.710000000     0.000000000     1.727404256     0.000000000
     1.720000000     0.000000000     1.728116360     0.000000000
     1.730000000     0.000000000     1.728834266     0.000000000
     1.740000000     0.000000000     1.729558011     0.000000000
     1.750000000     0.000000000     1.730287630     0.000000000
     1.760000000     0.000000000     1.731023159     0.000000000
     1.770000000     0.000000000     1.731764636     0.000000000
     1.780000000     0.000000000     1.732512097     0.000000000
     1.790000000     0.000000000     1.733265579     0.000000000
     1.800000000     0.000000000     1.734025123     0.000000000
     1.810000000     0.000000000     1.734790765     0.000000000
     1.820000000     0.000000000     1.735562545     0.000000000
     1.830000000     0.000000000     1.736340502     0.000000000
     1.840000000     0.000000000     1.737124677     0.000000000
     1.850000000     0.000000000     1.737915111     0.000000000
     1.860000000     0.000000000     1.738711844     0.000000000
     1.870000000     0.000000000     1.739514917     0.000000000
     1.880000000     0.000000000     1.740324374     0.000000000
     1.890000000     0.000000000     1.741140257     0.000000000
     1.900000000     0.000000000     1.741962609     0.000000000
     1.910000000     0.000000000     1.742791474     0.000000000
     1.920000000     0.000000000     1.743626896     0.000000000
     1.930000000     0.000000000     1.744468920     0.000000000
     1.940000000     0.000000000     1.745317591     0.000000000
     1.950000000     0.000000000     1.746172956     0.000000000
     1.960000000     0.000000000     1.747035062     0.000000000
     1.970000000     0.000000000     1.747903954     0.000000000
     1.980000000     0.000000000     1.748779682     0.000000000
     1.990000000     0.000000000     1.749662294     0.000000000
     2.000000000     0.000000000     1.750551838     0.000000000
     2.010000000     0.000000000     1.751448365     0.000000000
     2.020000000     0.000000000     1.752351925     0.000000000
     2.030000000     0.000000000     1.753262569     0.000000000
     2.040000000     0.000000000     1.754180348     0.000000000
     2.050000000     0.000000000     1.755105315     0.000000000
     2.060000000     0.000000000     1.756037524     0.000000000
     2.070000000     0.000000000     1.756977027     0.000000000
     2.080000000     0.000000000     1.757923879     0.000000000
     2.090000000     0.000000000     1.758878135     0.000000000
     2.100000000     0.000000000     1.759839852     0.000000000
     2.110000000     0.000000000     1.760809086     0.000000000
     2.120000000     0.000000000     1.761785894     0.000000000
     2.130000000     0.000000000     1.762770334     0.000000000
     2.140000000     0.000000000     1.763762466     0.000000000
     2.150000000     0.000000000     1.764762349     0.000000000
     2.160000000     0.000000000     1.765770044     0.000000000
     2.170000000     0.000000000     1.766785612     0.000000000
     2.180000000     0.000000000     1.767809115     0.000000000
     2.190000000     0.000000000     1.768840617     0.000000000
     2.200000000     0.000000000     1.769880180     0.000000000
     2.210000000     0.000000000     1.770927871     0.000000000
     2.220000000     0.000000000     1.771983754     0.000000000
     2.230000000     0.000000000     1.773047896     0.000000000
     2.240000000     0.000000000     1.774120365     0.000000000
     2.250000000     0.000000000     1.775201230     0.000000000
     2.260000000     0.000000000     1.776290558     0.000000000
     2.270000000     0.000000000     1.777388422     0.000000000
     2.280000000     0.000000000     1.778494891     0.000000000
     2.290000000     0.000000000     1.779610040     0.000000000
     2.300000000     0.000000000     1.780733939     0.000000000
     2.310000000     0.000000000     1.781866665     0.000000000
     2.320000000     0.000000000     1.783008293     0.000000000
     2.330000000     0.000000000     1.784158899     0.000000000
     2.340000000     0.000000000     1.785318560     0.000000000
     2.350000000     0.000000000     1.786487356     0.000000000
     2.360000000     0.000000000     1.787665367     0.000000000
     2.370000000     0.000000000     1.788852672     0.000000000
     2.380000000     0.000000000     1.790049355     0.000000000
     2.390000000     0.000000000     1.791255499     0.000000000
     2.400000000     0.000000000     1.792471189     0.000000000
     2.410000000     0.000000000     1.793696509     0.000000000
     2.420000000     0.000000000     1.794931548     0.000000000
     2.430000000     0.000000000     1.796176394     0.000000000
     2.440000000     0.000000000     1.797431136     0.000000000
     2.450000000     0.000000000     1.798695865     0.000000000
     2.460000000     0.000000000     1.799970675     0.000000000
     2.470000000     0.000000000     1.801255658     0.000000000
     2.480000000     0.000000000     1.802550910     0.000000000
     2.490000000     0.000000000     1.803856527     0.000000000
     2.500000000     0.000000000     1.805172607     0.000000000
     2.510000000     0.000000000     1.806499251     0.000000000
     2.520000000     0.000000000     1.807836559     0.000000000
     2.530000000     0.000000000     1.809184634     0.000000000
     2.540000000     0.000000000     1.810543580     0.000000000
     2.550000000     0.000000000     1.811913503     0.000000000
     2.560000000     0.000000000     1.813294511     0.000000000
     2.570000000     0.000000000     1.814686712     0.000000000
     2.580000000     0.000000000     1.816090219     0.000000000
     2.590000000     0.000000000     1.817505142     0.000000000
     2.600000000     0.000000000     1.818931597     0.000000000
     2.610000000     0.000000000     1.820369701     0.000000000
     2.620000000     0.000000000     1.821819571     0.000000000
     2.630000000     0.000000000     1.823281327     0.000000000
     2.640000000     0.000000000     1.824755091     0.000000000
     2.650000000     0.000000000     1.826240988     0.000000000
     2.660000000     0.000000000     1.827739143     0.000000000
     2.670000000     0.000000000     1.829249684     0.000000000
     2.680000000     0.000000000     1.830772742     0.000000000
     2.690000000     0.000000000     1.832308448     0.000000000
     2.700000000     0.000000000     1.833856938     0.000000000
     2.710000000     0.000000000     1.835418348     0.000000000
     2.720000000     0.000000000     1.836992817     0.000000000
     2.730000000     0.000000000     1.838580487     0.000000000
     2.740000000     0.000000000     1.840181501     0.000000000
     2.750000000     0.000000000     1.841796006     0.000000000
     2.760000000     0.000000000     1.843424150     0.000000000
     2.770000000     0.000000000     1.845066084     0.000000000
     2.780000000     0.000000000     1.846721963     0.000000000
     2.790000000     0.000000000     1.848391944     0.000000000
     2.800000000     0.000000000     1.850076184     0.000000000
     2.810000000     0.000000000     1.851774848     0.000000000
     2.820000000     0.000000000     1.853488099     0.000000000
     2.830000000     0.000000000     1.855216105     0.000000000
     2.840000000     0.000000000     1.856959038     0.000000000
     2.850000000     0.000000000     1.858717071     0.000000000
     2.860000000     0.000000000     1.860490382     0.000000000
     2.870000000     0.000000000     1.862279151     0.000000000
     2.880000000     0.000000000     1.864083562     0.000000000
     2.890000000     0.000000000     1.865903801     0.000000000
     2.900000000     0.000000000     1.867740059     0.000000000
     2.910000000     0.000000000     1.869592530     0.000000000
     2.920000000     0.000000000     1.871461411     0.000000000
     2.930000000     0.000000000     1.873346905     0.000000000
     2.940000000     0.000000000     1.875249215     0.000000000
     2.950000000     0.000000000     1.877168552     0.000000000
     2.960000000     0.000000000     1.879105127     0.000000000
     2.970000000     0.000000000     1.881059159     0.000000000
     2.980000000     0.000000000     1.883030867     0.000000000
     2.990000000     0.000000000     1.885020479     0.000000000
     3.000000000     0.000000000     1.887028223     0.000000000
     3.010000000     0.000000000     1.889054335     0.000000000
     3.020000000     0.000000000     1.891099054     0.000000000
     3.030000000     0.000000000     1.893162622     0.000000000
     3.040000000     0.000000000     1.895245290     0.000000000
     3.050000000     0.000000000     1.897347311     0.000000000
     3.060000000     0.000000000     1.899468944     0.000000000
     3.070000000     0.000000000     1.901610453     0.000000000
     3.080000000     0.000000000     1.903772108     0.000000000
     3.090000000     0.000000000     1.905954184     0.000000000
     3.100000000     0.000000000     1.908156962     0.000000000
     3.110000000     0.000000000     1.910380728     0.000000000
     3.120000000     0.000000000     1.912625777     0.000000000
     3.130000000     0.000000000     1.914892406     0.000000000
     3.140000000     0.000000000     1.917180922     0.000000000
     3.150000000     0.000000000     1.919491637     0.000000000
     3.160000000     0.000000000     1.921824868     0.000000000
     3.170000000     0.000000000     1.924180943     0.000000000
     3.180000000     0.000000000     1.926560193     0.000000000
     3.190000000     0.000000000     1.928962960     0.000000000
     3.200000000     0.000000000     1.931389591     0.000000000
     3.210000000     0.000000000     1.933840442     0.000000000
     3.220000000     0.000000000     1.936315876     0.000000000
     3.230000000     0.000000000     1.938816266     0.000000000
     3.240000000     0.000000000     1.941341992     0.000000000
     3.250000000     0.000000000     1.943893442     0.000000000
     3.260000000     0.000000000     1.946471016     0.000000000
     3.270000000     0.000000000     1.949075121     0.000000000
     3.280000000     0.000000000     1.951706174     0.000000000
     3.290000000     0.000000000     1.954364602     0.000000000
     3.300000000     0.000000000     1.957050842     0.000000000
     3.310000000     0.000000000     1.959765342     0.000000000
     3.320000000     0.000000000     1.962508562     0.000000000
     3.330000000     0.000000000     1.965280970     0.000000000
     3.340000000     0.000000000     1.968083049     0.000000000
     3.350000000     0.000000000     1.970915291     0.000000000
     3.360000000     0.000000000     1.973778202     0.000000000
     3.370000000     0.000000000     1.976672302     0.000000000
     3.380000000     0.000000000     1.979598121     0.000000000
     3.390000000     0.000000001     1.982556205     0.000000000
     3.400000000     0.000000001     1.985547113     0.000000000
     3.410000000     0.000000002     1.988571420     0.000000000
     3.420000000     0.000000002     1.991629713     0.000000000
     3.430000000     0.000000003     1.994722599     0.000000000
     3.440000000     0.000000005     1.997850697     0.000000000
     3.450000000     0.000000007     2.001014644     0.000000000
     3.460000000     0.000000011     2.004215095     0.000000000
     3.470000000     0.000000015     2.007452723     0.000000000
     3.480000000     0.000000022     2.010728218     0.000000000
     3.490000000     0.000000032     2.014042291     0.000000000
     3.500000000     0.000000046     2.017395671     0.000000000
     3.510000000     0.000000066     2.020789108     0.000000000
     3.520000000     0.000000094     2.024223375     0.000000000
     3.530000000     0.000000132     2.027699265     0.000000000
     3.540000000     0.000000187     2.031217596     0.000000000
     3.550000000     0.000000262     2.034779207     0.000000001
     3.560000000     0.000000366     2.038384963     0.000000001
     3.570000000     0.000000509     2.042035756     0.000000001
     3.580000000     0.000000705     2.045732503     0.000000002
     3.590000000     0.000000971     2.049476148     0.000000002
     3.600000000     0.000001333     2.053267665     0.000000003
     3.610000000     0.000001822     2.057108057     0.000000004
     3.620000000     0.000002478     2.060998359     0.000000006
     3.630000000     0.000003357     2.064939635     0.000000008
     3.640000000     0.000004526     2.068932985     0.000000011
     3.650000000     0.000006076     2.072979543     0.000000014
     3.660000000     0.000008121     2.077080477     0.000000019
     3.670000000     0.000010805     2.081236996     0.000000025
     3.680000000     0.000014314     2.085450343     0.000000033
     3.690000000     0.000018878     2.089721804     0.000000044
     3.700000000     0.000024787     2.094052706     0.000000058
     3.710000000     0.000032402     2.098444420     0.000000076
     3.720000000     0.000042170     2.102898358     0.000000099
     3.730000000     0.000054640     2.107415984     0.000000128
     3.740000000     0.000070484     2.111998805     0.000000165
     3.750000000     0.000090521     2.116648381     0.000000212
     3.760000000     0.000115741     2.121366321     0.000000271
     3.770000000     0.000147334     2.126154289     0.000000346
     3.780000000     0.000186723     2.131014002     0.000000439
     3.790000000     0.000235597     2.135947235     0.000000554
     3.800000000     0.000295953     2.140955819     0.000000697
     3.810000000     0.000370132     2.146041647     0.000000873
     3.820000000     0.000460860     2.151206669     0.000001088
     3.830000000     0.000571299     2.156452901     0.000001351
     3.840000000     0.000705082     2.161782417     0.000001670
     3.850000000     0.000866361     2.167197357     0.000002056
     3.860000000     0.001059843     2.172699925     0.000002520
     3.870000000     0.001290829     2.178292384     0.000003075
     3.880000000     0.001565244     2.183977064     0.000003736
     3.890000000     0.001889656     2.189756349     0.000004521
     3.900000000     0.002271288     2.195632684     0.000005446
     3.910000000     0.002718019     2.201608565     0.000006532
     3.920000000     0.003238364     2.207686533     0.000007802
     3.930000000     0.003841440     2.213869170     0.000009278
     3.940000000     0.004536913     2.220159085     0.000010987
     3.950000000     0.005334920     2.226558901     0.000012954
     3.960000000     0.006245972     2.233071240     0.000015209
     3.970000000     0.007280833     2.239698701     0.000017780
     3.980000000     0.008450369     2.246443831     0.000020697
     3.990000000     0.009765385     2.253309091     0.000023990
     4.000000000     0.011236432     2.260296820     0.000027689
     4.010000000     0.012873602     2.267409177     0.000031822
     4.020000000     0.014686308     2.274648078     0.000036418
     4.030000000     0.016683059     2.282015123     0.000041501
     4.040000000     0.018871230     2.289511498     0.000047093
     4.050000000     0.021256847     2.297137857     0.000053215
     4.060000000     0.023844385     2.304894190     0.000059879
     4.070000000     0.026636597     2.312779649     0.000067096
     4.080000000     0.029634381     2.320792352     0.000074870
     4.090000000     0.032836697     2.328929149     0.000083197
     4.100000000     0.036240546     2.337185345     0.000092068
     4.110000000     0.039841027     2.345554383     0.000101465
     4.120000000     0.043631464     2.354027492     0.000111365
     4.130000000     0.047603637     2.362593292     0.000121734
     4.140000000     0.051748102     2.371237384     0.000132533
     4.150000000     0.056054607     2.379941940     0.000143714
     4.160000000     0.060512618     2.388685342     0.000155224
     4.170000000     0.065111932     2.397441921     0.000167001
     4.180000000     0.069843382     2.406181898     0.000178981
     4.190000000     0.074699623     2.414871643     0.000191096
     4.200000000     0.079675976     2.423474400     0.000203275
     4.210000000     0.084771316     2.431951664     0.000215446
     4.220000000     0.089988987     2.440265362     0.000227541
     4.230000000     0.095337700     2.448380988     0.000239492
     4.240000000     0.100832408     2.456271672     0.000251240
     4.250000000     0.106495104     2.463923019     0.000262731
     4.260000000     0.112355532     2.471338234     0.000273923
     4.270000000     0.118451763     2.478542791     0.000284783
     4.280000000     0.124830611     2.485587615     0.000295295
     4.290000000     0.131547862     2.492549771     0.000305456
     4.300000000     0.138668290     2.499529841     0.000315281
     4.310000000     0.146265434     2.506645842     0.000324801
     4.320000000     0.154421131     2.514024268     0.000334067
     4.330000000     0.163224787     2.521789610     0.000343148
     4.340000000     0.172772381     2.530054095     0.000352132
     4.350000000     0.183165226     2.538909267     0.000361124
     4.360000000     0.194508469     2.548420485     0.000370248
     4.370000000     0.206909388     2.558624606     0.000379641
     4.380000000     0.220475472     2.569530455     0.000389454
     4.390000000     0.235312360     2.581121204     0.000399852
     4.400000000     0.251521645     2.593357696     0.000411005
     4.410000000     0.269198608     2.606181848     0.000423092
     4.420000000     0.288429928     2.619519541     0.000436293
     4.430000000     0.309291411     2.633282625     0.000450791
     4.440000000     0.331845801     2.647369916     0.000466762
     4.450000000     0.356140716     2.661667194     0.000484381
     4.460000000     0.382206764     2.676046341     0.000503812
     4.470000000     0.410055882     2.690363836     0.000525208
     4.480000000     0.439679939     2.704458904     0.000548710
     4.490000000     0.471049646     2.718151697     0.000574445
     4.500000000     0.504113787     2.731242002     0.000602524
     4.510000000     0.538798810     2.743509084     0.000633043
     4.520000000     0.575008784     2.754713378     0.000666081
     4.530000000     0.612625718     2.764600849     0.000701703
     4.540000000     0.651510265     2.772910797     0.000739960
     4.550000000     0.691502782     2.779387674     0.000780894
     4.560000000     0.732424734     2.783796986     0.000824535
     4.570000000     0.774080426     2.785944478     0.000870912
     4.580000000     0.816259036     2.785696613     0.000920051
     4.590000000     0.858736905     2.782999061     0.000971983
     4.600000000     0.901280064     2.777888905     0.001026748
     4.610000000     0.943646948     2.770496125     0.001084405
     4.620000000     0.985591255     2.761031181     0.001145033
     4.630000000     1.026864924     2.749758213     0.001208741
     4.640000000     1.067221158     2.736957068     0.001275675
     4.650000000     1.106417481     2.722880850     0.001346029
     4.660000000     1.144218758     2.707717681     0.001420047
     4.670000000     1.180400155     2.691564995     0.001498040
     4.680000000     1.214749982     2.674421946     0.001580388
     4.690000000     1.247072388     2.656201402     0.001667555
     4.700000000     1.277189863     2.636758833     0.001760097
     4.710000000     1.304945514     2.615932367     0.001858670
     4.720000000     1.330205079     2.593586904     0.001964047
     4.730000000     1.352858652     2.569655312     0.002077122
     4.740000000     1.372822083     2.544170859     0.002198927
     4.750000000     1.390038043     2.517286533     0.002330638
     4.760000000     1.404476724     2.489278565     0.002473592
     4.770000000     1.416136175     2.460533252     0.002629296
     4.780000000     1.425042245     2.431518330     0.002799439
     4.790000000     1.431248164     2.402742614     0.002985904
     4.800000000     1.434833741     2.374709815     0.003190778
     4.810000000     1.435904198     2.347873782     0.003416363
     4.820000000     1.434588673     2.322602165     0.003665189
     4.830000000     1.431038399     2.299153802     0.003940020
     4.840000000     1.425424597     2.277672318     0.004243861
     4.850000000     1.417936120     2.258195373     0.004579967
     4.860000000     1.408776890     2.240676202     0.004951849
     4.870000000     1.398163162     2.225012120     0.005363271
     4.880000000     1.386320676     2.211073853     0.005818255
     4.890000000     1.373481724     2.198730094     0.006321075
     4.900000000     1.359882202     2.187863439     0.006876251
     4.910000000     1.345758674     2.178376518     0.007488543
     4.920000000     1.331345502     2.170189795     0.008162931
     4.930000000     1.316872085     2.163234508     0.008904603
     4.940000000     1.302560239     2.157444874     0.009718928
     4.950000000     1.288621761     2.152752902     0.010611433
     4.960000000     1.275256197     2.149087422     0.011587767
     4.970000000     1.262648851     2.146376848     0.012653668
     4.980000000     1.250969047     2.144553701     0.013814920
     4.990000000     1.240368667     2.143558277     0.015077309
     5.000000000     1.230980967     2.143339331     0.016446568
     5.010000000     1.222919692     2.143850819     0.017928327
     5.020000000     1.216278482     2.145045206     0.019528056
     5.030000000     1.211130566     2.146864993     0.021251000
     5.040000000     1.207528751     2.149234572     0.023102118
     5.050000000     1.205505680     2.152054317     0.025086019
     5.060000000     1.205074356     2.155197970     0.027206898
     5.070000000     1.206228914     2.158513565     0.029468465
     5.080000000     1.208945617     2.161827443     0.031873891
     5.090000000     1.213184055     2.164950663     0.034425737
     5.100000000     1.218888516     2.167687154     0.037125903
     5.110000000     1.225989505     2.169843017     0.039975572
     5.120000000     1.234405378     2.171236410     0.042975158
     5.130000000     1.244044048     2.171707326     0.046124273
     5.140000000     1.254804747     2.171126361     0.049421684
     5.150000000     1.266579787     2.169401547     0.052865291
     5.160000000     1.279256306     2.166482417     0.056452109
     5.170000000     1.292717942     2.162360877     0.060178260
     5.180000000     1.306846431     2.157068922     0.064038973
     5.190000000     1.321523079     2.150673758     0.068028601
     5.200000000     1.336630089     2.143271161     0.072140638
     5.210000000     1.352051735     2.134977992     0.076367755
     5.220000000     1.367675355     2.125924591     0.080701843
     5.230000000     1.383392156     2.116247479     0.085134066
     5.240000000     1.399097846     2.106082464     0.089654920
     5.250000000     1.414693071     2.095558086     0.094254311
     5.260000000     1.430083688     2.084789296     0.098921627
     5.270000000     1.445180883     2.073871389     0.103645824
     5.280000000     1.459901151     2.062874503     0.108415520
     5.290000000     1.474166159     2.051839216     0.113219088
     5.300000000     1.487902536     2.040773995     0.118044755
     5.310000000     1.501041593     2.029655230     0.122880700
     5.320000000     1.513519015     2.018430359     0.127715154
     5.330000000     1.525274562     2.007024091     0.132536500
     5.340000000     1.536251773     1.995347142     0.137333364
     5.350000000     1.546397731     1.983306306     0.142094710
     5.360000000     1.555662882     1.970814348     0.146809922
     5.370000000     1.564000927     1.957798216     0.151468881
     5.380000000     1.571368800     1.944204512     0.156062038
     5.390000000     1.577726732     1.930001947     0.160580469
     5.400000000     1.583038391     1.915181393     0.165015928
     5.410000000     1.587271112     1.899754824     0.169360887
     5.420000000     1.590396172     1.883754592     0.173608563
     5.430000000     1.592389131     1.867234042     0.177752937
     5.440000000     1.593230197     1.850269473     0.181788762
     5.450000000     1.592904603     1.832962358     0.185711556
     5.460000000     1.591402981     1.815439988     0.189517595
     5.470000000     1.588721705     1.797852646     0.193203887
     5.480000000     1.584863184     1.780366193     0.196768147
     5.490000000     1.579836101     1.763150252     0.200208762
     5.500000000     1.573655562     1.746363569     0.203524750
     5.510000000     1.566343165     1.730139169     0.206715721
     5.520000000     1.557926958     1.714572204     0.209781832
     5.530000000     1.548441305     1.699712996     0.212723747
     5.540000000     1.537926636     1.685566720     0.215542593
     5.550000000     1.526429099     1.672099902     0.218239923
     5.560000000     1.514000106     1.659252649     0.220817686
     5.570000000     1.500695794     1.646954529     0.223278196
     5.580000000     1.486576400     1.635141395     0.225624114
     5.590000000     1.471705563     1.623770245     0.227858434
     5.600000000     1.456149577     1.612829483     0.229984477
     5.610000000     1.439976597     1.602342715     0.232005888
     5.620000000     1.423255821     1.592365431     0.233926652
     5.630000000     1.406056667     1.582975429     0.235751098
     5.640000000     1.388447950     1.574259184     0.237483928
     5.650000000     1.370497088     1.566297235     0.239130234
     5.660000000     1.352269344     1.559151652     0.240695526
     5.670000000     1.333827122     1.552857848     0.242185760
     5.680000000     1.315229329     1.547421669     0.243607367
     5.690000000     1.296530817     1.542821343     0.244967276
     5.700000000     1.277781915     1.539012895     0.246272935
     5.710000000     1.259028054     1.535937252     0.247532333
     5.720000000     1.240309506     1.533527399     0.248754006
     5.730000000     1.221661224     1.531714377     0.249947043
     5.740000000     1.203112801     1.530431501     0.251121079
     5.750000000     1.184688538     1.529616658     0.252286284
     5.760000000     1.166407621     1.529212963     0.253453338
     5.770000000     1.148284403     1.529168338     0.254633396
     5.780000000     1.130328788     1.529434674     0.255838049
     5.790000000     1.112546695     1.529967254     0.257079270
     5.800000000     1.094940603     1.530724922     0.258369353
     5.810000000     1.077510158     1.531671265     0.259720848
     5.820000000     1.060252826     1.532776764     0.261146483
     5.830000000     1.043164571     1.534021626     0.262659084
     5.840000000     1.026240562     1.535398772     0.264271491
     5.850000000     1.009475857     1.536916324     0.265996469
     5.860000000     0.992866082     1.538598892     0.267846615
     5.870000000     0.976408070     1.540487122     0.269834269
     5.880000000     0.960100443     1.542635225     0.271971418
     5.890000000     0.943944142     1.545106653     0.274269607
     5.900000000     0.927942870     1.547968483     0.276739847
     5.910000000     0.912103467     1.551285392     0.279392528
     5.920000000     0.896436184     1.555114200     0.282237332
     5.930000000     0.880954871     1.559499773     0.285283156
     5.940000000     0.865677079     1.564472800     0.288538024
     5.950000000     0.850624059     1.570049516     0.292009023
     5.960000000     0.835820691     1.576233114     0.295702224
     5.970000000     0.821295322     1.583016352     0.299622622
     5.980000000     0.807079544     1.590384762     0.303774072
     5.990000000     0.793207903     1.598319888     0.308159228
     6.000000000     0.779717563     1.606802097     0.312779499
     6.010000000     0.766647925     1.615812618     0.317634999
     6.020000000     0.754040224     1.625334613     0.322724504
     6.030000000     0.741937100     1.635353272     0.328045423
     6.040000000     0.730382162     1.645855039     0.333593767
     6.050000000     0.719419552     1.656826234     0.339364134
     6.060000000     0.709093514     1.668251434     0.345349692
     6.070000000     0.699447967     1.680111982     0.351542186
     6.080000000     0.690526107     1.692384954     0.357931936
     6.090000000     0.682370007     1.705042807     0.364507865
     6.100000000     0.675020253     1.718053789     0.371257521
     6.110000000     0.668515584     1.731383043     0.378167123
     6.120000000     0.662892551     1.744994226     0.385221615
     6.130000000     0.658185197     1.758851371     0.392404728
     6.140000000     0.654424733     1.772920679     0.399699064
     6.150000000     0.651639240     1.787171941     0.407086180
     6.160000000     0.649853365     1.801579318     0.414546698
     6.170000000     0.649088023     1.816121331     0.422060413
     6.180000000     0.649360108     1.830780044     0.429606423
     6.190000000     0.650682206     1.845539577     0.437163259
     6.200000000     0.653062309     1.860384241     0.444709032
     6.210000000     0.656503544     1.875296656     0.452221580
     6.220000000     0.661003910     1.890256212     0.459678629
     6.230000000     0.666556037     1.905238113     0.467057945
     6.240000000     0.673146968     1.920213074     0.474337504
     6.250000000     0.680757976     1.935147572     0.481495650
     6.260000000     0.689364418     1.950004378     0.488511257
     6.270000000     0.698935644     1.964743120     0.495363888
     6.280000000     0.709434960     1.979320645     0.502033945
     6.290000000     0.720819664     1.993691111     0.508502818
     6.300000000     0.733041146     2.007805879     0.514753023
     6.310000000     0.746045077     2.021613352     0.520768327
     6.320000000     0.759771679     2.035058983     0.526533867
     6.330000000     0.774156080     2.048085581     0.532036255
     6.340000000     0.789128762     2.060634063     0.537263665
     6.350000000     0.804616091     2.072644698     0.542205917
     6.360000000     0.820540932     2.084058902     0.546854531
     6.370000000     0.836823343     2.094821590     0.551202779
     6.380000000     0.853381336     2.104884054     0.555245712
     6.390000000     0.870131704     2.114207234     0.558980177
     6.400000000     0.886990887     2.122765160     0.562404811
     6.410000000     0.903875895     2.130548226     0.565520024
     6.420000000     0.920705232     2.137565898     0.568327964
     6.430000000     0.937399858     2.143848439     0.570832461
     6.440000000     0.953884128     2.149447280     0.573038961
     6.450000000     0.970086731     2.154433731     0.574954439
     6.460000000     0.985941596     2.158895918     0.576587298
     6.470000000     1.001388764     2.162934014     0.577947252
     6.480000000     1.016375197     2.166654135     0.579045193
     6.490000000     1.030855546     2.170161556     0.579893047
     6.500000000     1.044792826     2.173554111     0.580503609
     6.510000000     1.058159032     2.176916645     0.580890378
     6.520000000     1.070935648     2.180317252     0.581067367
     6.530000000     1.083114069     2.183805653     0.581048919
     6.540000000     1.094695922     2.187413702     0.580849500
     6.550000000     1.105693268     2.191157692     0.580483502
     6.560000000     1.116128691     2.195041991     0.579965035
     6.570000000     1.126035265     2.199063550     0.579307725
     6.580000000     1.135456390     2.203216947     0.578524510
     6.590000000     1.144445499     2.207499673     0.577627453
     6.600000000     1.153065622     2.211917380     0.576627561
     6.610000000     1.161388825     2.216488645     0.575534619
     6.620000000     1.169495500     2.221248656     0.574357046
     6.630000000     1.177473530     2.226251203     0.573101771
     6.640000000     1.185417325     2.231568415     0.571774141
     6.650000000     1.193426738     2.237288038     0.570377851
     6.660000000     1.201605880     2.243508433     0.568914913
     6.670000000     1.210061845     2.250331840     0.567385658
     6.680000000     1.218903373     2.257856732     0.565788769
     6.690000000     1.228239462     2.266170109     0.564121361
     6.700000000     1.238177982     2.275340485     0.562379089
     6.710000000     1.248824288     2.285412147     0.560556298
     6.720000000     1.260279902     2.296400978     0.558646201
     6.730000000     1.272641266     2.308291975     0.556641096
     6.740000000     1.285998629     2.321038388     0.554532608
     6.750000000     1.300435072     2.334562319     0.552311950
     6.760000000     1.316025735     2.348756582     0.549970205
     6.770000000     1.332837245     2.363487644     0.547498626
     6.780000000     1.350927385     2.378599502     0.544888932
     6.790000000     1.370345014     2.393918433     0.542133607
     6.800000000     1.391130250     2.409258578     0.539226192
     6.810000000     1.413314916     2.424428322     0.536161556
     6.820000000     1.436923245     2.439237412     0.532936152
     6.830000000     1.461972826     2.453504679     0.529548236
     6.840000000     1.488475777     2.467066084     0.525998054
     6.850000000     1.516440093     2.479782689     0.522287984
     6.860000000     1.545871165     2.491547948     0.518422638
     6.870000000     1.576773388     2.502293568     0.514408911
     6.880000000     1.609151841     2.511993122     0.510255971
     6.890000000     1.643013970     2.520662630     0.505975210
     6.900000000     1.678371229     2.528357626     0.501580128
     6.910000000     1.715240625     2.535166648     0.497086168
     6.920000000     1.753646112     2.541201737     0.492510511
     6.930000000     1.793619803     2.546587069     0.487871811
     6.940000000     1.835202940     2.551447278     0.483189901
     6.950000000     1.878446605     2.555897108     0.478485458
     6.960000000     1.923412134     2.560033727     0.473779650
     6.970000000     1.970171224     2.563932482     0.469093759
     6.980000000     2.018805716     2.567646098     0.464448796
     6.990000000     2.069407067     2.571206641     0.459865116
     7.000000000     2.122075494     2.574628976     0.455362047
     7.010000000     2.176918831     2.577914258     0.450957531
     7.020000000     2.234051102     2.581052115     0.446667802
     7.030000000     2.293590832     2.584020601     0.442507089
     7.040000000     2.355659147     2.586783694     0.438487371
     7.050000000     2.420377660     2.589286745     0.434618180
     7.060000000     2.487866197     2.591450915     0.430906458
     7.070000000     2.558240386     2.593167903     0.427356473
     7.080000000     2.631609124     2.594296293     0.423969793
     7.090000000     2.708071956     2.594660532     0.420745327
     7.100000000     2.787716385     2.594053044     0.417679420
     7.110000000     2.870615112     2.592239345     0.414766010
     7.120000000     2.956823236     2.588965507     0.411996831
     7.130000000     3.046375406     2.583966895     0.409361670
     7.140000000     3.139282947     2.576977047     0.406848660
     7.150000000     3.235530945     2.567735696     0.404444602
     7.160000000     3.335075328     2.555995372     0.402135318
     7.170000000     3.437839929     2.541526418     0.399906007
     7.180000000     3.543713570     2.524120660     0.397741613
     7.190000000     3.652547194     2.503594066     0.395627179
     7.200000000     3.764151076     2.479788696     0.393548194
     7.210000000     3.878292178     2.452573967     0.391490904
     7.220000000     3.994691714     2.421847059     0.389442604
     7.230000000     4.113022994     2.387532071     0.387391876
     7.240000000     4.232909655     2.349577496     0.385328795
     7.250000000     4.353924378     2.307951642     0.383245074
     7.260000000     4.475588202     2.262635707     0.381134166
     7.270000000     4.597370555     2.213614434     0.378991304
     7.280000000     4.718690126     2.160864523     0.376813495
     7.290000000     4.838916683     2.104341329     0.374599457
     7.300000000     4.957373942     2.043964731     0.372349512
     7.310000000     5.073343574     1.979605442     0.370065432
     7.320000000     5.186070415     1.911073299     0.367750250
     7.330000000     5.294768896     1.838109284     0.365408038
     7.340000000     5.398630710     1.760383137     0.363043661
     7.350000000     5.496833655     1.677498324     0.360662521
     7.360000000     5.588551575     1.589005899     0.358270279
     7.370000000     5.672965275     1.494428150     0.355872594
     7.380000000     5.749274218     1.393292171     0.353474857
     7.390000000     5.816708804     1.285172488     0.351081948
     7.400000000     5.874542972     1.169740776     0.348698005
     7.410000000     5.922106828     1.046819639     0.346326234
     7.420000000     5.958799007     0.916436253     0.343968734
     7.430000000     5.984098425     0.778870711     0.341626372
     7.440000000     5.997575105     0.634693188     0.339298687
     7.450000000     5.998899743     0.484784030     0.336983833
     7.460000000     5.987851725     0.330331901     0.334678567
     7.470000000     5.964325314     0.172807263     0.332378269
     7.480000000     5.928333780     0.013911572     0.330077000
     7.490000000     5.880011297    -0.144494115     0.327767595
     7.500000000     5.819612502    -0.300474679     0.325441784
     7.510000000     5.747509640    -0.452112544     0.323090335
     7.520000000     5.664187354    -0.597597072     0.320703225
     7.530000000     5.570235181    -0.735304405     0.318269824
     7.540000000     5.466337936    -0.863862123     0.315779084
     7.550000000     5.353264209    -0.982195142     0.313219742
     7.560000000     5.231853266    -1.089551373     0.310580518
     7.570000000     5.103000680    -1.185507543     0.307850316
     7.580000000     4.967643089    -1.269957223     0.305018405
     7.590000000     4.826742460    -1.343084347     0.302074602
     7.600000000     4.681270287    -1.405326268     0.299009431
     7.610000000     4.532192120    -1.457330649     0.295814267
     7.620000000     4.380452827    -1.499910123     0.292481462
     7.630000000     4.226962948    -1.533997927     0.289004448
     7.640000000     4.072586454    -1.560606622     0.285377820
     7.650000000     3.918130188    -1.580791009     0.281597395
     7.660000000     3.764335188    -1.595615353     0.277660253
     7.670000000     3.611870040    -1.606124376     0.273564753
     7.680000000     3.461326320    -1.613317017     0.269310533
     7.690000000     3.313216155    -1.618121831     0.264898492
     7.700000000     3.167971803    -1.621373077     0.260330751
     7.710000000     3.025947173    -1.623787111     0.255610603
     7.720000000     2.887421066    -1.625939540     0.250742458
     7.730000000     2.752601950    -1.628244723     0.245731761
     7.740000000     2.621633983    -1.630940238     0.240584922
     7.750000000     2.494604031    -1.634079647     0.235309224
     7.760000000     2.371549356    -1.637536895     0.229912739
     7.770000000     2.252465716    -1.641024629     0.224404233
     7.780000000     2.137315559    -1.644126754     0.218793084
     7.790000000     2.026036069    -1.646342851     0.213089183
     7.800000000     1.918546815    -1.647139565     0.207302857
     7.810000000     1.814756808    -1.646002358     0.201444782
     7.820000000     1.714570789    -1.642480894     0.195525908
     7.830000000     1.617894650    -1.636222712     0.189557388
     7.840000000     1.524639880    -1.626992389     0.183550505
     7.850000000     1.434727025    -1.614676171     0.177516619
     7.860000000     1.348088161    -1.599274368     0.171467106
     7.870000000     1.264668409    -1.580885178     0.165413307
     7.880000000     1.184426580    -1.559683900     0.159366484
     7.890000000     1.107335043    -1.535901001     0.153337777
     7.900000000     1.033378927    -1.509801591     0.147338166
     7.910000000     0.962554797    -1.481667821     0.141378432
     7.920000000     0.894868922    -1.451784855     0.135469129
     7.930000000     0.830335295    -1.420430399     0.129620547
     7.940000000     0.768973505    -1.387867427     0.123842685
     7.950000000     0.710806596    -1.354339532     0.118145218
     7.960000000     0.655859000    -1.320068332     0.112537468
     7.970000000     0.604154651    -1.285252385     0.107028375
     7.980000000     0.555715301    -1.250067205     0.101626467
     7.990000000     0.510559129    -1.214666020     0.096339827
     8.000000000     0.468699617    -1.179181035     0.091176066
     8.010000000     0.430144725    -1.143725010     0.086142293
     8.020000000     0.394896335    -1.108393016     0.081245081
     8.030000000     0.362949927    -1.073264270     0.076490447
     8.040000000     0.334294448    -1.038403985     0.071883816
     8.050000000     0.308912319    -1.003865162     0.067430005
     8.060000000     0.286779515    -0.969690323     0.063133195
     8.070000000     0.267865662    -0.935913140     0.058996916
     8.080000000     0.252134090    -0.902559979     0.055024030
     8.090000000     0.239541785    -0.869651371     0.051216724
     8.100000000     0.230039207    -0.837203415     0.047576501
     8.110000000     0.223569920    -0.805229147     0.044104181
     8.120000000     0.220070040    -0.773739884     0.040799907
     8.130000000     0.219467468    -0.742746571     0.037663155
     8.140000000     0.221680941    -0.712261137     0.034692751
     8.150000000     0.226618915    -0.682297892     0.031886891
     8.160000000     0.234178316    -0.652874973     0.029243172
     8.170000000     0.244243230    -0.624015903     0.026758618
     8.180000000     0.256683574    -0.595751272     0.024429724
     8.190000000     0.271353849    -0.568120607     0.022252491
     8.200000000     0.288092029    -0.541174466     0.020222477
     8.210000000     0.306718691    -0.514976793     0.018334838
     8.220000000     0.327036451    -0.489607545     0.016584381
     8.230000000     0.348829803    -0.465165586     0.014965616
     8.240000000     0.371865400    -0.441771769     0.013472809
     8.250000000     0.395892867    -0.419572076     0.012100031
     8.260000000     0.420646156    -0.398740567     0.010841212
     8.270000000     0.445845484    -0.379481747     0.009690194
     8.280000000     0.471199848    -0.362031785     0.008640776
     8.290000000     0.496410094    -0.346657755     0.007686764
     8.300000000     0.521172500    -0.333653879     0.006822011
     8.310000000     0.545182808    -0.323333464     0.006040461
     8.320000000     0.568140613    -0.316015199     0.005336185
     8.330000000     0.589754010    -0.312002579     0.004703414
     8.340000000     0.609744381    -0.311555877     0.004136565
     8.350000000     0.627851177    -0.314857235     0.003630272
     8.360000000     0.643836578    -0.321971371     0.003179400
     8.370000000     0.657489870    -0.332806710     0.002779065
     8.380000000     0.668631419    -0.347084051     0.002424649
     8.390000000     0.677116105    -0.364321127     0.002111801
     8.400000000     0.682836103    -0.383840594     0.001836449
     8.410000000     0.685722920    -0.404805454     0.001594800
     8.420000000     0.685748604    -0.426280003     0.001383335
     8.430000000     0.682926097    -0.447307869     0.001198809
     8.440000000     0.677308677    -0.466993817     0.001038240
     8.450000000     0.668988532    -0.484574910     0.000898905
     8.460000000     0.658094480    -0.499469708     0.000778325
     8.470000000     0.644788894    -0.511300178     0.000674256
     8.480000000     0.629263934    -0.519887505     0.000584674
     8.490000000     0.611737183    -0.525227862     0.000507761
     8.500000000     0.592446814    -0.527456437     0.000441892
     8.510000000     0.571646422    -0.526807642     0.000385622
     8.520000000     0.549599673    -0.523577601     0.000337665
     8.530000000     0.526574918    -0.518092543     0.000296889
     8.540000000     0.502839907    -0.510684607     0.000262294
     8.550000000     0.478656742    -0.501674964     0.000233004
     8.560000000     0.454277214    -0.491363315     0.000208252
     8.570000000     0.429938591    -0.480022399     0.000187369
     8.580000000     0.405859998    -0.467896179     0.000169772
     8.590000000     0.382239406    -0.455200497     0.000154958
     8.600000000     0.359251319    -0.442125241     0.000142488
     8.610000000     0.337045151    -0.428837285     0.000131986
     8.620000000     0.315744310    -0.415483646     0.000123125
     8.630000000     0.295445960    -0.402194458     0.000115626
     8.640000000     0.276221427    -0.389085440     0.000109247
     8.650000000     0.258117182    -0.376259599     0.000103783
     8.660000000     0.241156346    -0.363807963     0.000099059
     8.670000000     0.225340614    -0.351809183     0.000094924
     8.680000000     0.210652539    -0.340327956     0.000091252
     8.690000000     0.197058052    -0.329412347     0.000087935
     8.700000000     0.184509157    -0.319090358     0.000084884
     8.710000000     0.172946689    -0.309366348     0.000082026
     8.720000000     0.162303065    -0.300218192     0.000079298
     8.730000000     0.152504949    -0.291596201     0.000076651
     8.740000000     0.143475761    -0.283424734     0.000074048
     8.750000000     0.135137986    -0.275606991     0.000071458
     8.760000000     0.127415222    -0.268032762     0.000068860
     8.770000000     0.120233952    -0.260588123     0.000066238
     8.780000000     0.113525015    -0.253165493     0.000063585
     8.790000000     0.107224763    -0.245672336     0.000060896
     8.800000000     0.101275909    -0.238037181     0.000058172
     8.810000000     0.095628082    -0.230212332     0.000055418
     8.820000000     0.090238101    -0.222173436     0.000052640
     8.830000000     0.085070000    -0.213916641     0.000049850
     8.840000000     0.080094830    -0.205454353     0.000047057
     8.850000000     0.075290274    -0.196810524     0.000044274
     8.860000000     0.070640113    -0.188016208     0.000041515
     8.870000000     0.066133579    -0.179105822     0.000038792
     8.880000000     0.061764620    -0.170114267     0.000036120
     8.890000000     0.057531135    -0.161074930     0.000033510
     8.900000000     0.053434185    -0.152018416     0.000030975
     8.910000000     0.049477217    -0.142971883     0.000028525
     8.920000000     0.045665329    -0.133958800     0.000026170
     8.930000000     0.042004591    -0.124998996     0.000023918
     8.940000000     0.038501435    -0.116108885     0.000021776
     8.950000000     0.035162123    -0.107301796     0.000019749
     8.960000000     0.031992309    -0.098588331     0.000017841
     8.970000000     0.028996683    -0.089976740     0.000016053
     8.980000000     0.026178712    -0.081473270     0.000014388
     8.990000000     0.023540456    -0.073082480     0.000012844
     9.000000000     0.021082471    -0.064807529     0.000011420
     9.010000000     0.018803775    -0.056650422     0.000010113
     9.020000000     0.016701883    -0.048612217     0.000008919
     9.030000000     0.014772883    -0.040693210     0.000007834
     9.040000000     0.013011563    -0.032893079     0.000006853
     9.050000000     0.011411561    -0.025211016     0.000005971
     9.060000000     0.009965537    -0.017645822     0.000005180
     9.070000000     0.008665363    -0.010196000     0.000004476
     9.080000000     0.007502306    -0.002859823     0.000003852
     9.090000000     0.006467218     0.004364610     0.000003301
     9.100000000     0.005550713     0.011479326     0.000002817
     9.110000000     0.004743328     0.018486440     0.000002394
     9.120000000     0.004035674     0.025388125     0.000002026
     9.130000000     0.003418562     0.032186586     0.000001707
     9.140000000     0.002883114     0.038884042     0.000001433
     9.150000000     0.002420853     0.045482706     0.000001197
     9.160000000     0.002023767     0.051984780     0.000000996
     9.170000000     0.001684363     0.058392437     0.000000825
     9.180000000     0.001395702     0.064707820     0.000000681
     9.190000000     0.001151408     0.070933031     0.000000560
     9.200000000     0.000945681     0.077070131     0.000000458
     9.210000000     0.000773280     0.083121135     0.000000373
     9.220000000     0.000629514     0.089088008     0.000000303
     9.230000000     0.000510210     0.094972667     0.000000244
     9.240000000     0.000411688     0.100776980     0.000000196
     9.250000000     0.000330720     0.106502761     0.000000157
     9.260000000     0.000264500     0.112151777     0.000000125
     9.270000000     0.000210603     0.117725742     0.000000100
     9.280000000     0.000166946     0.123226324     0.000000079
     9.290000000     0.000131752     0.128655140     0.000000062
     9.300000000     0.000103517     0.134013762     0.000000049
     9.310000000     0.000080973     0.139303713     0.000000038
     9.320000000     0.000063057     0.144526472     0.000000029
     9.330000000     0.000048888     0.149683477     0.000000023
     9.340000000     0.000037735     0.154776119     0.000000018
     9.350000000     0.000028997     0.159805751     0.000000013
     9.360000000     0.000022184     0.164773685     0.000000010
     9.370000000     0.000016896     0.169681194     0.000000008
     9.380000000     0.000012812     0.174529515     0.000000006
     9.390000000     0.000009672     0.179319849     0.000000004
     9.400000000     0.000007269     0.184053360     0.000000003
     9.410000000     0.000005439     0.188731181     0.000000002
     9.420000000     0.000004051     0.193354410     0.000000002
     9.430000000     0.000003004     0.197924117     0.000000001
     9.440000000     0.000002218     0.202441339     0.000000001
     9.450000000     0.000001631     0.206907084     0.000000001
     9.460000000     0.000001193     0.211322334     0.000000001
     9.470000000     0.000000869     0.215688042     0.000000000
     9.480000000     0.000000630     0.220005135     0.000000000
     9.490000000     0.000000455     0.224274516     0.000000000
     9.500000000     0.000000327     0.228497062     0.000000000
     9.510000000     0.000000234     0.232673627     0.000000000
     9.520000000     0.000000167     0.236805044     0.000000000
     9.530000000     0.000000118     0.240892121     0.000000000
     9.540000000     0.000000084     0.244935647     0.000000000
     9.550000000     0.000000059     0.248936390     0.000000000
     9.560000000     0.000000041     0.252895099     0.000000000
     9.570000000     0.000000029     0.256812502     0.000000000
     9.580000000     0.000000020     0.260689310     0.000000000
     9.590000000     0.000000014     0.264526216     0.000000000
     9.600000000     0.000000009     0.268323896     0.000000000
     9.610000000     0.000000006     0.272083009     0.000000000
     9.620000000     0.000000004     0.275804197     0.000000000
     9.630000000     0.000000003     0.279488089     0.000000000
     9.640000000     0.000000002     0.283135295     0.000000000
     9.650000000     0.000000001     0.286746415     0.000000000
     9.660000000     0.000000001     0.290322031     0.000000000
     9.670000000     0.000000001     0.293862713     0.000000000
     9.680000000     0.000000000     0.297369017     0.000000000
     9.690000000     0.000000000     0.300841488     0.000000000
     9.700000000     0.000000000     0.304280656     0.000000000
     9.710000000     0.000000000     0.307687041     0.000000000
     9.720000000     0.000000000     0.311061150     0.000000000
     9.730000000     0.000000000     0.314403480     0.000000000
     9.740000000     0.000000000     0.317714514     0.000000000
     9.750000000     0.000000000     0.320994729     0.000000000
     9.760000000     0.000000001     0.324244587     0.000000000
     9.770000000     0.000000001     0.327464542     0.000000000
     9.780000000     0.000000001     0.330655040     0.000000000
     9.790000000     0.000000001     0.333816514     0.000000000
     9.800000000     0.000000002     0.336949391     0.000000000
     9.810000000     0.000000003     0.340054087     0.000000000
     9.820000000     0.000000004     0.343131009     0.000000000
     9.830000000     0.000000005     0.346180558     0.000000000
     9.840000000     0.000000007     0.349203124     0.000000001
     9.850000000     0.000000010     0.352199091     0.000000001
     9.860000000     0.000000013     0.355168834     0.000000001
     9.870000000     0.000000018     0.358112721     0.000000002
     9.880000000     0.000000024     0.361031113     0.000000002
     9.890000000     0.000000032     0.363924364     0.000000003
     9.900000000     0.000000043     0.366792819     0.000000004
     9.910000000     0.000000057     0.369636819     0.000000005
     9.920000000     0.000000075     0.372456696     0.000000007
     9.930000000     0.000000099     0.375252779     0.000000009
     9.940000000     0.000000129     0.378025386     0.000000012
     9.950000000     0.000000168     0.380774832     0.000000016
     9.960000000     0.000000218     0.383501427     0.000000020
     9.970000000     0.000000282     0.386205473     0.000000026
     9.980000000     0.000000362     0.388887266     0.000000034
     9.990000000     0.000000464     0.391547099     0.000000043
    10.000000000     0.000000591     0.394185257     0.000000055
    10.010000000     0.000000749     0.396802023     0.000000070
    10.020000000     0.000000946     0.399397671     0.000000088
    10.030000000     0.000001190     0.401972473     0.000000111
    10.040000000     0.000001489     0.404526695     0.000000139
    10.050000000     0.000001856     0.407060599     0.000000173
    10.060000000     0.000002302     0.409574441     0.000000215
    10.070000000     0.000002843     0.412068474     0.000000266
    10.080000000     0.000003496     0.414542945     0.000000327
    10.090000000     0.000004280     0.416998098     0.000000400
    10.100000000     0.000005216     0.419434173     0.000000488
    10.110000000     0.000006329     0.421851405     0.000000592
    10.120000000     0.000007645     0.424250025     0.000000715
    10.130000000     0.000009193     0.426630259     0.000000860
    10.140000000     0.000011007     0.428992332     0.000001029
    10.150000000     0.000013119     0.431336462     0.000001227
    10.160000000     0.000015568     0.433662866     0.000001456
    10.170000000     0.000018392     0.435971753     0.000001720
    10.180000000     0.000021633     0.438263333     0.000002023
    10.190000000     0.000025330     0.440537809     0.000002368
    10.200000000     0.000029529     0.442795382     0.000002761
    10.210000000     0.000034271     0.445036247     0.000003204
    10.220000000     0.000039598     0.447260597     0.000003702
    10.230000000     0.000045550     0.449468619     0.000004259
    10.240000000     0.000052164     0.451660499     0.000004877
    10.250000000     0.000059474     0.453836414     0.000005561
    10.260000000     0.000067508     0.455996541     0.000006312
    10.270000000     0.000076287     0.458141047     0.000007132
    10.280000000     0.000085825     0.460270098     0.000008024
    10.290000000     0.000096127     0.462383851     0.000008987
    10.300000000     0.000107189     0.464482458     0.000010022
    10.310000000     0.000118994     0.466566062     0.000011125
    10.320000000     0.000131513     0.468634800     0.000012296
    10.330000000     0.000144705     0.470688797     0.000013529
    10.340000000     0.000158514     0.472728168     0.000014820
    10.350000000     0.000172870     0.474753018     0.000016163
    10.360000000     0.000187691     0.476763435     0.000017548
    10.370000000     0.000202879     0.478759493     0.000018968
    10.380000000     0.000218323     0.480741250     0.000020412
    10.390000000     0.000233901     0.482708744     0.000021869
    10.400000000     0.000249479     0.484661993     0.000023325
    10.410000000     0.000264915     0.486600996     0.000024768
    10.420000000     0.000280058     0.488525732     0.000026184
    10.430000000     0.000294754     0.490436163     0.000027558
    10.440000000     0.000308846     0.492332240     0.000028876
    10.450000000     0.000322176     0.494213911     0.000030122
    10.460000000     0.000334591     0.496081136     0.000031283
    10.470000000     0.000345943     0.497933901     0.000032344
    10.480000000     0.000356095     0.499772240     0.000033293
    10.490000000     0.000364919     0.501596258     0.000034118
    10.500000000     0.000372303     0.503406152     0.000034809
    10.510000000     0.000378152     0.505202229     0.000035356
    10.520000000     0.000382390     0.506984908     0.000035752
    10.530000000     0.000384961     0.508754716     0.000035992
    10.540000000     0.000385830     0.510512261     0.000036073
    10.550000000     0.000384986     0.512258196     0.000035994
    10.560000000     0.000382441     0.513993173     0.000035756
    10.570000000     0.000378228     0.515717795     0.000035363
    10.580000000     0.000372402     0.517432583     0.000034818
    10.590000000     0.000365040     0.519137946     0.000034130
    10.600000000     0.000356237     0.520834179     0.000033307
    10.610000000     0.000346104     0.522521461     0.000032359
    10.620000000     0.000334769     0.524199878     0.000031299
    10.630000000     0.000322369     0.525869439     0.000030140
    10.640000000     0.000309051     0.527530106     0.000028895
    10.650000000     0.000294970     0.529181804     0.000027578
    10.660000000     0.000280282     0.530824448     0.000026205
    10.670000000     0.000265144     0.532457951     0.000024790
    10.680000000     0.000249712     0.534082233     0.000023347
    10.690000000     0.000234135     0.535697230     0.000021891
    10.700000000     0.000218556     0.537302890     0.000020434
    10.710000000     0.000203108     0.538899181     0.000018990
    10.720000000     0.000187916     0.540486085     0.000017569
    10.730000000     0.000173089     0.542063601     0.000016183
    10.740000000     0.000158725     0.543631741     0.000014840
    10.750000000     0.000144908     0.545190528     0.000013548
    10.760000000     0.000131706     0.546739997     0.000012314
    10.770000000     0.000119177     0.548280190     0.000011142
    10.780000000     0.000107361     0.549811157     0.000010038
    10.790000000     0.000096288     0.551332954     0.000009002
    10.800000000     0.000085974     0.552845640     0.000008038
    10.810000000     0.000076424     0.554349280     0.000007145
    10.820000000     0.000067634     0.555843941     0.000006323
    10.830000000     0.000059589     0.557329691     0.000005571
    10.840000000     0.000052269     0.558806601     0.000004887
    10.850000000     0.000045644     0.560274744     0.000004268
    10.860000000     0.000039682     0.561734193     0.000003710
    10.870000000     0.000034346     0.563185020     0.000003211
    10.880000000     0.000029596     0.564627299     0.000002767
    10.890000000     0.000025390     0.566061103     0.000002374
    10.900000000     0.000021684     0.567486507     0.000002027
    10.910000000     0.000018438     0.568903583     0.000001724
    10.920000000     0.000015608     0.570312404     0.000001459
    10.930000000     0.000013154     0.571713042     0.000001230
    10.940000000     0.000011036     0.573105568     0.000001032
    10.950000000     0.000009218     0.574490055     0.000000862
    10.960000000     0.000007666     0.575866571     0.000000717
    10.970000000     0.000006347     0.577235188     0.000000593
    10.980000000     0.000005231     0.578595973     0.000000489
    10.990000000     0.000004293     0.579948995     0.000000401
    11.000000000     0.000003507     0.581294322     0.000000328
    11.010000000     0.000002852     0.582632020     0.000000267
    11.020000000     0.000002309     0.583962156     0.000000216
    11.030000000     0.000001862     0.585284794     0.000000174
    11.040000000     0.000001494     0.586599999     0.000000140
    11.050000000     0.000001194     0.587907834     0.000000112
    11.060000000     0.000000950     0.589208363     0.000000089
    11.070000000     0.000000752     0.590501648     0.000000070
    11.080000000     0.000000593     0.591787750     0.000000055
    11.090000000     0.000000465     0.593066730     0.000000044
    11.100000000     0.000000364     0.594338648     0.000000034
    11.110000000     0.000000283     0.595603564     0.000000026
    11.120000000     0.000000219     0.596861535     0.000000020
    11.130000000     0.000000169     0.598112621     0.000000016
    11.140000000     0.000000130     0.599356877     0.000000012
    11.150000000     0.000000099     0.600594362     0.000000009
    11.160000000     0.000000075     0.601825130     0.000000007
    11.170000000     0.000000057     0.603049237     0.000000005
    11.180000000     0.000000043     0.604266738     0.000000004
    11.190000000     0.000000032     0.605477686     0.000000003
    11.200000000     0.000000024     0.606682136     0.000000002
    11.210000000     0.000000018     0.607880139     0.000000002
    11.220000000     0.000000013     0.609071748     0.000000001
    11.230000000     0.000000010     0.610257015     0.000000001
    11.240000000     0.000000007     0.611435990     0.000000001
    11.250000000     0.000000005     0.612608724     0.000000000
    11.260000000     0.000000004     0.613775267     0.000000000
    11.270000000     0.000000003     0.614935668     0.000000000
    11.280000000     0.000000002     0.616089975     0.000000000
    11.290000000     0.000000001     0.617238238     0.000000000
    11.300000000     0.000000001     0.618380504     0.000000000
    11.310000000     0.000000001     0.619516819     0.000000000
    11.320000000     0.000000001     0.620647231     0.000000000
    11.330000000     0.000000000     0.621771785     0.000000000
    11.340000000     0.000000000     0.622890528     0.000000000
    11.350000000     0.000000000     0.624003503     0.000000000
    11.360000000     0.000000000     0.625110757     0.000000000
    11.370000000     0.000000000     0.626212334     0.000000000
    11.380000000     0.000000000     0.627308275     0.000000000
    11.390000000     0.000000000     0.628398626     0.000000000
    11.400000000     0.000000000     0.629483429     0.000000000
    11.410000000     0.000000000     0.630562726     0.000000000
    11.420000000     0.000000000     0.631636559     0.000000000
    11.430000000     0.000000000     0.632704970     0.000000000
    11.440000000     0.000000000     0.633767999     0.000000000
    11.450000000     0.000000000     0.634825687     0.000000000
    11.460000000     0.000000000     0.635878074     0.000000000
    11.470000000     0.000000000     0.636925200     0.000000000
    11.480000000     0.000000000     0.637967104     0.000000000
    11.490000000     0.000000000     0.639003825     0.000000000
    11.500000000     0.000000000     0.640035402     0.000000000
    11.510000000     0.000000000     0.641061873     0.000000000
    11.520000000     0.000000000     0.642083275     0.000000000
    11.530000000     0.000000000     0.643099646     0.000000000
    11.540000000     0.000000000     0.644111023     0.000000000
    11.550000000     0.000000000     0.645117442     0.000000000
    11.560000000     0.000000000     0.646118940     0.000000000
    11.570000000     0.000000000     0.647115553     0.000000000
    11.580000000     0.000000000     0.648107316     0.000000000
    11.590000000     0.000000000     0.649094263     0.000000000
    11.600000000     0.000000000     0.650076431     0.000000000
    11.610000000     0.000000000     0.651053854     0.000000000
    11.620000000     0.000000000     0.652026565     0.000000000
    11.630000000     0.000000000     0.652994598     0.000000000
    11.640000000     0.000000000     0.653957987     0.000000000
    11.650000000     0.000000000     0.654916766     0.000000000
    11.660000000     0.000000000     0.655870966     0.000000000
    11.670000000     0.000000000     0.656820620     0.000000000
    11.680000000     0.000000000     0.657765761     0.000000000
    11.690000000     0.000000000     0.658706421     0.000000000
    11.700000000     0.000000000     0.659642630     0.000000000
    11.710000000     0.000000000     0.660574421     0.000000000
    11.720000000     0.000000000     0.661501823     0.000000000
    11.730000000     0.000000000     0.662424869     0.000000000
    11.740000000     0.000000000     0.663343588     0.000000000
    11.750000000     0.000000000     0.664258010     0.000000000
    11.760000000     0.000000000     0.665168165     0.000000000
    11.770000000     0.000000000     0.666074083     0.000000000
    11.780000000     0.000000000     0.666975793     0.000000000
    11.790000000     0.000000000     0.667873323     0.000000000
    11.800000000     0.000000000     0.668766703     0.000000000
    11.810000000     0.000000000     0.669655961     0.000000000
    11.820000000     0.000000000     0.670541125     0.000000000
    11.830000000     0.000000000     0.671422223     0.000000000
    11.840000000     0.000000000     0.672299283     0.000000000
    11.850000000     0.000000000     0.673172332     0.000000000
    11.860000000     0.000000000     0.674041397     0.000000000
    11.870000000     0.000000000     0.674906506     0.000000000
    11.880000000     0.000000000     0.675767684     0.000000000
    11.890000000     0.000000000     0.676624958     0.000000000
    11.900000000     0.000000000     0.677478354     0.000000000
    11.910000000     0.000000000     0.678327899     0.000000000
    11.920000000     0.000000000     0.679173618     0.000000000
    11.930000000     0.000000000     0.680015536     0.000000000
    11.940000000     0.000000000     0.680853678     0.000000000
    11.950000000     0.000000000     0.681688071     0.000000000
    11.960000000     0.000000000     0.682518737     0.000000000
    11.970000000     0.000000000     0.683345703     0.000000000
    11.980000000     0.000000000     0.684168992     0.000000000
    11.990000000     0.000000000     0.684988628     0.000000000
    12.000000000     0.000000000     0.685804636     0.000000000
    12.010000000     0.000000000     0.686617039     0.000000000
    12.020000000     0.000000000     0.687425860     0.000000000
    12.030000000     0.000000000     0.688231123     0.000000000
    12.040000000     0.000000000     0.689032851     0.000000000
    12.050000000     0.000000000     0.689831066     0.000000000
    12.060000000     0.000000000     0.690625792     0.000000000
    12.070000000     0.000000000     0.691417051     0.000000000
    12.080000000     0.000000000     0.692204865     0.000000000
    12.090000000     0.000000000     0.692989256     0.000000000
    12.100000000     0.000000000     0.693770247     0.000000000
    12.110000000     0.000000000     0.694547858     0.000000000
    12.120000000     0.000000000     0.695322111     0.000000000
    12.130000000     0.000000000     0.696093029     0.000000000
    12.140000000     0.000000000     0.696860631     0.000000000
    12.150000000     0.000000000     0.697624939     0.000000000
    12.160000000     0.000000000     0.698385973     0.000000000
    12.170000000     0.000000000     0.699143755     0.000000000
    12.180000000     0.000000000     0.699898305     0.000000000
    12.190000000     0.000000000     0.700649642     0.000000000
    12.200000000     0.000000000     0.701397788     0.000000000
    12.210000000     0.000000000     0.702142761     0.000000000
    12.220000000     0.000000000     0.702884582     0.000000000
    12.230000000     0.000000000     0.703623271     0.000000000
    12.240000000     0.000000000     0.704358846     0.000000000
    12.250000000     0.000000000     0.705091327     0.000000000
    12.260000000     0.000000000     0.705820733     0.000000000
    12.270000000     0.000000000     0.706547084     0.000000000
    12.280000000     0.000000000     0.707270397     0.000000000
    12.290000000     0.000000000     0.707990692     0.000000000
    12.300000000     0.000000000     0.708707986     0.000000000
    12.310000000     0.000000000     0.709422299     0.000000000
    12.320000000     0.000000000     0.710133649     0.000000000
    12.330000000     0.000000000     0.710842053     0.000000000
    12.340000000     0.000000000     0.711547529     0.000000000
    12.350000000     0.000000000     0.712250096     0.000000000
    12.360000000     0.000000000     0.712949770     0.000000000
    12.370000000     0.000000000     0.713646570     0.000000000
    12.380000000     0.000000000     0.714340512     0.000000000
    12.390000000     0.000000000     0.715031613     0.000000000
    12.400000000     0.000000000     0.715719891     0.000000000
    12.410000000     0.000000000     0.716405363     0.000000000
    12.420000000     0.000000000     0.717088045     0.000000000
    12.430000000     0.000000000     0.717767954     0.000000000
    12.440000000     0.000000000     0.718445107     0.000000000
    12.450000000     0.000000000     0.719119519     0.000000000
    12.460000000     0.000000000     0.719791207     0.000000000
    12.470000000     0.000000000     0.720460188     0.000000000
    12.480000000     0.000000000     0.721126476     0.000000000
    12.490000000     0.000000000     0.721790088     0.000000000
    12.500000000     0.000000000     0.722451040     0.000000000
    12.510000000     0.000000000     0.723109348     0.000000000
    12.520000000     0.000000000     0.723765025     0.000000000
    12.530000000     0.000000000     0.724418089     0.000000000
    12.540000000     0.000000000     0.725068555     0.000000000
    12.550000000     0.000000000     0.725716436     0.000000000
    12.560000000     0.000000000     0.726361749     0.000000000
    12.570000000     0.000000000     0.727004509     0.000000000
    12.580000000     0.000000000     0.727644729     0.000000000
    12.590000000     0.000000000     0.728282425     0.000000000
    12.600000000     0.000000000     0.728917611     0.000000000
    12.610000000     0.000000000     0.729550302     0.000000000
    12.620000000     0.000000000     0.730180512     0.000000000
    12.630000000     0.000000000     0.730808254     0.000000000
    12.640000000     0.000000000     0.731433545     0.000000000
    12.650000000     0.000000000     0.732056396     0.000000000
    12.660000000     0.000000000     0.732676822     0.000000000
    12.670000000     0.000000000     0.733294837     0.000000000
    12.680000000     0.000000000     0.733910455     0.000000000
    12.690000000     0.000000000     0.734523689     0.000000000
    12.700000000     0.000000000     0.735134552     0.000000000
    12.710000000     0.000000000     0.735743059     0.000000000
    12.720000000     0.000000000     0.736349221     0.000000000
    12.730000000     0.000000000     0.736953053     0.000000000
    12.740000000     0.000000000     0.737554567     0.000000000
    12.750000000     0.000000000     0.738153776     0.000000000
    12.760000000     0.000000000     0.738750694     0.000000000
    12.770000000     0.000000000     0.739345332     0.000000000
    12.780000000     0.000000000     0.739937704     0.000000000
    12.790000000     0.000000000     0.740527823     0.000000000
    12.800000000     0.000000000     0.741115700     0.000000000
    12.810000000     0.000000000     0.741701348     0.000000000
    12.820000000     0.000000000     0.742284779     0.000000000
    12.830000000     0.000000000     0.742866007     0.000000000
    12.840000000     0.000000000     0.743445041     0.000000000
    12.850000000     0.000000000     0.744021896     0.000000000
    12.860000000     0.000000000     0.744596582     0.000000000
    12.870000000     0.000000000     0.745169112     0.000000000
    12.880000000     0.000000000     0.745739497     0.000000000
    12.890000000     0.000000000     0.746307749     0.000000000
    12.900000000     0.000000000     0.746873880     0.000000000
    12.910000000     0.000000000     0.747437901     0.000000000
    12.920000000     0.000000000     0.747999823     0.000000000
    12.930000000     0.000000000     0.748559658     0.000000000
    12.940000000     0.000000000     0.749117417     0.000000000
    12.950000000     0.000000000     0.749673112     0.000000000
    12.960000000     0.000000000     0.750226753     0.000000000
    12.970000000     0.000000000     0.750778352     0.000000000
    12.980000000     0.000000000     0.751327918     0.000000000
    12.990000000     0.000000000     0.751875465     0.000000000
    13.000000000     0.000000000     0.752421001     0.000000000
