     0.000000000    -0.000000000     2.428125114     0.000000000
     0.010000000     0.000000000     2.428129425     0.000000000
     0.020000000     0.000000000     2.428142357     0.000000000
     0.030000000     0.000000000     2.428163912     0.000000000
     0.040000000     0.000000000     2.428194090     0.000000000
     0.050000000     0.000000000     2.428232892     0.000000000
     0.060000000     0.000000000     2.428280319     0.000000000
     0.070000000     0.000000000     2.428336375     0.000000000
     0.080000000     0.000000000     2.428401061     0.000000000
     0.090000000     0.000000000     2.428474379     0.000000000
     0.100000000     0.000000000     2.428556333     0.000000000
     0.110000000     0.000000000     2.428646925     0.000000000
     0.120000000     0.000000000     2.428746161     0.000000000
     0.130000000     0.000000000     2.428854043     0.000000000
     0.140000000     0.000000000     2.428970575     0.000000000
     0.150000000     0.000000000     2.429095764     0.000000000
     0.160000000     0.000000000     2.429229613     0.000000000
     0.170000000     0.000000000     2.429372129     0.000000000
     0.180000000     0.000000000     2.429523316     0.000000000
     0.190000000     0.000000000     2.429683182     0.000000000
     0.200000000     0.000000000     2.429851731     0.000000000
     0.210000000     0.000000000     2.430028973     0.000000000
     0.220000000     0.000000000     2.430214913     0.000000000
     0.230000000     0.000000000     2.430409559     0.000000000
     0.240000000     0.000000000     2.430612919     0.000000000
     0.250000000     0.000000000     2.430825001     0.000000000
     0.260000000     0.000000000     2.431045814     0.000000000
     0.270000000     0.000000000     2.431275367     0.000000000
     0.280000000     0.000000000     2.431513669     0.000000000
     0.290000000     0.000000000     2.431760731     0.000000000
     0.300000000     0.000000000     2.432016561     0.000000000
     0.310000000     0.000000000     2.432281170     0.000000000
     0.320000000     0.000000000     2.432554570     0.000000000
     0.330000000     0.000000000     2.432836772     0.000000000
     0.340000000     0.000000000     2.433127786     0.000000000
     0.350000000     0.000000000     2.433427625     0.000000000
     0.360000000     0.000000000     2.433736301     0.000000000
     0.370000000     0.000000000     2.434053827     0.000000000
     0.380000000     0.000000000     2.434380215     0.000000000
     0.390000000     0.000000000     2.434715480     0.000000000
     0.400000000     0.000000000     2.435059635     0.000000000
     0.410000000     0.000000000     2.435412694     0.000000000
     0.420000000     0.000000000     2.435774671     0.000000000
     0.430000000     0.000000000     2.436145582     0.000000000
     0.440000000     0.000000000     2.436525442     0.000000000
     0.450000000     0.000000000     2.436914266     0.000000000
     0.460000000     0.000000000     2.437312071     0.000000000
     0.470000000     0.000000000     2.437718873     0.000000000
     0.480000000     0.000000000     2.438134689     0.000000000
     0.490000000     0.000000000     2.438559535     0.000000000
     0.500000000     0.000000000     2.438993431     0.000000000
     0.510000000     0.000000000     2.439436393     0.000000000
     0.520000000     0.000000000     2.439888440     0.000000000
     0.530000000     0.000000000     2.440349592     0.000000000
     0.540000000     0.000000000     2.440819866     0.000000000
     0.550000000     0.000000000     2.441299284     0.000000000
     0.560000000     0.000000000     2.441787864     0.000000000
     0.570000000     0.000000000     2.442285627     0.000000000
     0.580000000     0.000000000     2.442792595     0.000000000
     0.590000000     0.000000000     2.443308788     0.000000000
     0.600000000     0.000000000     2.443834228     0.000000000
     0.610000000     0.000000000     2.444368938     0.000000000
     0.620000000     0.000000000     2.444912939     0.000000000
     0.630000000     0.000000000     2.445466255     0.000000000
     0.640000000     0.000000000     2.446028909     0.000000000
     0.650000000     0.000000000     2.446600925     0.000000000
     0.660000000     0.000000000     2.447182327     0.000000000
     0.670000000     0.000000000     2.447773139     0.000000000
     0.680000000     0.000000000     2.448373388     0.000000000
     0.690000000     0.000000000     2.448983098     0.000000000
     0.700000000     0.000000000     2.449602296     0.000000000
     0.710000000     0.000000000     2.450231008     0.000000000
     0.720000000     0.000000000     2.450869260     0.000000000
     0.730000000     0.000000000     2.451517080     0.000000000
     0.740000000     0.000000000     2.452174497     0.000000000
     0.750000000     0.000000000     2.452841538     0.000000000
     0.760000000     0.000000000     2.453518231     0.000000000
     0.770000000     0.000000000     2.454204607     0.000000000
     0.780000000     0.000000000     2.454900695     0.000000000
     0.790000000     0.000000000     2.455606525     0.000000000
     0.800000000     0.000000000     2.456322127     0.000000000
     0.810000000     0.000000000     2.457047533     0.000000000
     0.820000000     0.000000000     2.457782774     0.000000000
     0.830000000     0.000000000     2.458527883     0.000000000
     0.840000000     0.000000000     2.459282891     0.000000000
     0.850000000     0.000000000     2.460047833     0.000000000
     0.860000000     0.000000000     2.460822741     0.000000000
     0.870000000     0.000000000     2.461607650     0.000000000
     0.880000000     0.000000000     2.462402594     0.000000000
     0.890000000     0.000000000     2.463207608     0.000000000
     0.900000000     0.000000000     2.464022729     0.000000000
     0.910000000     0.000000000     2.464847991     0.000000000
     0.920000000     0.000000000     2.465683433     0.000000000
     0.930000000     0.000000000     2.466529090     0.000000000
     0.940000000     0.000000000     2.467385001     0.000000000
     0.950000000     0.000000000     2.468251204     0.000000000
     0.960000000     0.000000000     2.469127738     0.000000000
     0.970000000     0.000000000     2.470014642     0.000000000
     0.980000000     0.000000000     2.470911957     0.000000000
     0.990000000     0.000000000     2.471819722     0.000000000
     1.000000000     0.000000000     2.472737978     0.000000000
     1.010000000     0.000000000     2.473666769     0.000000000
     1.020000000     0.000000000     2.474606134     0.000000000
     1.030000000     0.000000000     2.475556118     0.000000000
     1.040000000     0.000000000     2.476516764     0.000000000
     1.050000000     0.000000000     2.477488116     0.000000000
     1.060000000     0.000000000     2.478470218     0.000000000
     1.070000000     0.000000000     2.479463116     0.000000000
     1.080000000     0.000000000     2.480466855     0.000000000
     1.090000000     0.000000000     2.481481482     0.000000000
     1.100000000     0.000000000     2.482507044     0.000000000
     1.110000000     0.000000000     2.483543589     0.000000000
     1.120000000     0.000000000     2.484591164     0.000000000
     1.130000000     0.000000000     2.485649819     0.000000000
     1.140000000     0.000000000     2.486719604     0.000000000
     1.150000000     0.000000000     2.487800568     0.000000000
     1.160000000     0.000000000     2.488892763     0.000000000
     1.170000000     0.000000000     2.489996241     0.000000000
     1.180000000     0.000000000     2.491111053     0.000000000
     1.190000000     0.000000000     2.492237253     0.000000000
     1.200000000     0.000000000     2.493374894     0.000000000
     1.210000000     0.000000000     2.494524030     0.000000000
     1.220000000     0.000000000     2.495684718     0.000000000
     1.230000000     0.000000000     2.496857012     0.000000000
     1.240000000     0.000000000     2.498040969     0.000000000
     1.250000000     0.000000000     2.499236646     0.000000000
     1.260000000     0.000000000     2.500444102     0.000000000
     1.270000000     0.000000000     2.501663395     0.000000000
     1.280000000     0.000000000     2.502894584     0.000000000
     1.290000000     0.000000000     2.504137731     0.000000000
     1.300000000     0.000000000     2.505392895     0.000000000
     1.310000000     0.000000000     2.506660139     0.000000000
     1.320000000     0.000000000     2.507939526     0.000000000
     1.330000000     0.000000000     2.509231119     0.000000000
     1.340000000     0.000000000     2.510534981     0.000000000
     1.350000000     0.000000000     2.511851179     0.000000000
     1.360000000     0.000000000     2.513179778     0.000000000
     1.370000000     0.000000000     2.514520845     0.000000000
     1.380000000     0.000000000     2.515874447     0.000000000
     1.390000000     0.000000000     2.517240653     0.000000000
     1.400000000     0.000000000     2.518619533     0.000000000
     1.410000000     0.000000000     2.520011156     0.000000000
     1.420000000     0.000000000     2.521415593     0.000000000
     1.430000000     0.000000000     2.522832917     0.000000000
     1.440000000     0.000000000     2.524263201     0.000000000
     1.450000000     0.000000000     2.525706518     0.000000000
     1.460000000     0.000000000     2.527162943     0.000000000
     1.470000000     0.000000000     2.528632552     0.000000000
     1.480000000     0.000000000     2.530115422     0.000000000
     1.490000000     0.000000000     2.531611630     0.000000000
     1.500000000     0.000000000     2.533121255     0.000000000
     1.510000000     0.000000000     2.534644377     0.000000000
     1.520000000     0.000000000     2.536181076     0.000000000
     1.530000000     0.000000000     2.537731435     0.000000000
     1.540000000     0.000000000     2.539295535     0.000000000
     1.550000000     0.000000000     2.540873461     0.000000000
     1.560000000     0.000000000     2.542465297     0.000000000
     1.570000000     0.000000000     2.544071130     0.000000000
     1.580000000     0.000000000     2.545691047     0.000000000
     1.590000000     0.000000000     2.547325135     0.000000000
     1.600000000     0.000000000     2.548973485     0.000000000
     1.610000000     0.000000000     2.550636186     0.000000000
     1.620000000     0.000000000     2.552313330     0.000000000
     1.630000000     0.000000000     2.554005010     0.000000000
     1.640000000     0.000000000     2.555711319     0.000000000
     1.650000000     0.000000000     2.557432354     0.000000000
     1.660000000     0.000000000     2.559168210     0.000000000
     1.670000000     0.000000000     2.560918985     0.000000000
     1.680000000     0.000000000     2.562684778     0.000000000
     1.690000000     0.000000000     2.564465689     0.000000000
     1.700000000     0.000000000     2.566261820     0.000000000
     1.710000000     0.000000000     2.568073273     0.000000000
     1.720000000     0.000000000     2.569900152     0.000000000
     1.730000000     0.000000000     2.571742562     0.000000000
     1.740000000     0.000000000     2.573600612     0.000000000
     1.750000000     0.000000000     2.575474408     0.000000000
     1.760000000     0.000000000     2.577364060     0.000000000
     1.770000000     0.000000000     2.579269680     0.000000000
     1.780000000     0.000000000     2.581191379     0.000000000
     1.790000000     0.000000000     2.583129272     0.000000000
     1.800000000     0.000000000     2.585083474     0.000000000
     1.810000000     0.000000000     2.587054102     0.000000000
     1.820000000     0.000000000     2.589041275     0.000000000
     1.830000000     0.000000000     2.591045113     0.000000000
     1.840000000     0.000000000     2.593065736     0.000000000
     1.850000000     0.000000000     2.595103269     0.000000000
     1.860000000     0.000000000     2.597157836     0.000000000
     1.870000000     0.000000000     2.599229564     0.000000000
     1.880000000     0.000000000     2.601318581     0.000000000
     1.890000000     0.000000000     2.603425016     0.000000000
     1.900000000     0.000000000     2.605549002     0.000000000
     1.910000000     0.000000000     2.607690672     0.000000000
     1.920000000     0.000000000     2.609850160     0.000000000
     1.930000000     0.000000000     2.612027605     0.000000000
     1.940000000     0.000000000     2.614223144     0.000000000
     1.950000000     0.000000000     2.616436919     0.000000000
     1.960000000     0.000000000     2.618669071     0.000000000
     1.970000000     0.000000000     2.620919747     0.000000000
     1.980000000     0.000000000     2.623189091     0.000000000
     1.990000000     0.000000000     2.625477253     0.000000000
     2.000000000     0.000000000     2.627784382     0.000000000
     2.010000000     0.000000000     2.630110633     0.000000000
     2.020000000     0.000000000     2.632456158     0.000000000
     2.030000000     0.000000000     2.634821116     0.000000000
     2.040000000     0.000000000     2.637205664     0.000000000
     2.050000000     0.000000000     2.639609965     0.000000000
     2.060000000     0.000000000     2.642034181     0.000000000
     2.070000000     0.000000000     2.644478478     0.000000000
     2.080000000     0.000000000     2.646943024     0.000000000
     2.090000000     0.000000000     2.649427990     0.000000000
     2.100000000     0.000000000     2.651933547     0.000000000
     2.110000000     0.000000000     2.654459872     0.000000000
     2.120000000     0.000000000     2.657007142     0.000000000
     2.130000000     0.000000000     2.659575536     0.000000000
     2.140000000     0.000000000     2.662165238     0.000000000
     2.150000000     0.000000000     2.664776433     0.000000000
     2.160000000     0.000000000     2.667409308     0.000000000
     2.170000000     0.000000000     2.670064055     0.000000000
     2.180000000     0.000000000     2.672740866     0.000000000
     2.190000000     0.000000000     2.675439938     0.000000000
     2.200000000     0.000000000     2.678161470     0.000000000
     2.210000000     0.000000000     2.680905662     0.000000000
     2.220000000     0.000000000     2.683672721     0.000000000
     2.230000000     0.000000000     2.686462854     0.000000000
     2.240000000     0.000000000     2.689276272     0.000000000
     2.250000000     0.000000000     2.692113188     0.000000000
     2.260000000     0.000000000     2.694973820     0.000000000
     2.270000000     0.000000000     2.697858388     0.000000000
     2.280000000     0.000000000     2.700767115     0.000000000
     2.290000000     0.000000000     2.703700229     0.000000000
     2.300000000     0.000000000     2.706657959     0.000000000
     2.310000000     0.000000000     2.709640539     0.000000000
     2.320000000     0.000000000     2.712648206     0.000000000
     2.330000000     0.000000000     2.715681202     0.000000000
     2.340000000     0.000000000     2.718739770     0.000000000
     2.350000000     0.000000000     2.721824159     0.000000000
     2.360000000     0.000000000     2.724934621     0.000000000
     2.370000000     0.000000000     2.728071411     0.000000000
     2.380000000     0.000000000     2.731234790     0.000000000
     2.390000000     0.000000000     2.734425020     0.000000000
     2.400000000     0.000000000     2.737642371     0.000000000
     2.410000000     0.000000000     2.740887113     0.000000000
     2.420000000     0.000000000     2.744159524     0.000000000
     2.430000000     0.000000000     2.747459884     0.000000000
     2.440000000     0.000000000     2.750788478     0.000000000
     2.450000000     0.000000000     2.754145595     0.000000000
     2.460000000     0.000000000     2.757531529     0.000000000
     2.470000000     0.000000000     2.760946581     0.000000000
     2.480000000     0.000000000     2.764391052     0.000000000
     2.490000000     0.000000000     2.767865252     0.000000000
     2.500000000     0.000000000     2.771369494     0.000000000
     2.510000000     0.000000000     2.774904097     0.000000000
     2.520000000     0.000000000     2.778469385     0.000000000
     2.530000000     0.000000000     2.782065686     0.000000000
     2.540000000     0.000000000     2.785693335     0.000000000
     2.550000000     0.000000000     2.789352673     0.000000000
     2.560000000     0.000000000     2.793044044     0.000000000
     2.570000000     0.000000000     2.796767800     0.000000000
     2.580000000     0.000000000     2.800524299     0.000000000
     2.590000000     0.000000000     2.804313904     0.000000000
     2.600000000     0.000000000     2.808136984     0.000000000
     2.610000000     0.000000000     2.811993914     0.000000000
     2.620000000     0.000000000     2.815885078     0.000000000
     2.630000000     0.000000000     2.819810863     0.000000000
     2.640000000     0.000000000     2.823771665     0.000000000
     2.650000000     0.000000000     2.827767886     0.000000000
     2.660000000     0.000000000     2.831799936     0.000000000
     2.670000000     0.000000000     2.835868229     0.000000000
     2.680000000     0.000000000     2.839973191     0.000000000
     2.690000000     0.000000000     2.844115252     0.000000000
     2.700000000     0.000000000     2.848294850     0.000000000
     2.710000000     0.000000000     2.852512432     0.000000000
     2.720000000     0.000000000     2.856768452     0.000000000
     2.730000000     0.000000000     2.861063374     0.000000000
     2.740000000     0.000000000     2.865397667     0.000000000
     2.750000000     0.000000000     2.869771812     0.000000000
     2.760000000     0.000000000     2.874186296     0.000000000
     2.770000000     0.000000000     2.878641617     0.000000000
     2.780000000     0.000000000     2.883138282     0.000000000
     2.790000000     0.000000000     2.887676805     0.000000000
     2.800000000     0.000000000     2.892257712     0.000000000
     2.810000000     0.000000000     2.896881539     0.000000000
     2.820000000     0.000000000     2.901548830     0.000000000
     2.830000000     0.000000000     2.906260141     0.000000000
     2.840000000     0.000000000     2.911016039     0.000000000
     2.850000000     0.000000000     2.915817099     0.000000000
     2.860000000     0.000000000     2.920663911     0.000000000
     2.870000000     0.000000000     2.925557074     0.000000000
     2.880000000     0.000000000     2.930497198     0.000000000
     2.890000000     0.000000000     2.935484907     0.000000000
     2.900000000     0.000000000     2.940520837     0.000000000
     2.910000000     0.000000000     2.945605634     0.000000000
     2.920000000     0.000000000     2.950739960     0.000000000
     2.930000000     0.000000000     2.955924489     0.000000000
     2.940000000     0.000000000     2.961159908     0.000000000
     2.950000000     0.000000000     2.966446919     0.000000000
     2.960000000     0.000000000     2.971786238     0.000000000
     2.970000000     0.000000000     2.977178595     0.000000000
     2.980000000     0.000000000     2.982624735     0.000000000
     2.990000000     0.000000000     2.988125420     0.000000000
     3.000000000     0.000000000     2.993681427     0.000000000
     3.010000000     0.000000000     2.999293549     0.000000000
     3.020000000     0.000000000     3.004962595     0.000000000
     3.030000000     0.000000000     3.010689393     0.000000000
     3.040000000     0.000000000     3.016474788     0.000000000
     3.050000000     0.000000000     3.022319643     0.000000000
     3.060000000     0.000000000     3.028224840     0.000000000
     3.070000000     0.000000000     3.034191279     0.000000000
     3.080000000     0.000000000     3.040219882     0.000000000
     3.090000000     0.000000000     3.046311589     0.000000000
     3.100000000     0.000000000     3.052467364     0.000000000
     3.110000000     0.000000000     3.058688188     0.000000000
     3.120000000     0.000000000     3.064975070     0.000000000
     3.130000000     0.000000000     3.071329035     0.000000000
     3.140000000     0.000000000     3.077751138     0.000000000
     3.150000000     0.000000000     3.084242455     0.000000000
     3.160000000     0.000000000     3.090804085     0.000000000
     3.170000000     0.000000000     3.097437158     0.000000000
     3.180000000     0.000000000     3.104142825     0.000000000
     3.190000000     0.000000000     3.110922268     0.000000000
     3.200000000     0.000000000     3.117776696     0.000000000
     3.210000000     0.000000000     3.124707346     0.000000000
     3.220000000     0.000000000     3.131715486     0.000000000
     3.230000000     0.000000000     3.138802414     0.000000000
     3.240000000     0.000000000     3.145969461     0.000000000
     3.250000000     0.000000000     3.153217991     0.000000000
     3.260000000     0.000000000     3.160549400     0.000000000
     3.270000000     0.000000000     3.167965120     0.000000000
     3.280000000     0.000000000     3.175466620     0.000000000
     3.290000000     0.000000000     3.183055405     0.000000000
     3.300000000     0.000000000     3.190733020     0.000000000
     3.310000000     0.000000000     3.198501048     0.000000000
     3.320000000     0.000000000     3.206361115     0.000000000
     3.330000000     0.000000000     3.214314889     0.000000000
     3.340000000     0.000000000     3.222364082     0.000000000
     3.350000000     0.000000001     3.230510451     0.000000000
     3.360000000     0.000000001     3.238755801     0.000000000
     3.370000000     0.000000001     3.247101986     0.000000000
     3.380000000     0.000000002     3.255550909     0.000000000
     3.390000000     0.000000003     3.264104527     0.000000000
     3.400000000     0.000000005     3.272764850     0.000000000
     3.410000000     0.000000008     3.281533945     0.000000000
     3.420000000     0.000000011     3.290413937     0.000000000
     3.430000000     0.000000017     3.299407010     0.000000000
     3.440000000     0.000000025     3.308515413     0.000000000
     3.450000000     0.000000037     3.317741456     0.000000000
     3.460000000     0.000000054     3.327087521     0.000000000
     3.470000000     0.000000079     3.336556056     0.000000000
     3.480000000     0.000000115     3.346149582     0.000000000
     3.490000000     0.000000166     3.355870696     0.000000000
     3.500000000     0.000000239     3.365722072     0.000000000
     3.510000000     0.000000343     3.375706465     0.000000000
     3.520000000     0.000000490     3.385826715     0.000000000
     3.530000000     0.000000697     3.396085748     0.000000000
     3.540000000     0.000000987     3.406486580     0.000000000
     3.550000000     0.000001390     3.417032324     0.000000001
     3.560000000     0.000001951     3.427726188     0.000000001
     3.570000000     0.000002725     3.438571483     0.000000001
     3.580000000     0.000003789     3.449571624     0.000000002
     3.590000000     0.000005247     3.460730140     0.000000002
     3.600000000     0.000007233     3.472050669     0.000000003
     3.610000000     0.000009927     3.483536971     0.000000004
     3.620000000     0.000013566     3.495192929     0.000000006
     3.630000000     0.000018457     3.507022554     0.000000008
     3.640000000     0.000025001     3.519029990     0.000000011
     3.650000000     0.000033718     3.531219520     0.000000014
     3.660000000     0.000045274     3.543595571     0.000000019
     3.670000000     0.000060526     3.556162719     0.000000025
     3.680000000     0.000080561     3.568925698     0.000000033
     3.690000000     0.000106759     3.581889400     0.000000044
     3.700000000     0.000140857     3.595058887     0.000000058
     3.710000000     0.000185034     3.608439392     0.000000076
     3.720000000     0.000242002     3.622036331     0.000000099
     3.730000000     0.000315124     3.635855302     0.000000128
     3.740000000     0.000408547     3.649902100     0.000000165
     3.750000000     0.000527350     3.664182714     0.000000212
     3.760000000     0.000677725     3.678703341     0.000000271
     3.770000000     0.000867172     3.693470387     0.000000346
     3.780000000     0.001104726     3.708490474     0.000000439
     3.790000000     0.001401205     3.723770445     0.000000554
     3.800000000     0.001769486     3.739317367     0.000000697
     3.810000000     0.002224799     3.755138539     0.000000873
     3.820000000     0.002785053     3.771241485     0.000001088
     3.830000000     0.003471164     3.787633966     0.000001351
     3.840000000     0.004307410     3.804323969     0.000001671
     3.850000000     0.005321782     3.821319708     0.000002056
     3.860000000     0.006546333     3.838629619     0.000002520
     3.870000000     0.008017514     3.856262345     0.000003075
     3.880000000     0.009776477     3.874226724     0.000003737
     3.890000000     0.011869338     3.892531768     0.000004521
     3.900000000     0.014347383     3.911186634     0.000005446
     3.910000000     0.017267183     3.930200589     0.000006533
     3.920000000     0.020690623     3.949582962     0.000007802
     3.930000000     0.024684800     3.969343087     0.000009279
     3.940000000     0.029321787     3.989490223     0.000010988
     3.950000000     0.034678231     4.010033463     0.000012955
     3.960000000     0.040834768     4.030981613     0.000015210
     3.970000000     0.047875248     4.052343048     0.000017781
     3.980000000     0.055885745     4.074125527     0.000020699
     3.990000000     0.064953350     4.096335972     0.000023992
     4.000000000     0.075164747     4.118980189     0.000027691
     4.010000000     0.086604575     4.142062536     0.000031825
     4.020000000     0.099353595     4.165585501     0.000036420
     4.030000000     0.113486677     4.189549207     0.000041503
     4.040000000     0.129070645     4.213950794     0.000047096
     4.050000000     0.146162031     4.238783677     0.000053218
     4.060000000     0.164804775     4.264036647     0.000059883
     4.070000000     0.185027943     4.289692792     0.000067100
     4.080000000     0.206843542     4.315728203     0.000074874
     4.090000000     0.230244494     4.342110437     0.000083201
     4.100000000     0.255202860     4.368796705     0.000092073
     4.110000000     0.281668406     4.395731760     0.000101470
     4.120000000     0.309567583     4.422845467     0.000111370
     4.130000000     0.338803010     4.450050070     0.000121740
     4.140000000     0.369253539     4.477237175     0.000132539
     4.150000000     0.400774955     4.504274578     0.000143720
     4.160000000     0.433201361     4.531003077     0.000155230
     4.170000000     0.466347291     4.557233588     0.000167007
     4.180000000     0.500010550     4.582744988     0.000178987
     4.190000000     0.533975768     4.607283338     0.000191102
     4.200000000     0.568018640     4.630563309     0.000203280
     4.210000000     0.601910778     4.652272888     0.000215451
     4.220000000     0.635425094     4.672082531     0.000227545
     4.230000000     0.668341598     4.689659925     0.000239496
     4.240000000     0.700453463     4.704691180     0.000251243
     4.250000000     0.731573228     4.716908542     0.000262733
     4.260000000     0.761538940     4.726123505     0.000273924
     4.270000000     0.790220066     4.732262592     0.000284783
     4.280000000     0.817523000     4.735401400     0.000295294
     4.290000000     0.843395955     4.735791219     0.000305454
     4.300000000     0.867833097     4.733872278     0.000315276
     4.310000000     0.890877730     4.730268824     0.000324795
     4.320000000     0.912624418     4.725763796     0.000334059
     4.330000000     0.933219916     4.721254230     0.000343138
     4.340000000     0.952862832     4.717691986     0.000352119
     4.350000000     0.971801986     4.716016981     0.000361110
     4.360000000     0.990333443     4.717091438     0.000370231
     4.370000000     1.008796270     4.721643401     0.000379622
     4.380000000     1.027567078     4.730226096     0.000389433
     4.390000000     1.047053477     4.743196759     0.000399828
     4.400000000     1.067686570     4.760715106     0.000410979
     4.410000000     1.089912694     4.782758388     0.000423064
     4.420000000     1.114184588     4.809147788     0.000436264
     4.430000000     1.140952230     4.839580165     0.000450759
     4.440000000     1.170653578     4.873659737     0.000466730
     4.450000000     1.203705454     4.910925733     0.000484347
     4.460000000     1.240494820     4.950873777     0.000503777
     4.470000000     1.281370671     4.992970350     0.000525172
     4.480000000     1.326636757     5.036660835     0.000548674
     4.490000000     1.376545333     5.081372468     0.000574409
     4.500000000     1.431292079     5.126513895     0.000602488
     4.510000000     1.491012332     5.171473296     0.000633007
     4.520000000     1.555778701     5.215617112     0.000666046
     4.530000000     1.625600120     5.258291411     0.000701670
     4.540000000     1.700422337     5.298827828     0.000739929
     4.550000000     1.780129802     5.336555673     0.000780865
     4.560000000     1.864548887     5.370821102     0.000824508
     4.570000000     1.953452308     5.401013138     0.000870887
     4.580000000     2.046564628     5.426594697     0.000920029
     4.590000000     2.143568655     5.447135047     0.000971963
     4.600000000     2.244112544     5.462338600     0.001026732
     4.610000000     2.347817420     5.472064493     0.001084393
     4.620000000     2.454285273     5.476332426     0.001145024
     4.630000000     2.563106949     5.475312862     0.001208735
     4.640000000     2.673869999     5.469303106     0.001275672
     4.650000000     2.786166206     5.458693787     0.001346029
     4.660000000     2.899598603     5.443931614     0.001420050
     4.670000000     3.013787824     5.425483568     0.001498046
     4.680000000     3.128377653     5.403805669     0.001580397
     4.690000000     3.243039671     5.379317256     0.001667566
     4.700000000     3.357476912     5.352380719     0.001760110
     4.710000000     3.471426508     5.323286946     0.001858685
     4.720000000     3.584661279     5.292248246     0.001964063
     4.730000000     3.696990313     5.259401807     0.002077140
     4.740000000     3.808258561     5.224826636     0.002198945
     4.750000000     3.918345519     5.188574401     0.002330656
     4.760000000     4.027163098     5.150709652     0.002473610
     4.770000000     4.134652772     5.111349268     0.002629314
     4.780000000     4.240782136     5.070687415     0.002799457
     4.790000000     4.345540995     5.028993454     0.002985920
     4.800000000     4.448937125     4.986577052     0.003190793
     4.810000000     4.550991818     4.943725504     0.003416376
     4.820000000     4.651735355     4.900628931     0.003665200
     4.830000000     4.751202518     4.857315149     0.003940028
     4.840000000     4.849428231     4.813614698     0.004243865
     4.850000000     4.946443447     4.769168105     0.004579968
     4.860000000     5.042271327     4.723474939     0.004951846
     4.870000000     5.136923792     4.675972112     0.005363264
     4.880000000     5.230398465     4.626121231     0.005818242
     4.890000000     5.322676053     4.573483703     0.006321056
     4.900000000     5.413718146     4.517767560     0.006876226
     4.910000000     5.503465464     4.458839448     0.007488511
     4.920000000     5.591836499     4.396705548     0.008162891
     4.930000000     5.678726565     4.331472965     0.008904554
     4.940000000     5.764007200     4.263306102     0.009718870
     4.950000000     5.847525902     4.192390393     0.010611364
     4.960000000     5.929106176     4.118910045     0.011587687
     4.970000000     6.008547848     4.043039788     0.012653577
     4.980000000     6.085627650     3.964945534     0.013814816
     4.990000000     6.160100035     3.884786803     0.015077191
     5.000000000     6.231698253     3.802714919     0.016446436
     5.010000000     6.300135655     3.718864352     0.017928181
     5.020000000     6.365107268     3.633338752     0.019527894
     5.030000000     6.426291642     3.546196416     0.021250822
     5.040000000     6.483353009     3.457441009     0.023101923
     5.050000000     6.535943763     3.367021948     0.025085808
     5.060000000     6.583707311     3.274845738     0.027206669
     5.070000000     6.626281309     3.180796079     0.029468219
     5.080000000     6.663301299     3.084758218     0.031873628
     5.090000000     6.694404773     2.986642278     0.034425457
     5.100000000     6.719235641     2.886401064     0.037125606
     5.110000000     6.737449115     2.784039518     0.039975257
     5.120000000     6.748716939     2.679615123     0.042974827
     5.130000000     6.752732948     2.573230839     0.046123926
     5.140000000     6.749218859     2.465024255     0.049421321
     5.150000000     6.737930217     2.355157932     0.052864913
     5.160000000     6.718662376     2.243815806     0.056451717
     5.170000000     6.691256396     2.131208745     0.060177853
     5.180000000     6.655604714     2.017589281     0.064038554
     5.190000000     6.611656431     1.903272039     0.068028169
     5.200000000     6.559422068     1.788653759     0.072140194
     5.210000000     6.498977629     1.674225917     0.076367299
     5.220000000     6.430467809     1.560574465     0.080701377
     5.230000000     6.354108209     1.448364665     0.085133589
     5.240000000     6.270186433     1.338313458     0.089654435
     5.250000000     6.179061936     1.231155650     0.094253817
     5.260000000     6.081164570     1.127611955     0.098921125
     5.270000000     5.976991734     1.028365925     0.103645315
     5.280000000     5.867104148     0.934053233     0.108415006
     5.290000000     5.752120233     0.845262215     0.113218571
     5.300000000     5.632709163     0.762540578     0.118044235
     5.310000000     5.509582693     0.686401389     0.122880178
     5.320000000     5.383485863     0.617322134     0.127714633
     5.330000000     5.255186778     0.555733523     0.132535981
     5.340000000     5.125465632     0.501998275     0.137332850
     5.350000000     4.995103231     0.456383361     0.142094202
     5.360000000     4.864869237     0.419030891     0.146809423
     5.370000000     4.735510421     0.389933053     0.151468394
     5.380000000     4.607739184     0.368915348     0.156061565
     5.390000000     4.482222629     0.355630601     0.160580013
     5.400000000     4.359572449     0.349564312     0.165015491
     5.410000000     4.240335883     0.350050413     0.169360472
     5.420000000     4.124987967     0.356295429     0.173608174
     5.430000000     4.013925280     0.367408497     0.177752576
     5.440000000     3.907461346     0.382434496     0.181788432
     5.450000000     3.805823807     0.400387612     0.185711260
     5.460000000     3.709153435     0.420282958     0.189517334
     5.470000000     3.617505011     0.441164415     0.193203665
     5.480000000     3.530850031     0.462127621     0.196767967
     5.490000000     3.449081173     0.482338019     0.200208625
     5.500000000     3.372018370     0.501044844     0.203524660
     5.510000000     3.299416351     0.517592683     0.206715679
     5.520000000     3.230973402     0.531432486     0.209781842
     5.530000000     3.166341128     0.542133473     0.212723810
     5.540000000     3.105134934     0.549396357     0.215542710
     5.550000000     3.046944939     0.553066923     0.218240096
     5.560000000     2.991347038     0.553147801     0.220817916
     5.570000000     2.937913807     0.549805549     0.223278484
     5.580000000     2.886224979     0.543370286     0.225624461
     5.590000000     2.835877238     0.534325829     0.227858839
     5.600000000     2.786493068     0.523289509     0.229984938
     5.610000000     2.737728495     0.510982170     0.232006404
     5.620000000     2.689279533     0.498190077     0.233927219
     5.630000000     2.640887218     0.485721653     0.235751714
     5.640000000     2.592341181     0.474362717     0.237484587
     5.650000000     2.543481705     0.464834275     0.239130929
     5.660000000     2.494200307     0.457756641     0.240696250
     5.670000000     2.444438892     0.453622806     0.242186505
     5.680000000     2.394187602     0.452782797     0.243608123
     5.690000000     2.343481472     0.455439488     0.244968032
     5.700000000     2.292396082     0.461655129     0.246273681
     5.710000000     2.241042377     0.471366936     0.247533055
     5.720000000     2.189560860     0.484409297     0.248754692
     5.730000000     2.138115373     0.500539660     0.249947680
     5.740000000     2.086886674     0.519465019     0.251121655
     5.750000000     2.036066009     0.540866186     0.252286787
     5.760000000     1.985848872     0.564417730     0.253453756
     5.770000000     1.936429132     0.589802428     0.254633718
     5.780000000     1.887993670     0.616720138     0.255838265
     5.790000000     1.840717654     0.644891930     0.257079372
     5.800000000     1.794760547     0.674060867     0.258369335
     5.810000000     1.750262925     0.703991038     0.259720705
     5.820000000     1.707344126     0.734466219     0.261146211
     5.830000000     1.666100762     0.765289072     0.262658682
     5.840000000     1.626606056     0.796281284     0.264270961
     5.850000000     1.588909985     0.827284636     0.265995812
     5.860000000     1.553040150     0.858162732     0.267845837
     5.870000000     1.519003306     0.888803077     0.269833375
     5.880000000     1.486787457     0.919119164     0.271970417
     5.890000000     1.456364414     0.949052315     0.274268507
     5.900000000     1.427692708     0.978572988     0.276738658
     5.910000000     1.400720754     1.007681309     0.279391260
     5.920000000     1.375390150     1.036406560     0.282235998
     5.930000000     1.351639015     1.064805423     0.285281767
     5.940000000     1.329405263     1.092958810     0.288536592
     5.950000000     1.308629729     1.120967297     0.292007560
     5.960000000     1.289259064     1.148945295     0.295700743
     5.970000000     1.271248342     1.177014346     0.299621135
     5.980000000     1.254563305     1.205296104     0.303772588
     5.990000000     1.239182229     1.233905636     0.308157761
     6.000000000     1.225097355     1.262945701     0.312778059
     6.010000000     1.212315876     1.292502482     0.317633595
     6.020000000     1.200860476     1.322643041     0.322723146
     6.030000000     1.190769407     1.353414539     0.328044120
     6.040000000     1.182096125     1.384845043     0.333592528
     6.050000000     1.174908493     1.416945637     0.339362966
     6.060000000     1.169287579     1.449713448     0.345348604
     6.070000000     1.165326079     1.483135154     0.351541183
     6.080000000     1.163126392     1.517190526     0.357931026
     6.090000000     1.162798397     1.551855544     0.364507051
     6.100000000     1.164456964     1.587104657     0.371256809
     6.110000000     1.168219254     1.622911864     0.378166518
     6.120000000     1.174201848     1.659250434     0.385221120
     6.130000000     1.182517775     1.696091293     0.392404347
     6.140000000     1.193273468     1.733400302     0.399698800
     6.150000000     1.206565727     1.771134840     0.407086035
     6.160000000     1.222478742     1.809240192     0.414546674
     6.170000000     1.241081229     1.847646208     0.422060513
     6.180000000     1.262423744     1.886264640     0.429606648
     6.190000000     1.286536235     1.924987364     0.437163610
     6.200000000     1.313425896     1.963685564     0.444709512
     6.210000000     1.343075364     2.002209831     0.452222191
     6.220000000     1.375441322     2.040391049     0.459679372
     6.230000000     1.410453554     2.078041921     0.467058823
     6.240000000     1.448014489     2.114959006     0.474338519
     6.250000000     1.487999257     2.150925142     0.481496805
     6.260000000     1.530256299     2.185712170     0.488512554
     6.270000000     1.574608515     2.219083904     0.495365328
     6.280000000     1.620854971     2.250799363     0.502035531
     6.290000000     1.668773130     2.280616355     0.508504551
     6.300000000     1.718121599     2.308295627     0.514754903
     6.310000000     1.768643331     2.333605885     0.520770354
     6.320000000     1.820069240     2.356330045     0.526536038
     6.330000000     1.872122157     2.376273036     0.532038566
     6.340000000     1.924521050     2.393271353     0.537266111
     6.350000000     1.976985421     2.407204212     0.542208488
     6.360000000     2.029239787     2.418005773     0.546857217
     6.370000000     2.081018145     2.425677352     0.551205566
     6.380000000     2.132068325     2.430298024     0.555248583
     6.390000000     2.182156128     2.432031752     0.558983113
     6.400000000     2.231069151     2.431129123     0.562407791
     6.410000000     2.278620220     2.427922227     0.565523022
     6.420000000     2.324650351     2.422812042     0.568330953
     6.430000000     2.369031154     2.416248804     0.570835412
     6.440000000     2.411666659     2.408707077     0.573041842
     6.450000000     2.452494498     2.400658302     0.574957219
     6.460000000     2.491486437     2.392544206     0.576589943
     6.470000000     2.528648255     2.384754477     0.577949730
     6.480000000     2.564018972     2.377611340     0.579047472
     6.490000000     2.597669477     2.371362469     0.579895096
     6.500000000     2.629700581     2.366182086     0.580505399
     6.510000000     2.660240568     2.362178718     0.580891883
     6.520000000     2.689442315     2.359407093     0.581068565
     6.530000000     2.717480064     2.357881310     0.581049789
     6.540000000     2.744545932     2.357586778     0.580850028
     6.550000000     2.770846256     2.358489255     0.580483677
     6.560000000     2.796597877     2.360540464     0.579964851
     6.570000000     2.822024449     2.363680765     0.579307180
     6.580000000     2.847352866     2.367839975     0.578523608
     6.590000000     2.872809910     2.372937532     0.577626203
     6.600000000     2.898619177     2.378882802     0.576625975
     6.610000000     2.924998370     2.385575769     0.575532714
     6.620000000     2.952156998     2.392907907     0.574354843
     6.630000000     2.980294554     2.400762827     0.573099294
     6.640000000     3.009599167     2.409016509     0.571771417
     6.650000000     3.040246784     2.417537209     0.570374909
     6.660000000     3.072400855     2.426185468     0.568911784
     6.670000000     3.106212527     2.434814720     0.567382373
     6.680000000     3.141821320     2.443272919     0.565785361
     6.690000000     3.179356239     2.451405323     0.564117861
     6.700000000     3.218937287     2.459058327     0.562375530
     6.710000000     3.260677301     2.466084029     0.560552708
     6.720000000     3.304684052     2.472345170     0.558642611
     6.730000000     3.351062530     2.477720068     0.556637532
     6.740000000     3.399917317     2.482107187     0.554529095
     6.750000000     3.451354972     2.485428902     0.552308510
     6.760000000     3.505486325     2.487634048     0.549966859
     6.770000000     3.562428585     2.488698833     0.547495392
     6.780000000     3.622307172     2.488625945     0.544885826
     6.790000000     3.685257176     2.487441946     0.542130643
     6.800000000     3.751424360     2.485193286     0.539223381
     6.810000000     3.820965620     2.481941372     0.536158909
     6.820000000     3.894048834     2.477757000     0.532933677
     6.830000000     3.970852034     2.472714273     0.529545941
     6.840000000     4.051561851     2.466883931     0.525995945
     6.850000000     4.136371200     2.460326066     0.522286067
     6.860000000     4.225476172     2.453082336     0.518420919
     6.870000000     4.319072145     2.445168095     0.514407394
     6.880000000     4.417349116     2.436565089     0.510254662
     6.890000000     4.520486285     2.427215500     0.505974114
     6.900000000     4.628645961     2.417018040     0.501579249
     6.910000000     4.741966845     2.405826508     0.497085513
     6.920000000     4.860556804     2.393450884     0.492510085
     6.930000000     4.984485239     2.379660555     0.487871619
     6.940000000     5.113775193     2.364188971     0.483189947
     6.950000000     5.248395357     2.346738787     0.478485748
     6.960000000     5.388252148     2.326986499     0.473780189
     6.970000000     5.533182036     2.304585715     0.469094550
     6.980000000     5.682944353     2.279168506     0.464449841
     6.990000000     5.837214758     2.250344673     0.459866416
     7.000000000     5.995579598     2.217699277     0.455363602
     7.010000000     6.157531376     2.180789203     0.450959339
     7.020000000     6.322465516     2.139139888     0.446669859
     7.030000000     6.489678644     2.092243452     0.442509387
     7.040000000     6.658368548     2.039559385     0.438489902
     7.050000000     6.827635967     1.980518620     0.434620933
     7.060000000     6.996488338     1.914531310     0.430909419
     7.070000000     7.163845583     1.840998039     0.427359624
     7.080000000     7.328547970     1.759323564     0.423973117
     7.090000000     7.489366054     1.668931840     0.420748801
     7.100000000     7.645012628     1.569281104     0.417683022
     7.110000000     7.794156585     1.459878347     0.414769713
     7.120000000     7.935438530     1.340293497     0.412000609
     7.130000000     8.067487905     1.210174634     0.409365493
     7.140000000     8.188941386     1.069266176     0.406852498
     7.150000000     8.298462221     0.917431695     0.404448426
     7.160000000     8.394760157     0.754681837     0.402139096
     7.170000000     8.476611568     0.581206065     0.399909710
     7.180000000     8.542879378     0.397405219     0.397745210
     7.190000000     8.592532345     0.203920833     0.395630642
     7.200000000     8.624663277     0.001656892     0.393551494
     7.210000000     8.638505773    -0.208209755     0.391494017
     7.220000000     8.633449079    -0.424233256     0.389445506
     7.230000000     8.609050700    -0.644718735     0.387394548
     7.240000000     8.565046455    -0.867758887     0.385331218
     7.250000000     8.501357700    -1.091286004     0.383247235
     7.260000000     8.418095523    -1.313136155     0.381136053
     7.270000000     8.315561785    -1.531120471     0.378992911
     7.280000000     8.194246940    -1.743097441     0.376814818
     7.290000000     8.054824666    -1.947040478     0.374600496
     7.300000000     7.898143391    -2.141096439     0.372350270
     7.310000000     7.725214902    -2.323632787     0.370065916
     7.320000000     7.537200263    -2.493272789     0.367750471
     7.330000000     7.335393355    -2.648919114     0.365408008
     7.340000000     7.121202389    -2.789766505     0.363043397
     7.350000000     6.896129793    -2.915304048     0.360662040
     7.360000000     6.661750908    -3.025307536     0.358269601
     7.370000000     6.419691934    -3.119822622     0.355871740
     7.380000000     6.171607583    -3.199139938     0.353473850
     7.390000000     5.919158895    -3.263763883     0.351080809
     7.400000000     5.663991630    -3.314377196     0.348696759
     7.410000000     5.407715654    -3.351803504     0.346324901
     7.420000000     5.151885666    -3.376969853     0.343967337
     7.430000000     4.897983585    -3.390870873     0.341624932
     7.440000000     4.647402868    -3.394535805     0.339297223
     7.450000000     4.401434940    -3.388999364     0.336982363
     7.460000000     4.161257908    -3.375277110     0.334677107
     7.470000000     3.927927637    -3.354345860     0.332376834
     7.480000000     3.702371207    -3.327129377     0.330075602
     7.490000000     3.485382747    -3.294489249     0.327766246
     7.500000000     3.277621567    -3.257220476     0.325440491
     7.510000000     3.079612464    -3.216050967     0.323089105
     7.520000000     2.891748065    -3.171643924     0.320702064
     7.530000000     2.714293023    -3.124602101     0.318268736
     7.540000000     2.547389859    -3.075473053     0.315778070
     7.550000000     2.391066232    -3.024754691     0.313218803
     7.560000000     2.245243422    -2.972900693     0.310579656
     7.570000000     2.109745786    -2.920325496     0.307849527
     7.580000000     1.984310968    -2.867408670     0.305017689
     7.590000000     1.868600647    -2.814498622     0.302073955
     7.600000000     1.762211613    -2.761915543     0.299008850
     7.610000000     1.664686985    -2.709953592     0.295813748
     7.620000000     1.575527388    -2.658882237     0.292481000
     7.630000000     1.494201939    -2.608946662     0.289004040
     7.640000000     1.420158892    -2.560367131     0.285377460
     7.650000000     1.352835820    -2.513337148     0.281597078
     7.660000000     1.291669232    -2.468020331     0.277659975
     7.670000000     1.236103519    -2.424546006     0.273564508
     7.680000000     1.185599164    -2.383003723     0.269310318
     7.690000000     1.139640139    -2.343437120     0.264898300
     7.700000000     1.097740441    -2.305837890     0.260330577
     7.710000000     1.059449721    -2.270140808     0.255610445
     7.720000000     1.024357976    -2.236220941     0.250742309
     7.730000000     0.992099276    -2.203894143     0.245731619
     7.740000000     0.962354512    -2.172921630     0.240584783
     7.750000000     0.934853166    -2.143019023     0.235309085
     7.760000000     0.909374092    -2.113869570     0.229912596
     7.770000000     0.885745342    -2.085140612     0.224404085
     7.780000000     0.863843040    -2.056501774     0.218792929
     7.790000000     0.843589353    -2.027642978     0.213089019
     7.800000000     0.824949599    -1.998290376     0.207302684
     7.810000000     0.807928548    -1.968218595     0.201444600
     7.820000000     0.792565991    -1.937258324     0.195525718
     7.830000000     0.778931658    -1.905299036     0.189557189
     7.840000000     0.767119572    -1.872287329     0.183550300
     7.850000000     0.757241961    -1.838221923     0.177516409
     7.860000000     0.749422834    -1.803146569     0.171466892
     7.870000000     0.743791350    -1.767142099     0.165413091
     7.880000000     0.740475128    -1.730318631     0.159366269
     7.890000000     0.739593618    -1.692808677     0.153337565
     7.900000000     0.741251710    -1.654761583     0.147337959
     7.910000000     0.745533696    -1.616339540     0.141378234
     7.920000000     0.752497750    -1.577715241     0.135468941
     7.930000000     0.762171055    -1.539071155     0.129620372
     7.940000000     0.774545710    -1.500600346     0.123842525
     7.950000000     0.789575515    -1.462508711     0.118145074
     7.960000000     0.807173745    -1.425018463     0.112537343
     7.970000000     0.827211980    -1.388372625     0.107028270
     7.980000000     0.849520020    -1.352840208     0.101626384
     7.990000000     0.873886937    -1.318721650     0.096339766
     8.000000000     0.900063218    -1.286353894     0.091176029
     8.010000000     0.927763973    -1.256114294     0.086142279
     8.020000000     0.956673134    -1.228422238     0.081245090
     8.030000000     0.986448532    -1.203737051     0.076490479
     8.040000000     1.016727718    -1.182550421     0.071883870
     8.050000000     1.047134383    -1.165371356     0.067430080
     8.060000000     1.077285172    -1.152701738     0.063133290
     8.070000000     1.106796733    -1.145001061     0.058997030
     8.080000000     1.135292763    -1.142640233     0.055024160
     8.090000000     1.162410876    -1.145846585     0.051216869
     8.100000000     1.187809073    -1.154645344     0.047576657
     8.110000000     1.211171647    -1.168806379     0.044104347
     8.120000000     1.232214348    -1.187807880     0.040800081
     8.130000000     1.250688662    -1.210829254     0.037663334
     8.140000000     1.266385117    -1.236782543     0.034692933
     8.150000000     1.279135522    -1.264384732     0.031887074
     8.160000000     1.288814122    -1.292263793     0.029243352
     8.170000000     1.295337665    -1.319082283     0.026758795
     8.180000000     1.298664428    -1.343657289     0.024429895
     8.190000000     1.298792283    -1.365056561     0.022252655
     8.200000000     1.295755915    -1.382657421     0.020222633
     8.210000000     1.289623334    -1.396164564     0.018334983
     8.220000000     1.280491836    -1.405591719     0.016584516
     8.230000000     1.268483592    -1.411217643     0.014965740
     8.240000000     1.253741032    -1.413528369     0.013472921
     8.250000000     1.236422220    -1.413155820     0.012100131
     8.260000000     1.216696362    -1.410819426     0.010841301
     8.270000000     1.194739609    -1.407273752     0.009690271
     8.280000000     1.170731285    -1.403262280     0.008640843
     8.290000000     1.144850616    -1.399475934     0.007686820
     8.300000000     1.117274060    -1.396514696     0.006822057
     8.310000000     1.088173247    -1.394851636     0.006040499
     8.320000000     1.057713543    -1.394800450     0.005336215
     8.330000000     1.026053225    -1.396489754     0.004703436
     8.340000000     0.993343193    -1.399849020     0.004136581
     8.350000000     0.959727165    -1.404611434     0.003630282
     8.360000000     0.925342249    -1.410337336     0.003179405
     8.370000000     0.890319809    -1.416458317     0.002779067
     8.380000000     0.854786489    -1.422337305     0.002424647
     8.390000000     0.818865325    -1.427335743     0.002111796
     8.400000000     0.782676804    -1.430876894     0.001836443
     8.410000000     0.746339823    -1.432495346     0.001594792
     8.420000000     0.709972432    -1.431866465     0.001383326
     8.430000000     0.673692340    -1.428814471     0.001198798
     8.440000000     0.637617121    -1.423302211     0.001038229
     8.450000000     0.601864122    -1.415408365     0.000898894
     8.460000000     0.566550059    -1.405298503     0.000778314
     8.470000000     0.531790337    -1.393195487     0.000674245
     8.480000000     0.497698122    -1.379352993     0.000584663
     8.490000000     0.464383209    -1.364034170     0.000507750
     8.500000000     0.431950763    -1.347495957     0.000441882
     8.510000000     0.400499974    -1.329978667     0.000385611
     8.520000000     0.370122710    -1.311699915     0.000337655
     8.530000000     0.340902217    -1.292851876     0.000296879
     8.540000000     0.312911940    -1.273600866     0.000262284
     8.550000000     0.286214499    -1.254088444     0.000232994
     8.560000000     0.260860884    -1.234433390     0.000208242
     8.570000000     0.236889874    -1.214734130     0.000187359
     8.580000000     0.214327723    -1.195071268     0.000169763
     8.590000000     0.193188106    -1.175510067     0.000154949
     8.600000000     0.173472332    -1.156102747     0.000142479
     8.610000000     0.155169794    -1.136890550     0.000131977
     8.620000000     0.138258658    -1.117905560     0.000123117
     8.630000000     0.122706738    -1.099172265     0.000115617
     8.640000000     0.108472539    -1.080708902     0.000109239
     8.650000000     0.095506421    -1.062528581     0.000103776
     8.660000000     0.083751846    -1.044640235     0.000099052
     8.670000000     0.073146674    -1.027049404     0.000094918
     8.680000000     0.063624464    -1.009758887     0.000091246
     8.690000000     0.055115749    -0.992769275     0.000087930
     8.700000000     0.047549254    -0.976079394     0.000084880
     8.710000000     0.040853037    -0.959686659     0.000082021
     8.720000000     0.034955520    -0.943587373     0.000079294
     8.730000000     0.029786411    -0.927776966     0.000076649
     8.740000000     0.025277492    -0.912250197     0.000074046
     8.750000000     0.021363289    -0.897001333     0.000071457
     8.760000000     0.017981593    -0.882024283     0.000068859
     8.770000000     0.015073872    -0.867312734     0.000066238
     8.780000000     0.012585549    -0.852860247     0.000063585
     8.790000000     0.010466181    -0.838660346     0.000060897
     8.800000000     0.008669528    -0.824706584     0.000058174
     8.810000000     0.007153547    -0.810992590     0.000055420
     8.820000000     0.005880299    -0.797512102     0.000052643
     8.830000000     0.004815809    -0.784258993     0.000049853
     8.840000000     0.003929874    -0.771227276     0.000047060
     8.850000000     0.003195827    -0.758411119     0.000044278
     8.860000000     0.002590293    -0.745804841     0.000041519
     8.870000000     0.002092916    -0.733402918     0.000038797
     8.880000000     0.001686089    -0.721199979     0.000036125
     8.890000000     0.001354678    -0.709190810     0.000033515
     8.900000000     0.001085761    -0.697370346     0.000030980
     8.910000000     0.000868371    -0.685733677     0.000028530
     8.920000000     0.000693258    -0.674276040     0.000026175
     8.930000000     0.000552669    -0.662992822     0.000023923
     8.940000000     0.000440139    -0.651879553     0.000021781
     8.950000000     0.000350316    -0.640931906     0.000019754
     8.960000000     0.000278787    -0.630145695     0.000017845
     8.970000000     0.000221939    -0.619516867     0.000016058
     8.980000000     0.000176827    -0.609041503     0.000014392
     8.990000000     0.000141065    -0.598715814     0.000012848
     9.000000000     0.000112729    -0.588536133     0.000011423
     9.010000000     0.000090274    -0.578498915     0.000010116
     9.020000000     0.000072468    -0.568600734     0.000008922
     9.030000000     0.000058328    -0.558838275     0.000007837
     9.040000000     0.000047080    -0.549208331     0.000006856
     9.050000000     0.000038109    -0.539707803     0.000005973
     9.060000000     0.000030934    -0.530333692     0.000005183
     9.070000000     0.000025176    -0.521083096     0.000004478
     9.080000000     0.000020538    -0.511953208     0.000003854
     9.090000000     0.000016789    -0.502941311     0.000003302
     9.100000000     0.000013747    -0.494044775     0.000002818
     9.110000000     0.000011269    -0.485261055     0.000002395
     9.120000000     0.000009245    -0.476587685     0.000002027
     9.130000000     0.000007586    -0.468022276     0.000001708
     9.140000000     0.000006223    -0.459562514     0.000001433
     9.150000000     0.000005102    -0.451206159     0.000001198
     9.160000000     0.000004178    -0.442951035     0.000000997
     9.170000000     0.000003416    -0.434795037     0.000000826
     9.180000000     0.000002788    -0.426736121     0.000000682
     9.190000000     0.000002270    -0.418772304     0.000000560
     9.200000000     0.000001844    -0.410901663     0.000000458
     9.210000000     0.000001494    -0.403122332     0.000000373
     9.220000000     0.000001206    -0.395432499     0.000000303
     9.230000000     0.000000971    -0.387830403     0.000000245
     9.240000000     0.000000779    -0.380314337     0.000000197
     9.250000000     0.000000623    -0.372882640     0.000000157
     9.260000000     0.000000496    -0.365533698     0.000000126
     9.270000000     0.000000394    -0.358265944     0.000000100
     9.280000000     0.000000311    -0.351077853     0.000000079
     9.290000000     0.000000245    -0.343967941     0.000000062
     9.300000000     0.000000192    -0.336934768     0.000000049
     9.310000000     0.000000150    -0.329976929     0.000000038
     9.320000000     0.000000117    -0.323093060     0.000000029
     9.330000000     0.000000090    -0.316281830     0.000000023
     9.340000000     0.000000070    -0.309541946     0.000000018
     9.350000000     0.000000053    -0.302872147     0.000000013
     9.360000000     0.000000041    -0.296271206     0.000000010
     9.370000000     0.000000031    -0.289737927     0.000000008
     9.380000000     0.000000024    -0.283271143     0.000000006
     9.390000000     0.000000018    -0.276869719     0.000000004
     9.400000000     0.000000013    -0.270532547     0.000000003
     9.410000000     0.000000010    -0.264258547     0.000000003
     9.420000000     0.000000007    -0.258046666     0.000000002
     9.430000000     0.000000006    -0.251895874     0.000000001
     9.440000000     0.000000004    -0.245805171     0.000000001
     9.450000000     0.000000003    -0.239773576     0.000000001
     9.460000000     0.000000002    -0.233800134     0.000000001
     9.470000000     0.000000002    -0.227883913     0.000000000
     9.480000000     0.000000001    -0.222024002     0.000000000
     9.490000000     0.000000001    -0.216219511     0.000000000
     9.500000000     0.000000001    -0.210469571     0.000000000
     9.510000000     0.000000000    -0.204773333     0.000000000
     9.520000000     0.000000000    -0.199129966     0.000000000
     9.530000000     0.000000000    -0.193538660     0.000000000
     9.540000000     0.000000000    -0.187998622     0.000000000
     9.550000000     0.000000000    -0.182509077     0.000000000
     9.560000000     0.000000000    -0.177069265     0.000000000
     9.570000000     0.000000000    -0.171678447     0.000000000
     9.580000000     0.000000000    -0.166335895     0.000000000
     9.590000000     0.000000000    -0.161040900     0.000000000
     9.600000000     0.000000000    -0.155792768     0.000000000
     9.610000000     0.000000000    -0.150590819     0.000000000
     9.620000000     0.000000000    -0.145434387     0.000000000
     9.630000000     0.000000000    -0.140322821     0.000000000
     9.640000000     0.000000000    -0.135255482     0.000000000
     9.650000000     0.000000000    -0.130231745     0.000000000
     9.660000000     0.000000000    -0.125250999     0.000000000
     9.670000000     0.000000000    -0.120312645     0.000000000
     9.680000000     0.000000000    -0.115416094     0.000000000
     9.690000000     0.000000000    -0.110560771     0.000000000
     9.700000000     0.000000000    -0.105746112     0.000000000
     9.710000000     0.000000000    -0.100971563     0.000000000
     9.720000000     0.000000000    -0.096236584     0.000000000
     9.730000000     0.000000000    -0.091540642     0.000000000
     9.740000000     0.000000000    -0.086883216     0.000000000
     9.750000000     0.000000000    -0.082263794     0.000000000
     9.760000000     0.000000000    -0.077681877     0.000000000
     9.770000000     0.000000000    -0.073136971     0.000000000
     9.780000000     0.000000000    -0.068628595     0.000000000
     9.790000000     0.000000000    -0.064156274     0.000000000
     9.800000000     0.000000000    -0.059719546     0.000000000
     9.810000000     0.000000000    -0.055317952     0.000000000
     9.820000000     0.000000000    -0.050951047     0.000000000
     9.830000000     0.000000001    -0.046618390     0.000000000
     9.840000000     0.000000001    -0.042319550     0.000000001
     9.850000000     0.000000001    -0.038054104     0.000000001
     9.860000000     0.000000001    -0.033821636     0.000000001
     9.870000000     0.000000002    -0.029621737     0.000000002
     9.880000000     0.000000002    -0.025454006     0.000000002
     9.890000000     0.000000003    -0.021318049     0.000000003
     9.900000000     0.000000004    -0.017213479     0.000000004
     9.910000000     0.000000006    -0.013139915     0.000000005
     9.920000000     0.000000008    -0.009096984     0.000000007
     9.930000000     0.000000010    -0.005084318     0.000000009
     9.940000000     0.000000013    -0.001101555     0.000000012
     9.950000000     0.000000017     0.002851658     0.000000016
     9.960000000     0.000000022     0.006775671     0.000000020
     9.970000000     0.000000029     0.010670827     0.000000026
     9.980000000     0.000000037     0.014537464     0.000000034
     9.990000000     0.000000048     0.018375912     0.000000043
    10.000000000     0.000000061     0.022186498     0.000000055
    10.010000000     0.000000077     0.025969544     0.000000070
    10.020000000     0.000000097     0.029725363     0.000000088
    10.030000000     0.000000122     0.033454268     0.000000111
    10.040000000     0.000000153     0.037156563     0.000000139
    10.050000000     0.000000190     0.040832548     0.000000174
    10.060000000     0.000000236     0.044482520     0.000000215
    10.070000000     0.000000291     0.048106768     0.000000266
    10.080000000     0.000000358     0.051705580     0.000000327
    10.090000000     0.000000438     0.055279238     0.000000400
    10.100000000     0.000000534     0.058828018     0.000000488
    10.110000000     0.000000648     0.062352193     0.000000592
    10.120000000     0.000000783     0.065852032     0.000000715
    10.130000000     0.000000942     0.069327801     0.000000860
    10.140000000     0.000001128     0.072779758     0.000001029
    10.150000000     0.000001344     0.076208162     0.000001227
    10.160000000     0.000001595     0.079613263     0.000001456
    10.170000000     0.000001884     0.082995312     0.000001720
    10.180000000     0.000002216     0.086354552     0.000002023
    10.190000000     0.000002595     0.089691226     0.000002369
    10.200000000     0.000003025     0.093005570     0.000002761
    10.210000000     0.000003511     0.096297819     0.000003205
    10.220000000     0.000004057     0.099568203     0.000003703
    10.230000000     0.000004666     0.102816949     0.000004259
    10.240000000     0.000005344     0.106044280     0.000004878
    10.250000000     0.000006093     0.109250416     0.000005561
    10.260000000     0.000006916     0.112435574     0.000006312
    10.270000000     0.000007815     0.115599968     0.000007133
    10.280000000     0.000008792     0.118743806     0.000008025
    10.290000000     0.000009847     0.121867296     0.000008988
    10.300000000     0.000010980     0.124970641     0.000010023
    10.310000000     0.000012190     0.128054041     0.000011127
    10.320000000     0.000013472     0.131117691     0.000012297
    10.330000000     0.000014823     0.134161786     0.000013530
    10.340000000     0.000016238     0.137186513     0.000014822
    10.350000000     0.000017708     0.140192058     0.000016164
    10.360000000     0.000019227     0.143178604     0.000017550
    10.370000000     0.000020782     0.146146327     0.000018970
    10.380000000     0.000022364     0.149095403     0.000020414
    10.390000000     0.000023960     0.152025999     0.000021870
    10.400000000     0.000025555     0.154938281     0.000023327
    10.410000000     0.000027137     0.157832411     0.000024770
    10.420000000     0.000028688     0.160708545     0.000026186
    10.430000000     0.000030193     0.163566836     0.000027559
    10.440000000     0.000031636     0.166407434     0.000028877
    10.450000000     0.000033001     0.169230486     0.000030123
    10.460000000     0.000034273     0.172036139     0.000031284
    10.470000000     0.000035436     0.174824540     0.000032345
    10.480000000     0.000036475     0.177595839     0.000033294
    10.490000000     0.000037379     0.180350192     0.000034119
    10.500000000     0.000038135     0.183087763     0.000034809
    10.510000000     0.000038734     0.185808723     0.000035356
    10.520000000     0.000039168     0.188513255     0.000035752
    10.530000000     0.000039431     0.191201550     0.000035992
    10.540000000     0.000039520     0.193873807     0.000036073
    10.550000000     0.000039434     0.196530227     0.000035994
    10.560000000     0.000039173     0.199171008     0.000035756
    10.570000000     0.000038741     0.201796343     0.000035362
    10.580000000     0.000038144     0.204406415     0.000034817
    10.590000000     0.000037390     0.207001393     0.000034129
    10.600000000     0.000036488     0.209581432     0.000033306
    10.610000000     0.000035450     0.212146676     0.000032358
    10.620000000     0.000034289     0.214697256     0.000031298
    10.630000000     0.000033019     0.217233294     0.000030139
    10.640000000     0.000031655     0.219754906     0.000028894
    10.650000000     0.000030212     0.222262202     0.000027577
    10.660000000     0.000028708     0.224755291     0.000026204
    10.670000000     0.000027157     0.227234280     0.000024788
    10.680000000     0.000025576     0.229699273     0.000023346
    10.690000000     0.000023981     0.232150378     0.000021889
    10.700000000     0.000022385     0.234587699     0.000020433
    10.710000000     0.000020803     0.237011345     0.000018988
    10.720000000     0.000019247     0.239421421     0.000017568
    10.730000000     0.000017728     0.241818035     0.000016182
    10.740000000     0.000016257     0.244201294     0.000014839
    10.750000000     0.000014841     0.246571305     0.000013547
    10.760000000     0.000013489     0.248928176     0.000012313
    10.770000000     0.000012206     0.251272013     0.000011141
    10.780000000     0.000010996     0.253602923     0.000010037
    10.790000000     0.000009862     0.255921011     0.000009001
    10.800000000     0.000008805     0.258226383     0.000008037
    10.810000000     0.000007827     0.260519142     0.000007144
    10.820000000     0.000006927     0.262799392     0.000006323
    10.830000000     0.000006103     0.265067236     0.000005571
    10.840000000     0.000005353     0.267322776     0.000004886
    10.850000000     0.000004675     0.269566111     0.000004267
    10.860000000     0.000004064     0.271797342     0.000003710
    10.870000000     0.000003518     0.274016568     0.000003211
    10.880000000     0.000003031     0.276223886     0.000002767
    10.890000000     0.000002600     0.278419394     0.000002373
    10.900000000     0.000002221     0.280603186     0.000002027
    10.910000000     0.000001888     0.282775357     0.000001724
    10.920000000     0.000001598     0.284936001     0.000001459
    10.930000000     0.000001347     0.287085212     0.000001230
    10.940000000     0.000001130     0.289223080     0.000001032
    10.950000000     0.000000944     0.291349696     0.000000862
    10.960000000     0.000000785     0.293465150     0.000000717
    10.970000000     0.000000650     0.295569531     0.000000593
    10.980000000     0.000000536     0.297662926     0.000000489
    10.990000000     0.000000440     0.299745423     0.000000401
    11.000000000     0.000000359     0.301817107     0.000000328
    11.010000000     0.000000292     0.303878063     0.000000267
    11.020000000     0.000000237     0.305928376     0.000000216
    11.030000000     0.000000191     0.307968127     0.000000174
    11.040000000     0.000000153     0.309997401     0.000000140
    11.050000000     0.000000122     0.312016277     0.000000112
    11.060000000     0.000000097     0.314024837     0.000000089
    11.070000000     0.000000077     0.316023160     0.000000070
    11.080000000     0.000000061     0.318011325     0.000000055
    11.090000000     0.000000048     0.319989410     0.000000043
    11.100000000     0.000000037     0.321957491     0.000000034
    11.110000000     0.000000029     0.323915647     0.000000026
    11.120000000     0.000000022     0.325863951     0.000000020
    11.130000000     0.000000017     0.327802478     0.000000016
    11.140000000     0.000000013     0.329731303     0.000000012
    11.150000000     0.000000010     0.331650499     0.000000009
    11.160000000     0.000000008     0.333560137     0.000000007
    11.170000000     0.000000006     0.335460290     0.000000005
    11.180000000     0.000000004     0.337351029     0.000000004
    11.190000000     0.000000003     0.339232424     0.000000003
    11.200000000     0.000000002     0.341104544     0.000000002
    11.210000000     0.000000002     0.342967458     0.000000002
    11.220000000     0.000000001     0.344821234     0.000000001
    11.230000000     0.000000001     0.346665939     0.000000001
    11.240000000     0.000000001     0.348501641     0.000000001
    11.250000000     0.000000001     0.350328405     0.000000000
    11.260000000     0.000000000     0.352146296     0.000000000
    11.270000000     0.000000000     0.353955379     0.000000000
    11.280000000     0.000000000     0.355755718     0.000000000
    11.290000000     0.000000000     0.357547377     0.000000000
    11.300000000     0.000000000     0.359330418     0.000000000
    11.310000000     0.000000000     0.361104903     0.000000000
    11.320000000     0.000000000     0.362870895     0.000000000
    11.330000000     0.000000000     0.364628453     0.000000000
    11.340000000     0.000000000     0.366377639     0.000000000
    11.350000000     0.000000000     0.368118511     0.000000000
    11.360000000     0.000000000     0.369851129     0.000000000
    11.370000000     0.000000000     0.371575552     0.000000000
    11.380000000     0.000000000     0.373291838     0.000000000
    11.390000000     0.000000000     0.375000043     0.000000000
    11.400000000     0.000000000     0.376700226     0.000000000
    11.410000000     0.000000000     0.378392442     0.000000000
    11.420000000     0.000000000     0.380076746     0.000000000
    11.430000000     0.000000000     0.381753195     0.000000000
    11.440000000     0.000000000     0.383421843     0.000000000
    11.450000000     0.000000000     0.385082744     0.000000000
    11.460000000     0.000000000     0.386735952     0.000000000
    11.470000000     0.000000000     0.388381520     0.000000000
    11.480000000     0.000000000     0.390019501     0.000000000
    11.490000000     0.000000000     0.391649947     0.000000000
    11.500000000     0.000000000     0.393272909     0.000000000
    11.510000000     0.000000000     0.394888439     0.000000000
    11.520000000     0.000000000     0.396496587     0.000000000
    11.530000000     0.000000000     0.398097404     0.000000000
    11.540000000     0.000000000     0.399690940     0.000000000
    11.550000000     0.000000000     0.401277244     0.000000000
    11.560000000     0.000000000     0.402856364     0.000000000
    11.570000000     0.000000000     0.404428350     0.000000000
    11.580000000     0.000000000     0.405993248     0.000000000
    11.590000000     0.000000000     0.407551107     0.000000000
    11.600000000     0.000000000     0.409101974     0.000000000
    11.610000000     0.000000000     0.410645896     0.000000000
    11.620000000     0.000000000     0.412182918     0.000000000
    11.630000000     0.000000000     0.413713086     0.000000000
    11.640000000     0.000000000     0.415236447     0.000000000
    11.650000000     0.000000000     0.416753044     0.000000000
    11.660000000     0.000000000     0.418262923     0.000000000
    11.670000000     0.000000000     0.419766127     0.000000000
    11.680000000     0.000000000     0.421262701     0.000000000
    11.690000000     0.000000000     0.422752688     0.000000000
    11.700000000     0.000000000     0.424236130     0.000000000
    11.710000000     0.000000000     0.425713071     0.000000000
    11.720000000     0.000000000     0.427183553     0.000000000
    11.730000000     0.000000000     0.428647618     0.000000000
    11.740000000     0.000000000     0.430105306     0.000000000
    11.750000000     0.000000000     0.431556660     0.000000000
    11.760000000     0.000000000     0.433001720     0.000000000
    11.770000000     0.000000000     0.434440527     0.000000000
    11.780000000     0.000000000     0.435873120     0.000000000
    11.790000000     0.000000000     0.437299540     0.000000000
    11.800000000     0.000000000     0.438719825     0.000000000
    11.810000000     0.000000000     0.440134015     0.000000000
    11.820000000     0.000000000     0.441542148     0.000000000
    11.830000000     0.000000000     0.442944264     0.000000000
    11.840000000     0.000000000     0.444340399     0.000000000
    11.850000000     0.000000000     0.445730591     0.000000000
    11.860000000     0.000000000     0.447114879     0.000000000
    11.870000000     0.000000000     0.448493299     0.000000000
    11.880000000     0.000000000     0.449865887     0.000000000
    11.890000000     0.000000000     0.451232681     0.000000000
    11.900000000     0.000000000     0.452593716     0.000000000
    11.910000000     0.000000000     0.453949029     0.000000000
    11.920000000     0.000000000     0.455298654     0.000000000
    11.930000000     0.000000000     0.456642627     0.000000000
    11.940000000     0.000000000     0.457980983     0.000000000
    11.950000000     0.000000000     0.459313757     0.000000000
    11.960000000     0.000000000     0.460640982     0.000000000
    11.970000000     0.000000000     0.461962693     0.000000000
    11.980000000     0.000000000     0.463278924     0.000000000
    11.990000000     0.000000000     0.464589709     0.000000000
    12.000000000     0.000000000     0.465895079     0.000000000
    12.010000000     0.000000000     0.467195069     0.000000000
    12.020000000     0.000000000     0.468489712     0.000000000
    12.030000000     0.000000000     0.469779038     0.000000000
    12.040000000     0.000000000     0.471063082     0.000000000
    12.050000000     0.000000000     0.472341873     0.000000000
    12.060000000     0.000000000     0.473615445     0.000000000
    12.070000000     0.000000000     0.474883829     0.000000000
    12.080000000     0.000000000     0.476147054     0.000000000
    12.090000000     0.000000000     0.477405154     0.000000000
    12.100000000     0.000000000     0.478658157     0.000000000
    12.110000000     0.000000000     0.479906095     0.000000000
    12.120000000     0.000000000     0.481148997     0.000000000
    12.130000000     0.000000000     0.482386894     0.000000000
    12.140000000     0.000000000     0.483619815     0.000000000
    12.150000000     0.000000000     0.484847789     0.000000000
    12.160000000     0.000000000     0.486070845     0.000000000
    12.170000000     0.000000000     0.487289013     0.000000000
    12.180000000     0.000000000     0.488502321     0.000000000
    12.190000000     0.000000000     0.489710798     0.000000000
    12.200000000     0.000000000     0.490914472     0.000000000
    12.210000000     0.000000000     0.492113371     0.000000000
    12.220000000     0.000000000     0.493307522     0.000000000
    12.230000000     0.000000000     0.494496954     0.000000000
    12.240000000     0.000000000     0.495681693     0.000000000
    12.250000000     0.000000000     0.496861767     0.000000000
    12.260000000     0.000000000     0.498037203     0.000000000
    12.270000000     0.000000000     0.499208027     0.000000000
    12.280000000     0.000000000     0.500374267     0.000000000
    12.290000000     0.000000000     0.501535947     0.000000000
    12.300000000     0.000000000     0.502693096     0.000000000
    12.310000000     0.000000000     0.503845737     0.000000000
    12.320000000     0.000000000     0.504993897     0.000000000
    12.330000000     0.000000000     0.506137602     0.000000000
    12.340000000     0.000000000     0.507276877     0.000000000
    12.350000000     0.000000000     0.508411747     0.000000000
    12.360000000     0.000000000     0.509542237     0.000000000
    12.370000000     0.000000000     0.510668371     0.000000000
    12.380000000     0.000000000     0.511790175     0.000000000
    12.390000000     0.000000000     0.512907672     0.000000000
    12.400000000     0.000000000     0.514020887     0.000000000
    12.410000000     0.000000000     0.515129844     0.000000000
    12.420000000     0.000000000     0.516234566     0.000000000
    12.430000000     0.000000000     0.517335078     0.000000000
    12.440000000     0.000000000     0.518431402     0.000000000
    12.450000000     0.000000000     0.519523563     0.000000000
    12.460000000     0.000000000     0.520611582     0.000000000
    12.470000000     0.000000000     0.521695483     0.000000000
    12.480000000     0.000000000     0.522775289     0.000000000
    12.490000000     0.000000000     0.523851023     0.000000000
    12.500000000     0.000000000     0.524922706     0.000000000
    12.510000000     0.000000000     0.525990361     0.000000000
    12.520000000     0.000000000     0.527054011     0.000000000
    12.530000000     0.000000000     0.528113676     0.000000000
    12.540000000     0.000000000     0.529169380     0.000000000
    12.550000000     0.000000000     0.530221143     0.000000000
    12.560000000     0.000000000     0.531268987     0.000000000
    12.570000000     0.000000000     0.532312933     0.000000000
    12.580000000     0.000000000     0.533353002     0.000000000
    12.590000000     0.000000000     0.534389216     0.000000000
    12.600000000     0.000000000     0.535421595     0.000000000
    12.610000000     0.000000000     0.536450160     0.000000000
    12.620000000     0.000000000     0.537474932     0.000000000
    12.630000000     0.000000000     0.538495930     0.000000000
    12.640000000     0.000000000     0.539513175     0.000000000
    12.650000000     0.000000000     0.540526688     0.000000000
    12.660000000     0.000000000     0.541536487     0.000000000
    12.670000000     0.000000000     0.542542594     0.000000000
    12.680000000     0.000000000     0.543545027     0.000000000
    12.690000000     0.000000000     0.544543806     0.000000000
    12.700000000     0.000000000     0.545538950     0.000000000
    12.710000000     0.000000000     0.546530479     0.000000000
    12.720000000     0.000000000     0.547518412     0.000000000
    12.730000000     0.000000000     0.548502768     0.000000000
    12.740000000     0.000000000     0.549483566     0.000000000
    12.750000000     0.000000000     0.550460824     0.000000000
    12.760000000     0.000000000     0.551434560     0.000000000
    12.770000000     0.000000000     0.552404795     0.000000000
    12.780000000     0.000000000     0.553371544     0.000000000
    12.790000000     0.000000000     0.554334828     0.000000000
    12.800000000     0.000000000     0.555294664     0.000000000
    12.810000000     0.000000000     0.556251069     0.000000000
    12.820000000     0.000000000     0.557204062     0.000000000
    12.830000000     0.000000000     0.558153661     0.000000000
    12.840000000     0.000000000     0.559099882     0.000000000
    12.850000000     0.000000000     0.560042744     0.000000000
    12.860000000     0.000000000     0.560982263     0.000000000
    12.870000000     0.000000000     0.561918458     0.000000000
    12.880000000     0.000000000     0.562851344     0.000000000
    12.890000000     0.000000000     0.563780939     0.000000000
    12.900000000     0.000000000     0.564707260     0.000000000
    12.910000000     0.000000000     0.565630323     0.000000000
    12.920000000     0.000000000     0.566550145     0.000000000
    12.930000000     0.000000000     0.567466743     0.000000000
    12.940000000     0.000000000     0.568380133     0.000000000
    12.950000000     0.000000000     0.569290332     0.000000000
    12.960000000     0.000000000     0.570197354     0.000000000
    12.970000000     0.000000000     0.571101218     0.000000000
    12.980000000     0.000000000     0.572001937     0.000000000
    12.990000000     0.000000000     0.572899529     0.000000000
    13.000000000     0.000000000     0.573794009     0.000000000
