 # Column 1: omega
 # Column 2: eps2(omega)
 # Column 3: eps1(omega)
 # Column 4: JDOS(omega)
     0.000000000     0.000000000     2.038882251     0.000000000
     0.010000000     0.000000000     2.038889032     0.000000000
     0.020000000     0.000000000     2.038909378     0.000000000
     0.030000000     0.000000000     2.038943288     0.000000000
     0.040000000     0.000000000     2.038990767     0.000000000
     0.050000000     0.000000000     2.039051819     0.000000000
     0.060000000     0.000000000     2.039126447     0.000000000
     0.070000000     0.000000000     2.039214660     0.000000000
     0.080000000     0.000000000     2.039316465     0.000000000
     0.090000000     0.000000000     2.039431869     0.000000000
     0.100000000     0.000000000     2.039560883     0.000000000
     0.110000000     0.000000000     2.039703518     0.000000000
     0.120000000     0.000000000     2.039859787     0.000000000
     0.130000000     0.000000000     2.040029702     0.000000000
     0.140000000     0.000000000     2.040213278     0.000000000
     0.150000000     0.000000000     2.040410530     0.000000000
     0.160000000     0.000000000     2.040621477     0.000000000
     0.170000000     0.000000000     2.040846135     0.000000000
     0.180000000     0.000000000     2.041084523     0.000000000
     0.190000000     0.000000000     2.041336663     0.000000000
     0.200000000     0.000000000     2.041602577     0.000000000
     0.210000000     0.000000000     2.041882286     0.000000000
     0.220000000     0.000000000     2.042175815     0.000000000
     0.230000000     0.000000000     2.042483189     0.000000000
     0.240000000     0.000000000     2.042804435     0.000000000
     0.250000000     0.000000000     2.043139580     0.000000000
     0.260000000     0.000000000     2.043488654     0.000000000
     0.270000000     0.000000000     2.043851686     0.000000000
     0.280000000     0.000000000     2.044228708     0.000000000
     0.290000000     0.000000000     2.044619753     0.000000000
     0.300000000     0.000000000     2.045024854     0.000000000
     0.310000000     0.000000000     2.045444048     0.000000000
     0.320000000     0.000000000     2.045877370     0.000000000
     0.330000000     0.000000000     2.046324858     0.000000000
     0.340000000     0.000000000     2.046786551     0.000000000
     0.350000000     0.000000000     2.047262490     0.000000000
     0.360000000     0.000000000     2.047752717     0.000000000
     0.370000000     0.000000000     2.048257274     0.000000000
     0.380000000     0.000000000     2.048776206     0.000000000
     0.390000000     0.000000000     2.049309559     0.000000000
     0.400000000     0.000000000     2.049857379     0.000000000
     0.410000000     0.000000000     2.050419715     0.000000000
     0.420000000     0.000000000     2.050996618     0.000000000
     0.430000000     0.000000000     2.051588137     0.000000000
     0.440000000     0.000000000     2.052194327     0.000000000
     0.450000000     0.000000000     2.052815240     0.000000000
     0.460000000     0.000000000     2.053450933     0.000000000
     0.470000000     0.000000000     2.054101463     0.000000000
     0.480000000     0.000000000     2.054766887     0.000000000
     0.490000000     0.000000000     2.055447266     0.000000000
     0.500000000     0.000000000     2.056142661     0.000000000
     0.510000000     0.000000000     2.056853135     0.000000000
     0.520000000     0.000000000     2.057578752     0.000000000
     0.530000000     0.000000000     2.058319579     0.000000000
     0.540000000     0.000000000     2.059075683     0.000000000
     0.550000000     0.000000000     2.059847133     0.000000000
     0.560000000     0.000000000     2.060633999     0.000000000
     0.570000000     0.000000000     2.061436355     0.000000000
     0.580000000     0.000000000     2.062254273     0.000000000
     0.590000000     0.000000000     2.063087830     0.000000000
     0.600000000     0.000000000     2.063937102     0.000000000
     0.610000000     0.000000000     2.064802169     0.000000000
     0.620000000     0.000000000     2.065683112     0.000000000
     0.630000000     0.000000000     2.066580012     0.000000000
     0.640000000     0.000000000     2.067492954     0.000000000
     0.650000000     0.000000000     2.068422024     0.000000000
     0.660000000     0.000000000     2.069367309     0.000000000
     0.670000000     0.000000000     2.070328900     0.000000000
     0.680000000     0.000000000     2.071306886     0.000000000
     0.690000000     0.000000000     2.072301363     0.000000000
     0.700000000     0.000000000     2.073312425     0.000000000
     0.710000000     0.000000000     2.074340169     0.000000000
     0.720000000     0.000000000     2.075384694     0.000000000
     0.730000000     0.000000000     2.076446101     0.000000000
     0.740000000     0.000000000     2.077524493     0.000000000
     0.750000000     0.000000000     2.078619976     0.000000000
     0.760000000     0.000000000     2.079732656     0.000000000
     0.770000000     0.000000000     2.080862644     0.000000000
     0.780000000     0.000000000     2.082010050     0.000000000
     0.790000000     0.000000000     2.083174987     0.000000000
     0.800000000     0.000000000     2.084357573     0.000000000
     0.810000000     0.000000000     2.085557925     0.000000000
     0.820000000     0.000000000     2.086776162     0.000000000
     0.830000000     0.000000000     2.088012409     0.000000000
     0.840000000     0.000000000     2.089266790     0.000000000
     0.850000000     0.000000000     2.090539432     0.000000000
     0.860000000     0.000000000     2.091830465     0.000000000
     0.870000000     0.000000000     2.093140021     0.000000000
     0.880000000     0.000000000     2.094468236     0.000000000
     0.890000000     0.000000000     2.095815246     0.000000000
     0.900000000     0.000000000     2.097181192     0.000000000
     0.910000000     0.000000000     2.098566216     0.000000000
     0.920000000     0.000000000     2.099970464     0.000000000
     0.930000000     0.000000000     2.101394083     0.000000000
     0.940000000     0.000000000     2.102837225     0.000000000
     0.950000000     0.000000000     2.104300042     0.000000000
     0.960000000     0.000000000     2.105782693     0.000000000
     0.970000000     0.000000000     2.107285335     0.000000000
     0.980000000     0.000000000     2.108808132     0.000000000
     0.990000000     0.000000000     2.110351249     0.000000000
     1.000000000     0.000000000     2.111914855     0.000000000
     1.010000000     0.000000000     2.113499121     0.000000000
     1.020000000     0.000000000     2.115104224     0.000000000
     1.030000000     0.000000000     2.116730340     0.000000000
     1.040000000     0.000000000     2.118377653     0.000000000
     1.050000000     0.000000000     2.120046346     0.000000000
     1.060000000     0.000000000     2.121736609     0.000000000
     1.070000000     0.000000000     2.123448634     0.000000000
     1.080000000     0.000000000     2.125182617     0.000000000
     1.090000000     0.000000000     2.126938757     0.000000000
     1.100000000     0.000000000     2.128717258     0.000000000
     1.110000000     0.000000000     2.130518328     0.000000000
     1.120000000     0.000000000     2.132342176     0.000000000
     1.130000000     0.000000000     2.134189019     0.000000000
     1.140000000     0.000000000     2.136059076     0.000000000
     1.150000000     0.000000000     2.137952570     0.000000000
     1.160000000     0.000000000     2.139869729     0.000000000
     1.170000000     0.000000000     2.141810786     0.000000000
     1.180000000     0.000000000     2.143775978     0.000000000
     1.190000000     0.000000000     2.145765545     0.000000000
     1.200000000     0.000000000     2.147779735     0.000000000
     1.210000000     0.000000000     2.149818797     0.000000000
     1.220000000     0.000000000     2.151882987     0.000000000
     1.230000000     0.000000000     2.153972568     0.000000000
     1.240000000     0.000000000     2.156087803     0.000000001
     1.250000000     0.000000000     2.158228966     0.000000001
     1.260000000     0.000000000     2.160396332     0.000000001
     1.270000000     0.000000000     2.162590183     0.000000002
     1.280000000     0.000000000     2.164810809     0.000000003
     1.290000000     0.000000001     2.167058501     0.000000004
     1.300000000     0.000000001     2.169333561     0.000000005
     1.310000000     0.000000001     2.171636293     0.000000007
     1.320000000     0.000000002     2.173967010     0.000000010
     1.330000000     0.000000002     2.176326030     0.000000014
     1.340000000     0.000000003     2.178713679     0.000000020
     1.350000000     0.000000004     2.181130287     0.000000027
     1.360000000     0.000000006     2.183576193     0.000000038
     1.370000000     0.000000008     2.186051744     0.000000052
     1.380000000     0.000000012     2.188557292     0.000000070
     1.390000000     0.000000016     2.191093198     0.000000095
     1.400000000     0.000000022     2.193659830     0.000000129
     1.410000000     0.000000030     2.196257565     0.000000173
     1.420000000     0.000000041     2.198886785     0.000000231
     1.430000000     0.000000056     2.201547885     0.000000308
     1.440000000     0.000000076     2.204241265     0.000000409
     1.450000000     0.000000103     2.206967335     0.000000540
     1.460000000     0.000000138     2.209726515     0.000000710
     1.470000000     0.000000185     2.212519231     0.000000930
     1.480000000     0.000000246     2.215345924     0.000001214
     1.490000000     0.000000327     2.218207040     0.000001576
     1.500000000     0.000000433     2.221103037     0.000002039
     1.510000000     0.000000570     2.224034385     0.000002626
     1.520000000     0.000000748     2.227001561     0.000003368
     1.530000000     0.000000978     2.230005057     0.000004302
     1.540000000     0.000001274     2.233045375     0.000005473
     1.550000000     0.000001652     2.236123027     0.000006932
     1.560000000     0.000002136     2.239238540     0.000008745
     1.570000000     0.000002749     2.242392452     0.000010986
     1.580000000     0.000003526     2.245585314     0.000013745
     1.590000000     0.000004505     2.248817690     0.000017127
     1.600000000     0.000005733     2.252090158     0.000021255
     1.610000000     0.000007269     2.255403312     0.000026272
     1.620000000     0.000009181     2.258757756     0.000032342
     1.630000000     0.000011552     2.262154113     0.000039655
     1.640000000     0.000014482     2.265593020     0.000048429
     1.650000000     0.000018086     2.269075130     0.000058911
     1.660000000     0.000022503     2.272601113     0.000071380
     1.670000000     0.000027896     2.276171653     0.000086151
     1.680000000     0.000034454     2.279787455     0.000103576
     1.690000000     0.000042399     2.283449240     0.000124046
     1.700000000     0.000051986     2.287157746     0.000147995
     1.710000000     0.000063513     2.290913732     0.000175897
     1.720000000     0.000077318     2.294717975     0.000208274
     1.730000000     0.000093793     2.298571270     0.000245690
     1.740000000     0.000113381     2.302474435     0.000288755
     1.750000000     0.000136589     2.306428304     0.000338121
     1.760000000     0.000163986     2.310433736     0.000394487
     1.770000000     0.000196220     2.314491606     0.000458589
     1.780000000     0.000234015     2.318602812     0.000531200
     1.790000000     0.000278185     2.322768273     0.000613129
     1.800000000     0.000329640     2.326988924     0.000705209
     1.810000000     0.000389395     2.331265725     0.000808298
     1.820000000     0.000458580     2.335599651     0.000923264
     1.830000000     0.000538450     2.339991694     0.001050984
     1.840000000     0.000630398     2.344442865     0.001192328
     1.850000000     0.000735967     2.348954185     0.001348151
     1.860000000     0.000856863     2.353526690     0.001519282
     1.870000000     0.000994974     2.358161420     0.001706506
     1.880000000     0.001152386     2.362859421     0.001910557
     1.890000000     0.001331401     2.367621734     0.002132098
     1.900000000     0.001534559     2.372449394     0.002371707
     1.910000000     0.001764663     2.377343419     0.002629862
     1.920000000     0.002024799     2.382304800     0.002906923
     1.930000000     0.002318367     2.387334494     0.003203116
     1.940000000     0.002649101     2.392433406     0.003518519
     1.950000000     0.003021103     2.397602381     0.003853041
     1.960000000     0.003438861     2.402842183     0.004206412
     1.970000000     0.003907283     2.408153483     0.004578167
     1.980000000     0.004431706     2.413536838     0.004967632
     1.990000000     0.005017925     2.418992676     0.005373918
     2.000000000     0.005672190     2.424521278     0.005795907
     2.010000000     0.006401219     2.430122761     0.006232251
     2.020000000     0.007212176     2.435797069     0.006681365
     2.030000000     0.008112658     2.441543954     0.007141433
     2.040000000     0.009110648     2.447362975     0.007610409
     2.050000000     0.010214461     2.453253492     0.008086029
     2.060000000     0.011432664     2.459214675     0.008565818
     2.070000000     0.012773977     2.465245519     0.009047115
     2.080000000     0.014247146     2.471344886     0.009527089
     2.090000000     0.015860794     2.477511564     0.010002766
     2.100000000     0.017623247     2.483744359     0.010471063
     2.110000000     0.019542333     2.490042201     0.010928814
     2.120000000     0.021625156     2.496404256     0.011372814
     2.130000000     0.023877855     2.502830023     0.011799856
     2.140000000     0.026305343     2.509319374     0.012206771
     2.150000000     0.028911029     2.515872503     0.012590471
     2.160000000     0.031696543     2.522489769     0.012947993
     2.170000000     0.034661454     2.529171404     0.013276542
     2.180000000     0.037803004     2.535917110     0.013573529
     2.190000000     0.041115849     2.542725553     0.013836610
     2.200000000     0.044591840     2.549593807     0.014063720
     2.210000000     0.048219835     2.556516799     0.014253104
     2.220000000     0.051985553     2.563486786     0.014403343
     2.230000000     0.055871490     2.570492925     0.014513370
     2.240000000     0.059856899     2.577520926     0.014582488
     2.250000000     0.063917835     2.584552802     0.014610373
     2.260000000     0.068027284     2.591566710     0.014597078
     2.270000000     0.072155363     2.598536879     0.014543022
     2.280000000     0.076269613     2.605433675     0.014448986
     2.290000000     0.080335361     2.612223855     0.014316086
     2.300000000     0.084316167     2.618871147     0.014145758
     2.310000000     0.088174334     2.625337286     0.013939725
     2.320000000     0.091871489     2.631583647     0.013699970
     2.330000000     0.095369201     2.637573589     0.013428698
     2.340000000     0.098629647     2.643275495     0.013128305
     2.350000000     0.101616291     2.648666389     0.012801338
     2.360000000     0.104294572     2.653735835     0.012450457
     2.370000000     0.106632574     2.658489646     0.012078404
     2.380000000     0.108601663     2.662952833     0.011687962
     2.390000000     0.110177085     2.667171179     0.011281928
     2.400000000     0.111338484     2.671210936     0.010863078
     2.410000000     0.112070347     2.675156387     0.010434143
     2.420000000     0.112362357     2.679105371     0.009997786
     2.430000000     0.112209633     2.683163275     0.009556576
     2.440000000     0.111612868     2.687436277     0.009112980
     2.450000000     0.110578345     2.692024799     0.008669339
     2.460000000     0.109117841     2.697018001     0.008227865
     2.470000000     0.107248411     2.702489923     0.007790630
     2.480000000     0.104992072     2.708497464     0.007359562
     2.490000000     0.102375383     2.715080088     0.006936439
     2.500000000     0.099428942     2.722260869     0.006522893
     2.510000000     0.096186805     2.730048432     0.006120407
     2.520000000     0.092685855     2.738439323     0.005730318
     2.530000000     0.088965129     2.747420484     0.005353820
     2.540000000     0.085065116     2.756971623     0.004991967
     2.550000000     0.081027067     2.767067377     0.004645678
     2.560000000     0.076892297     2.777679243     0.004315740
     2.570000000     0.072701534     2.788777264     0.004002814
     2.580000000     0.068494301     2.800331471     0.003707439
     2.590000000     0.064308357     2.812313054     0.003430039
     2.600000000     0.060179202     2.824695266     0.003170926
     2.610000000     0.056139661     2.837454050     0.002930304
     2.620000000     0.052219540     2.850568412     0.002708278
     2.630000000     0.048445371     2.864020580     0.002504859
     2.640000000     0.044840235     2.877795985     0.002319967
     2.650000000     0.041423671     2.891883112     0.002153442
     2.660000000     0.038211656     2.906273281     0.002005046
     2.670000000     0.035216666     2.920960361     0.001874475
     2.680000000     0.032447797     2.935940480     0.001761365
     2.690000000     0.029910946     2.951211728     0.001665298
     2.700000000     0.027609041     2.966773868     0.001585817
     2.710000000     0.025542320     2.982628079     0.001522428
     2.720000000     0.023708636     2.998776709     0.001474617
     2.730000000     0.022103790     3.015223063     0.001441855
     2.740000000     0.020721888     3.031971220     0.001423613
     2.750000000     0.019555701     3.049025874     0.001419370
     2.760000000     0.018597043     3.066392216     0.001428625
     2.770000000     0.017837136     3.084075852     0.001450909
     2.780000000     0.017266990     3.102082775     0.001485794
     2.790000000     0.016877766     3.120419395     0.001532905
     2.800000000     0.016661142     3.139092632     0.001591931
     2.810000000     0.016609671     3.158110094     0.001662631
     2.820000000     0.016717137     3.177480327     0.001744846
     2.830000000     0.016978913     3.197213126     0.001838503
     2.840000000     0.017392318     3.217319884     0.001943625
     2.850000000     0.017956984     3.237813931     0.002060333
     2.860000000     0.018675240     3.258710809     0.002188849
     2.870000000     0.019552512     3.280028426     0.002329499
     2.880000000     0.020597753     3.301787058     0.002482713
     2.890000000     0.021823910     3.324009168     0.002649020
     2.900000000     0.023248437     3.346719072     0.002829048
     2.910000000     0.024893857     3.369942459     0.003023515
     2.920000000     0.026788391     3.393705814     0.003233221
     2.930000000     0.028966660     3.418035785     0.003459041
     2.940000000     0.031470462     3.442958517     0.003701911
     2.950000000     0.034349642     3.468499029     0.003962816
     2.960000000     0.037663050     3.494680694     0.004242777
     2.970000000     0.041479599     3.521524887     0.004542834
     2.980000000     0.045879425     3.549050847     0.004864030
     2.990000000     0.050955134     3.577275778     0.005207394
     3.000000000     0.056813146     3.606215132     0.005573925
     3.010000000     0.063575121     3.635883031     0.005964575
     3.020000000     0.071379438     3.666292737     0.006380230
     3.030000000     0.080382723     3.697457090     0.006821698
     3.040000000     0.090761388     3.729388860     0.007289689
     3.050000000     0.102713132     3.762100991     0.007784809
     3.060000000     0.116458386     3.795606745     0.008307541
     3.070000000     0.132241620     3.829919780     0.008858241
     3.080000000     0.150332471     3.865054224     0.009437128
     3.090000000     0.171026609     3.901024740     0.010044279
     3.100000000     0.194646274     3.937846565     0.010679633
     3.110000000     0.221540396     3.975535400     0.011342982
     3.120000000     0.252084210     4.014106971     0.012033987
     3.130000000     0.286678284     4.053576063     0.012752172
     3.140000000     0.325746864     4.093954857     0.013496946
     3.150000000     0.369735445     4.135250491     0.014267607
     3.160000000     0.419107509     4.177461950     0.015063357
     3.170000000     0.474340336     4.220576532     0.015883321
     3.180000000     0.535919851     4.264566244     0.016726565
     3.190000000     0.604334473     4.309384533     0.017592107
     3.200000000     0.680067939     4.354963636     0.018478945
     3.210000000     0.763591139     4.401212693     0.019386069
     3.220000000     0.855352995     4.448016562     0.020312476
     3.230000000     0.955770480     4.495235085     0.021257190
     3.240000000     1.065217875     4.542702434     0.022219271
     3.250000000     1.184015452     4.590226048     0.023197824
     3.260000000     1.312417746     4.637584631     0.024192006
     3.270000000     1.450601672     4.684524687     0.025201025
     3.280000000     1.598654747     4.730755164     0.026224141
     3.290000000     1.756563700     4.775940012     0.027260658
     3.300000000     1.924203818     4.819688834     0.028309909
     3.310000000     2.101329323     4.861546178     0.029371248
     3.320000000     2.287565155     4.900980424     0.030444026
     3.330000000     2.482400479     4.937373314     0.031527575
     3.340000000     2.685184234     4.970011117     0.032621179
     3.350000000     2.895123031     4.998078106     0.033724056
     3.360000000     3.111281637     5.020652660     0.034835332
     3.370000000     3.332586259     5.036706136     0.035954015
     3.380000000     3.557830764     5.045104725     0.037078979
     3.390000000     3.785685907     5.044615169     0.038208943
     3.400000000     4.014711563     5.033916244     0.039342461
     3.410000000     4.243371872     5.011619297     0.040477908
     3.420000000     4.470053121     4.976302300     0.041613483
     3.430000000     4.693084115     4.926562206     0.042747207
     3.440000000     4.910758689     4.861089213     0.043876937
     3.450000000     5.121359960     4.778763270     0.045000375
     3.460000000     5.323185839     4.678768016     0.046115098
     3.470000000     5.514575275     4.560710963     0.047218577
     3.480000000     5.693934682     4.424732921     0.048308211
     3.490000000     5.859763944     4.271586371     0.049381365
     3.500000000     6.010681429     4.102663935     0.050435401
     3.510000000     6.145447424     3.919964970     0.051467723
     3.520000000     6.262985462     3.725999622     0.052475813
     3.530000000     6.362401025     3.523642142     0.053457267
     3.540000000     6.442997209     3.315954861     0.054409833
     3.550000000     6.504286980     3.106007842     0.055331441
     3.560000000     6.546001754     2.896716587     0.056220229
     3.570000000     6.568096108     2.690713386     0.057074569
     3.580000000     6.570748554     2.490260399     0.057893075
     3.590000000     6.554358368     2.297206557     0.058674622
     3.600000000     6.519538600     2.112986406     0.059418345
     3.610000000     6.467105434     1.938655856     0.060123638
     3.620000000     6.398064204     1.774956464     0.060790151
     3.630000000     6.313592388     1.622396150     0.061417774
     3.640000000     6.215019994     1.481331300     0.062006630
     3.650000000     6.103807789     1.352034667     0.062557056
     3.660000000     5.981523855     1.234736574     0.063069587
     3.670000000     5.849818955     1.129633480     0.063544944
     3.680000000     5.710401234     1.036866402     0.063984016
     3.690000000     5.565010728     0.956479401     0.064387856
     3.700000000     5.415394163     0.888372878     0.064757672
     3.710000000     5.263280475     0.832266427     0.065094829
     3.720000000     5.110357474     0.787681892     0.065400854
     3.730000000     4.958249980     0.753950767     0.065677447
     3.740000000     4.808499758     0.730243661     0.065926506
     3.750000000     4.662547506     0.715614843     0.066150146
     3.760000000     4.521717083     0.709052948     0.066350730
     3.770000000     4.387202142     0.709529341     0.066530908
     3.780000000     4.260055252     0.716037722     0.066693653
     3.790000000     4.141179572     0.727621300     0.066842302
     3.800000000     4.031323067     0.743386549     0.066980594
     3.810000000     3.931075233     0.762504606     0.067112713
     3.820000000     3.840866267     0.784202809     0.067243316
     3.830000000     3.760968565     0.807749521     0.067377565
     3.840000000     3.691500417     0.832435704     0.067521142
     3.850000000     3.632431742     0.857556588     0.067680262
     3.860000000     3.583591690     0.882396431     0.067861665
     3.870000000     3.544677898     0.906218756     0.068072597
     3.880000000     3.515267223     0.928263643     0.068320781
     3.890000000     3.494827698     0.947752868     0.068614360
     3.900000000     3.482731514     0.963903003     0.068961837
     3.910000000     3.478268786     0.975946177     0.069371985
     3.920000000     3.480661867     0.983157935     0.069853750
     3.930000000     3.489079991     0.984891432     0.070416139
     3.940000000     3.502654010     0.980616586     0.071068084
     3.950000000     3.520491008     0.969961635     0.071818309
     3.960000000     3.541688580     0.952752560     0.072675178
     3.970000000     3.565348572     0.929043642     0.073646539
     3.980000000     3.590590109     0.899131036     0.074739569
     3.990000000     3.616561727     0.863542020     0.075960618
     4.000000000     3.642452472     0.822996346     0.077315054
     4.010000000     3.667501832     0.778342450     0.078807121
     4.020000000     3.691008399     0.730478105     0.080439805
     4.030000000     3.712337174     0.680269948     0.082214720
     4.040000000     3.730925466     0.628486910     0.084132008
     4.050000000     3.746287344     0.575758791     0.086190259
     4.060000000     3.758016638     0.522564434     0.088386461
     4.070000000     3.765788506     0.469246665     0.090715970
     4.080000000     3.769359605     0.416045674     0.093172506
     4.090000000     3.768566916     0.363140188     0.095748181
     4.100000000     3.763325325     0.310686656     0.098433548
     4.110000000     3.753624031     0.258849856     0.101217683
     4.120000000     3.739521907     0.207822285     0.104088289
     4.130000000     3.721141938     0.157832887     0.107031820
     4.140000000     3.698664865     0.109147289     0.110033636
     4.150000000     3.672322182     0.062061724     0.113078165
     4.160000000     3.642388627     0.016891984     0.116149087
     4.170000000     3.609174329    -0.026042027     0.119229533
     4.180000000     3.573016748    -0.066435696     0.122302283
     4.190000000     3.534272570    -0.104021829     0.125349976
     4.200000000     3.493309695    -0.138593211     0.128355320
     4.210000000     3.450499461    -0.170022314     0.131301299
     4.220000000     3.406209237    -0.198274745     0.134171369
     4.230000000     3.360795510    -0.223413874     0.136949655
     4.240000000     3.314597576    -0.245595719     0.139621130
     4.250000000     3.267931924    -0.265055199     0.142171775
     4.260000000     3.221087415    -0.282086593     0.144588733
     4.270000000     3.174321313    -0.297022032     0.146860436
     4.280000000     3.127856207    -0.310211783     0.148976716
     4.290000000     3.081877873    -0.322009032     0.150928893
     4.300000000     3.036534078    -0.332760186     0.152709840
     4.310000000     2.991934303    -0.342800099     0.154314034
     4.320000000     2.948150382    -0.352450488     0.155737575
     4.330000000     2.905217980    -0.362019515     0.156978190
     4.340000000     2.863138858    -0.371800870     0.158035215
     4.350000000     2.821883825    -0.382071294     0.158909554
     4.360000000     2.781396297    -0.393086069     0.159603627
     4.370000000     2.741596319    -0.405072383     0.160121291
     4.380000000     2.702384954    -0.418220627     0.160467751
     4.390000000     2.663648889    -0.432673885     0.160649460
     4.400000000     2.625265140    -0.448516128     0.160673994
     4.410000000     2.587105713    -0.465760085     0.160549932
     4.420000000     2.549042103    -0.484336352     0.160286714
     4.430000000     2.510949512    -0.504085838     0.159894502
     4.440000000     2.472710676    -0.524757943     0.159384029
     4.450000000     2.434219223    -0.546016622     0.158766449
     4.460000000     2.395382478    -0.567455640     0.158053186
     4.470000000     2.356123670    -0.588622792     0.157255785
     4.480000000     2.316383513    -0.609051083     0.156385760
     4.490000000     2.276121141    -0.628293178     0.155454456
     4.500000000     2.235314422    -0.645954563     0.154472913
     4.510000000     2.193959667    -0.661720995     0.153451739
     4.520000000     2.152070796    -0.675376999     0.152400992
     4.530000000     2.109678018    -0.686813950     0.151330079
     4.540000000     2.066826101    -0.696028047     0.150247659
     4.550000000     2.023572326    -0.703109811     0.149161568
     4.560000000     1.979984198    -0.708227377     0.148078755
     4.570000000     1.936137038    -0.711605932     0.147005233
     4.580000000     1.892111507    -0.713505414     0.145946048
     4.590000000     1.847991191    -0.714198299     0.144905261
     4.600000000     1.803860299    -0.713948993     0.143885950
     4.610000000     1.759801543    -0.712996161     0.142890224
     4.620000000     1.715894281    -0.711539079     0.141919254
     4.630000000     1.672212943    -0.709728852     0.140973319
     4.640000000     1.628825774    -0.707664961     0.140051866
     4.650000000     1.585793922    -0.705397162     0.139153578
     4.660000000     1.543170866    -0.702932145     0.138276465
     4.670000000     1.501002166    -0.700243793     0.137417948
     4.680000000     1.459325529    -0.697285430     0.136574969
     4.690000000     1.418171143    -0.694002234     0.135744096
     4.700000000     1.377562264    -0.690342058     0.134921637
     4.710000000     1.337515984    -0.686263248     0.134103755
     4.720000000     1.298044151    -0.681738573     0.133286592
     4.730000000     1.259154400    -0.676755077     0.132466377
     4.740000000     1.220851221    -0.671310394     0.131639548
     4.750000000     1.183137046    -0.665406807     0.130802857
     4.760000000     1.146013305    -0.659044812     0.129953473
     4.770000000     1.109481406    -0.652218015     0.129089076
     4.780000000     1.073543625    -0.644910719     0.128207940
     4.790000000     1.038203871    -0.637098651     0.127309005
     4.800000000     1.003468317    -0.628752258     0.126391934
     4.810000000     0.969345876    -0.619841280     0.125457159
     4.820000000     0.935848530    -0.610339097     0.124505908
     4.830000000     0.902991504    -0.600225757     0.123540221
     4.840000000     0.870793295    -0.589489268     0.122562945
     4.850000000     0.839275566    -0.578125467     0.121577720
     4.860000000     0.808462916    -0.566137134     0.120588943
     4.870000000     0.778382547    -0.553533132     0.119601726
     4.880000000     0.749063838    -0.540327988     0.118621830
     4.890000000     0.720537855    -0.526541987     0.117655602
     4.900000000     0.692836799    -0.512201421     0.116709886
     4.910000000     0.665993433    -0.497338540     0.115791939
     4.920000000     0.640040484    -0.481990772     0.114909334
     4.930000000     0.615010046    -0.466199126     0.114069861
     4.940000000     0.590932999    -0.450005996     0.113281427
     4.950000000     0.567838450    -0.433452826     0.112551956
     4.960000000     0.545753218    -0.416578205     0.111889289
     4.970000000     0.524701354    -0.399416832     0.111301096
     4.980000000     0.504703722    -0.381999602     0.110794788
     4.990000000     0.485777629    -0.364354762     0.110377442
     5.000000000     0.467936527    -0.346509848     0.110055731
     5.010000000     0.451189759    -0.328493921     0.109835873
     5.020000000     0.435542389    -0.310339554     0.109723585
     5.030000000     0.420995076    -0.292084102     0.109724057
     5.040000000     0.407544023    -0.273769964     0.109841929
     5.050000000     0.395180975    -0.255443813     0.110081297
     5.060000000     0.383893280    -0.237154965     0.110445714
     5.070000000     0.373663998    -0.218953235     0.110938215
     5.080000000     0.364472069    -0.200886691     0.111561352
     5.090000000     0.356292518    -0.182999649     0.112317231
     5.100000000     0.349096707    -0.165331170     0.113207565
     5.110000000     0.342852626    -0.147914161     0.114233727
     5.120000000     0.337525220    -0.130775052     0.115396814
     5.130000000     0.333076743    -0.113933947     0.116697704
     5.140000000     0.329467144    -0.097405136     0.118137117
     5.150000000     0.326654470    -0.081197927     0.119715677
     5.160000000     0.324595287    -0.065317825     0.121433960
     5.170000000     0.323245119    -0.049768107     0.123292545
     5.180000000     0.322558891    -0.034551770     0.125292046
     5.190000000     0.322491372    -0.019673668     0.127433147
     5.200000000     0.322997618    -0.005142467     0.129716613
     5.210000000     0.324033410     0.009028083     0.132143296
     5.220000000     0.325555671     0.022819068     0.134714128
     5.230000000     0.327522869     0.036207837     0.137430098
     5.240000000     0.329895387     0.049170959     0.140292223
     5.250000000     0.332635869     0.061688328     0.143301503
     5.260000000     0.335709526     0.073747688     0.146458867
     5.270000000     0.339084391     0.085348624     0.149765116
     5.280000000     0.342731543     0.096505057     0.153220847
     5.290000000     0.346625258     0.107245499     0.156826392
     5.300000000     0.350743125     0.117610816     0.160581735
     5.310000000     0.355066085     0.127649793     0.164486447
     5.320000000     0.359578424     0.137413397     0.168539611
     5.330000000     0.364267692     0.146948919     0.172739758
     5.340000000     0.369124569     0.156295220     0.177084814
     5.350000000     0.374142671     0.165479901     0.181572046
     5.360000000     0.379318290     0.174518716     0.186198030
     5.370000000     0.384650089     0.183416919     0.190958620
     5.380000000     0.390138746     0.192171859     0.195848940
     5.390000000     0.395786555     0.200775980     0.200863381
     5.400000000     0.401596988     0.209219482     0.205995615
     5.410000000     0.407574239     0.217492200     0.211238620
     5.420000000     0.413722736     0.225584548     0.216584715
     5.430000000     0.420046661     0.233487670     0.222025605
     5.440000000     0.426549453     0.241193061     0.227552440
     5.450000000     0.433233340     0.248691986     0.233155871
     5.460000000     0.440098879     0.255974928     0.238826121
     5.470000000     0.447144538     0.263031266     0.244553049
     5.480000000     0.454366317     0.269849225     0.250326223
     5.490000000     0.461757420     0.276416135     0.256134987
     5.500000000     0.469307990     0.282718846     0.261968531
     5.510000000     0.477004914     0.288744156     0.267815948
     5.520000000     0.484831696     0.294478971     0.273666299
     5.530000000     0.492768419     0.299910014     0.279508658
     5.540000000     0.500791782     0.305022973     0.285332163
     5.550000000     0.508875229     0.309801230     0.291126056
     5.560000000     0.516989154     0.314224533     0.296879715
     5.570000000     0.525101196     0.318268086     0.302582684
     5.580000000     0.533176604     0.321902578     0.308224701
     5.590000000     0.541178681     0.325095417     0.313795715
     5.600000000     0.549069278     0.327813146     0.319285907
     5.610000000     0.556809354     0.330024698     0.324685711
     5.620000000     0.564359567     0.331704894     0.329985830
     5.630000000     0.571680891     0.332837598     0.335177257
     5.640000000     0.578735248     0.333418048     0.340251303
     5.650000000     0.585486139     0.333454132     0.345199617
     5.660000000     0.591899251     0.332966611     0.350014226
     5.670000000     0.597943034     0.331988443     0.354687569
     5.680000000     0.603589229     0.330563383     0.359212539
     5.690000000     0.608813334     0.328744094     0.363582538
     5.700000000     0.613594994     0.326589919     0.367791522
     5.710000000     0.617918310     0.324164545     0.371834071
     5.720000000     0.621772056     0.321533721     0.375705443
     5.730000000     0.625149791     0.318763213     0.379401646
     5.740000000     0.628049882     0.315917071     0.382919502
     5.750000000     0.630475414     0.313056204     0.386256719
     5.760000000     0.632434013     0.310237158     0.389411952
     5.770000000     0.633937567     0.307510990     0.392384870
     5.780000000     0.635001869     0.304922106     0.395176214
     5.790000000     0.635646183     0.302507060     0.397787845
     5.800000000     0.635892749     0.300293383     0.400222787
     5.810000000     0.635766236     0.298298648     0.402485263
     5.820000000     0.635293169     0.296530028     0.404580709
     5.830000000     0.634501330     0.294984567     0.406515785
     5.840000000     0.633419164     0.293650246     0.408298365
     5.850000000     0.632075186     0.292507734     0.409937518
     5.860000000     0.630497432     0.291532529     0.411443462
     5.870000000     0.628712930     0.290697087     0.412827519
     5.880000000     0.626747242     0.289972592     0.414102034
     5.890000000     0.624624045     0.289330138     0.415280294
     5.900000000     0.622364799     0.288741347     0.416376425
     5.910000000     0.619988477     0.288178604     0.417405278
     5.920000000     0.617511368     0.287615216     0.418382295
     5.930000000     0.614946966     0.287025811     0.419323373
     5.940000000     0.612305921     0.286387108     0.420244715
     5.950000000     0.609596066     0.285679077     0.421162670
     5.960000000     0.606822511     0.284886271     0.422093576
     5.970000000     0.603987789     0.283999065     0.423053589
     5.980000000     0.601092059     0.283014492     0.424058521
     5.990000000     0.598133344     0.281936482     0.425123677
     6.000000000     0.595107810     0.280775377     0.426263689
     6.010000000     0.592010065     0.279546771     0.427492369
     6.020000000     0.588833472     0.278269798     0.428822559
     6.030000000     0.585570479     0.276965129     0.430265995
     6.040000000     0.582212937     0.275652982     0.431833184
     6.050000000     0.578752426     0.274351443     0.433533294
     6.060000000     0.575180556     0.273075338     0.435374056
     6.070000000     0.571489262     0.271835735     0.437361685
     6.080000000     0.567671076     0.270640024     0.439500816
     6.090000000     0.563719373     0.269492433     0.441794460
     6.100000000     0.559628595     0.268394768     0.444243972
     6.110000000     0.555394452     0.267347210     0.446849046
     6.120000000     0.551014091     0.266349069     0.449607718
     6.130000000     0.546486238     0.265399455     0.452516399
     6.140000000     0.541811317     0.264497869     0.455569917
     6.150000000     0.536991539     0.263644754     0.458761579
     6.160000000     0.532030967     0.262841980     0.462083255
     6.170000000     0.526935545     0.262093258     0.465525474
     6.180000000     0.521713119     0.261404432     0.469077535
     6.190000000     0.516373415     0.260783645     0.472727640
     6.200000000     0.510928000     0.260241370     0.476463033
     6.210000000     0.505390218     0.259790324     0.480270153
     6.220000000     0.499775101     0.259445259     0.484134805
     6.230000000     0.494099251     0.259222612     0.488042329
     6.240000000     0.488380710     0.259139964     0.491977783
     6.250000000     0.482638795     0.259215288     0.495926129
     6.260000000     0.476893924     0.259465983     0.499872421
     6.270000000     0.471167413     0.259907777     0.503801994
     6.280000000     0.465481266     0.260553590     0.507700646
     6.290000000     0.459857941     0.261412506     0.511554813
     6.300000000     0.454320117     0.262488965     0.515351745
     6.310000000     0.448890440     0.263782269     0.519079652
     6.320000000     0.443591277     0.265286446     0.522727852
     6.330000000     0.438444461     0.266990485     0.526286885
     6.340000000     0.433471047     0.268878901     0.529748618
     6.350000000     0.428691072     0.270932583     0.533106314
     6.360000000     0.424123330     0.273129830     0.536354687
     6.370000000     0.419785158     0.275447481     0.539489920
     6.380000000     0.415692253     0.277862015     0.542509654
     6.390000000     0.411858496     0.280350522     0.545412953
     6.400000000     0.408295814     0.282891437     0.548200227
     6.410000000     0.405014066     0.285464984     0.550873139
     6.420000000     0.402020955     0.288053305     0.553434470
     6.430000000     0.399321969     0.290640320     0.555887958
     6.440000000     0.396920362     0.293211373     0.558238121
     6.450000000     0.394817146     0.295752745     0.560490041
     6.460000000     0.393011129     0.298251154     0.562649145
     6.470000000     0.391498966     0.300693292     0.564720953
     6.480000000     0.390275236     0.303065496     0.566710828
     6.490000000     0.389332549     0.305353600     0.568623713
     6.500000000     0.388661654     0.307542986     0.570463864
     6.510000000     0.388251574     0.309618842     0.572234589
     6.520000000     0.388089746     0.311566576     0.573937992
     6.530000000     0.388162169     0.313372357     0.575574736
     6.540000000     0.388453550     0.315023705     0.577143815
     6.550000000     0.388947458     0.316510085     0.578642357
     6.560000000     0.389626466     0.317823406     0.580065450
     6.570000000     0.390472294     0.318958353     0.581406001
     6.580000000     0.391465932     0.319912475     0.582654631
     6.590000000     0.392587763     0.320685977     0.583799608
     6.600000000     0.393817666     0.321281241     0.584826820
     6.610000000     0.395135109     0.321702161     0.585719795
     6.620000000     0.396519225     0.321953434     0.586459759
     6.630000000     0.397948876     0.322039937     0.587025743
     6.640000000     0.399402699     0.321966296     0.587394734
     6.650000000     0.400859150     0.321736642     0.587541869
     6.660000000     0.402296527     0.321354507     0.587440666
     6.670000000     0.403692988     0.320822768     0.587063303
     6.680000000     0.405026568     0.320143572     0.586380925
     6.690000000     0.406275182     0.319318213     0.585363983
     6.700000000     0.407416641     0.318346997     0.583982604
     6.710000000     0.408428658     0.317229172     0.582206976
     6.720000000     0.409288870     0.315962961     0.580007760
     6.730000000     0.409974861     0.314545776     0.577356497
     6.740000000     0.410464203     0.312974601     0.574226034
     6.750000000     0.410734503     0.311246552     0.570590933
     6.760000000     0.410763475     0.309359535     0.566427883
     6.770000000     0.410529024     0.307312944     0.561716086
     6.780000000     0.410009347     0.305108294     0.556437627
     6.790000000     0.409183067     0.302749704     0.550577812
     6.800000000     0.408029367     0.300244169     0.544125474
     6.810000000     0.406528163     0.297601594     0.537073237
     6.820000000     0.404660279     0.294834603     0.529417743
     6.830000000     0.402407656     0.291958153     0.521159820
     6.840000000     0.399753556     0.288989029     0.512304609
     6.850000000     0.396682794     0.285945271     0.502861636
     6.860000000     0.393181970     0.282845605     0.492844825
     6.870000000     0.389239699     0.279708931     0.482272464
     6.880000000     0.384846853     0.276553894     0.471167108
     6.890000000     0.379996784     0.273398551     0.459555437
     6.900000000     0.374685542     0.270260146     0.447468056
     6.910000000     0.368912071     0.267155022     0.434939253
     6.920000000     0.362678388     0.264098725     0.422006706
     6.930000000     0.355989726     0.261106376     0.408711159
     6.940000000     0.348854649     0.258193372     0.395096049
     6.950000000     0.341285125     0.255376424     0.381207118
     6.960000000     0.333296561     0.252674850     0.367091987
     6.970000000     0.324907783     0.250111926     0.352799723
     6.980000000     0.316140978     0.247716003     0.338380380
     6.990000000     0.307021580     0.245521039     0.323884547
     7.000000000     0.297578105     0.243566235     0.309362886
     7.010000000     0.287841940     0.241894589     0.294865679
     7.020000000     0.277847078     0.240550427     0.280442387
     7.030000000     0.267629820     0.239576202     0.266141221
     7.040000000     0.257228422     0.239009062     0.252008741
     7.050000000     0.246682719     0.238877786     0.238089477
     7.060000000     0.236033713     0.239200586     0.224425585
     7.070000000     0.225323146     0.239984133     0.211056528
     7.080000000     0.214593051     0.241223857     0.198018809
     7.090000000     0.203885306     0.242905357     0.185345733
     7.100000000     0.193241188     0.245006555     0.173067213
     7.110000000     0.182700930     0.247500164     0.161209626
     7.120000000     0.172303313     0.250356073     0.149795706
     7.130000000     0.162085269     0.253543342     0.138844482
     7.140000000     0.152081526     0.257031660     0.128371267
     7.150000000     0.142324290     0.260792202     0.118387680
     7.160000000     0.132842969     0.264797946     0.108901714
     7.170000000     0.123663953     0.269023542     0.099917841
     7.180000000     0.114810432     0.273444907     0.091437152
     7.190000000     0.106302279     0.278038712     0.083457529
     7.200000000     0.098155973     0.282781939     0.075973849
     7.210000000     0.090384589     0.287651635     0.068978200
     7.220000000     0.082997820     0.292624905     0.062460137
     7.230000000     0.076002057     0.297679140     0.056406929
     7.240000000     0.069400509     0.302792397     0.050803841
     7.250000000     0.063193360     0.307943840     0.045634401
     7.260000000     0.057377958     0.313114163     0.040880686
     7.270000000     0.051949032     0.318285924     0.036523594
     7.280000000     0.046898934     0.323443767     0.032543115
     7.290000000     0.042217890     0.328574516     0.028918594
     7.300000000     0.037894268     0.333667153     0.025628973
     7.310000000     0.033914847     0.338712701     0.022653031
     7.320000000     0.030265090     0.343704034     0.019969590
     7.330000000     0.026929404     0.348635646     0.017557714
     7.340000000     0.023891399     0.353503397     0.015396879
     7.350000000     0.021134132     0.358304269     0.013467129
     7.360000000     0.018640333     0.363036144     0.011749202
     7.370000000     0.016392618     0.367697622     0.010224636
     7.380000000     0.014373677     0.372287866     0.008875860
     7.390000000     0.012566443     0.376806494     0.007686253
     7.400000000     0.010954245     0.381253491     0.006640195
     7.410000000     0.009520929     0.385629141     0.005723091
     7.420000000     0.008250965     0.389933980     0.004921386
     7.430000000     0.007129532     0.394168757     0.004222557
     7.440000000     0.006142586     0.398334391     0.003615101
     7.450000000     0.005276901     0.402431948     0.003088507
     7.460000000     0.004520102     0.406462607     0.002633217
     7.470000000     0.003860681     0.410427640     0.002240586
     7.480000000     0.003287996     0.414328388     0.001902831
     7.490000000     0.002792263     0.418166240     0.001612980
     7.500000000     0.002364533     0.421942619     0.001364811
     7.510000000     0.001996666     0.425658964     0.001152802
     7.520000000     0.001681294     0.429316723     0.000972070
     7.530000000     0.001411784     0.432917338     0.000818314
     7.540000000     0.001182189     0.436462239     0.000687763
     7.550000000     0.000987206     0.439952838     0.000577122
     7.560000000     0.000822129     0.443390524     0.000483520
     7.570000000     0.000682798     0.446776656     0.000404471
     7.580000000     0.000565551     0.450112565     0.000337820
     7.590000000     0.000467185     0.453399546     0.000281713
     7.600000000     0.000384902     0.456638862     0.000234555
     7.610000000     0.000316274     0.459831741     0.000194978
     7.620000000     0.000259201     0.462979372     0.000161813
     7.630000000     0.000211874     0.466082910     0.000134063
     7.640000000     0.000172738     0.469143476     0.000110878
     7.650000000     0.000140468     0.472162152     0.000091537
     7.660000000     0.000113932     0.475139988     0.000075427
     7.670000000     0.000092172     0.478077997     0.000062031
     7.680000000     0.000074376     0.480977162     0.000050909
     7.690000000     0.000059863     0.483838432     0.000041692
     7.700000000     0.000048057     0.486662723     0.000034068
     7.710000000     0.000038481     0.489450923     0.000027773
     7.720000000     0.000030733     0.492203889     0.000022586
     7.730000000     0.000024481     0.494922450     0.000018321
     7.740000000     0.000019450     0.497607407     0.000014823
     7.750000000     0.000015412     0.500259534     0.000011960
     7.760000000     0.000012180     0.502879582     0.000009623
     7.770000000     0.000009599     0.505468274     0.000007720
     7.780000000     0.000007545     0.508026311     0.000006174
     7.790000000     0.000005914     0.510554371     0.000004923
     7.800000000     0.000004622     0.513053110     0.000003913
     7.810000000     0.000003603     0.515523162     0.000003100
     7.820000000     0.000002800     0.517965143     0.000002447
     7.830000000     0.000002170     0.520379647     0.000001926
     7.840000000     0.000001676     0.522767251     0.000001510
     7.850000000     0.000001291     0.525128512     0.000001180
     7.860000000     0.000000991     0.527463972     0.000000919
     7.870000000     0.000000759     0.529774155     0.000000713
     7.880000000     0.000000579     0.532059570     0.000000551
     7.890000000     0.000000440     0.534320709     0.000000424
     7.900000000     0.000000334     0.536558050     0.000000325
     7.910000000     0.000000252     0.538772057     0.000000248
     7.920000000     0.000000190     0.540963181     0.000000189
     7.930000000     0.000000143     0.543131859     0.000000143
     7.940000000     0.000000107     0.545278514     0.000000108
     7.950000000     0.000000079     0.547403558     0.000000081
     7.960000000     0.000000059     0.549507393     0.000000061
     7.970000000     0.000000044     0.551590408     0.000000045
     7.980000000     0.000000032     0.553652979     0.000000034
     7.990000000     0.000000024     0.555695476     0.000000025
     8.000000000     0.000000017     0.557718255     0.000000018
     8.010000000     0.000000013     0.559721665     0.000000013
     8.020000000     0.000000009     0.561706044     0.000000010
     8.030000000     0.000000007     0.563671720     0.000000007
     8.040000000     0.000000005     0.565619016     0.000000005
     8.050000000     0.000000003     0.567548242     0.000000004
     8.060000000     0.000000002     0.569459703     0.000000003
     8.070000000     0.000000002     0.571353695     0.000000002
     8.080000000     0.000000001     0.573230507     0.000000001
     8.090000000     0.000000001     0.575090420     0.000000001
     8.100000000     0.000000001     0.576933708     0.000000001
     8.110000000     0.000000000     0.578760638     0.000000000
     8.120000000     0.000000000     0.580571471     0.000000000
     8.130000000     0.000000000     0.582366461     0.000000000
     8.140000000     0.000000000     0.584145857     0.000000000
     8.150000000     0.000000000     0.585909900     0.000000000
     8.160000000     0.000000000     0.587658827     0.000000000
     8.170000000     0.000000000     0.589392869     0.000000000
     8.180000000     0.000000000     0.591112250     0.000000000
     8.190000000     0.000000000     0.592817192     0.000000000
     8.200000000     0.000000000     0.594507909     0.000000000
     8.210000000     0.000000000     0.596184610     0.000000000
     8.220000000     0.000000000     0.597847502     0.000000000
     8.230000000     0.000000000     0.599496785     0.000000000
     8.240000000     0.000000000     0.601132655     0.000000000
     8.250000000     0.000000000     0.602755304     0.000000000
     8.260000000     0.000000000     0.604364919     0.000000000
     8.270000000     0.000000000     0.605961685     0.000000000
     8.280000000     0.000000000     0.607545780     0.000000000
     8.290000000     0.000000000     0.609117380     0.000000000
     8.300000000     0.000000000     0.610676658     0.000000000
     8.310000000     0.000000000     0.612223780     0.000000000
     8.320000000     0.000000000     0.613758913     0.000000000
     8.330000000     0.000000000     0.615282218     0.000000000
     8.340000000     0.000000000     0.616793852     0.000000000
     8.350000000     0.000000000     0.618293970     0.000000000
     8.360000000     0.000000000     0.619782724     0.000000000
     8.370000000     0.000000000     0.621260263     0.000000000
     8.380000000     0.000000000     0.622726732     0.000000000
     8.390000000     0.000000000     0.624182273     0.000000000
     8.400000000     0.000000000     0.625627027     0.000000000
     8.410000000     0.000000000     0.627061131     0.000000000
     8.420000000     0.000000000     0.628484719     0.000000000
     8.430000000     0.000000000     0.629897923     0.000000000
     8.440000000     0.000000000     0.631300872     0.000000000
     8.450000000     0.000000000     0.632693694     0.000000000
     8.460000000     0.000000000     0.634076512     0.000000000
     8.470000000     0.000000000     0.635449450     0.000000000
     8.480000000     0.000000000     0.636812626     0.000000000
     8.490000000     0.000000000     0.638166159     0.000000000
     8.500000000     0.000000000     0.639510163     0.000000000
     8.510000000     0.000000000     0.640844753     0.000000000
     8.520000000     0.000000000     0.642170040     0.000000000
     8.530000000     0.000000000     0.643486133     0.000000000
     8.540000000     0.000000000     0.644793139     0.000000000
     8.550000000     0.000000000     0.646091164     0.000000000
     8.560000000     0.000000000     0.647380312     0.000000000
     8.570000000     0.000000000     0.648660684     0.000000000
     8.580000000     0.000000000     0.649932380     0.000000000
     8.590000000     0.000000000     0.651195499     0.000000000
     8.600000000     0.000000000     0.652450138     0.000000000
     8.610000000     0.000000000     0.653696390     0.000000000
     8.620000000     0.000000000     0.654934350     0.000000000
     8.630000000     0.000000000     0.656164110     0.000000000
     8.640000000     0.000000000     0.657385759     0.000000000
     8.650000000     0.000000000     0.658599387     0.000000000
     8.660000000     0.000000000     0.659805081     0.000000000
     8.670000000     0.000000000     0.661002926     0.000000000
     8.680000000     0.000000000     0.662193007     0.000000000
     8.690000000     0.000000000     0.663375408     0.000000000
     8.700000000     0.000000000     0.664550209     0.000000000
     8.710000000     0.000000000     0.665717492     0.000000000
     8.720000000     0.000000000     0.666877335     0.000000000
     8.730000000     0.000000000     0.668029817     0.000000000
     8.740000000     0.000000000     0.669175014     0.000000000
     8.750000000     0.000000000     0.670313001     0.000000000
     8.760000000     0.000000000     0.671443853     0.000000000
     8.770000000     0.000000000     0.672567644     0.000000000
     8.780000000     0.000000000     0.673684445     0.000000000
     8.790000000     0.000000000     0.674794326     0.000000000
     8.800000000     0.000000000     0.675897359     0.000000000
     8.810000000     0.000000000     0.676993612     0.000000000
     8.820000000     0.000000000     0.678083152     0.000000000
     8.830000000     0.000000000     0.679166046     0.000000000
     8.840000000     0.000000000     0.680242361     0.000000000
     8.850000000     0.000000000     0.681312160     0.000000000
     8.860000000     0.000000000     0.682375508     0.000000000
     8.870000000     0.000000000     0.683432468     0.000000000
     8.880000000     0.000000000     0.684483102     0.000000000
     8.890000000     0.000000000     0.685527471     0.000000000
     8.900000000     0.000000000     0.686565634     0.000000000
     8.910000000     0.000000000     0.687597653     0.000000000
     8.920000000     0.000000000     0.688623584     0.000000000
     8.930000000     0.000000000     0.689643486     0.000000000
     8.940000000     0.000000000     0.690657415     0.000000000
     8.950000000     0.000000000     0.691665428     0.000000000
     8.960000000     0.000000000     0.692667581     0.000000000
     8.970000000     0.000000000     0.693663927     0.000000000
     8.980000000     0.000000000     0.694654520     0.000000000
     8.990000000     0.000000000     0.695639414     0.000000000
     9.000000000     0.000000000     0.696618661     0.000000000
