 # Column 1: omega
 # Column 2: eps2(omega)
 # Column 3: eps1(omega)
 # Column 4: JDOS(omega)
     0.000000000    -0.000000000     1.494972838     0.000000000
     0.010000000     0.000000000     1.494975984     0.000000000
     0.020000000     0.000000000     1.494985422     0.000000000
     0.030000000     0.000000000     1.495001154     0.000000000
     0.040000000     0.000000000     1.495023181     0.000000000
     0.050000000     0.000000000     1.495051507     0.000000000
     0.060000000     0.000000000     1.495086134     0.000000000
     0.070000000     0.000000000     1.495127068     0.000000000
     0.080000000     0.000000000     1.495174313     0.000000000
     0.090000000     0.000000000     1.495227875     0.000000000
     0.100000000     0.000000000     1.495287762     0.000000000
     0.110000000     0.000000000     1.495353980     0.000000000
     0.120000000     0.000000000     1.495426538     0.000000000
     0.130000000     0.000000000     1.495505445     0.000000000
     0.140000000     0.000000000     1.495590711     0.000000000
     0.150000000     0.000000000     1.495682347     0.000000000
     0.160000000     0.000000000     1.495780365     0.000000000
     0.170000000     0.000000000     1.495884777     0.000000000
     0.180000000     0.000000000     1.495995596     0.000000000
     0.190000000     0.000000000     1.496112836     0.000000000
     0.200000000     0.000000000     1.496236513     0.000000000
     0.210000000     0.000000000     1.496366642     0.000000000
     0.220000000     0.000000000     1.496503240     0.000000000
     0.230000000     0.000000000     1.496646325     0.000000000
     0.240000000     0.000000000     1.496795915     0.000000000
     0.250000000     0.000000000     1.496952028     0.000000000
     0.260000000     0.000000000     1.497114686     0.000000000
     0.270000000     0.000000000     1.497283910     0.000000000
     0.280000000     0.000000000     1.497459721     0.000000000
     0.290000000     0.000000000     1.497642143     0.000000000
     0.300000000     0.000000000     1.497831198     0.000000000
     0.310000000     0.000000000     1.498026913     0.000000000
     0.320000000     0.000000000     1.498229313     0.000000000
     0.330000000     0.000000000     1.498438424     0.000000000
     0.340000000     0.000000000     1.498654274     0.000000000
     0.350000000     0.000000000     1.498876891     0.000000000
     0.360000000     0.000000000     1.499106306     0.000000000
     0.370000000     0.000000000     1.499342549     0.000000000
     0.380000000     0.000000000     1.499585652     0.000000000
     0.390000000     0.000000000     1.499835647     0.000000000
     0.400000000     0.000000000     1.500092568     0.000000000
     0.410000000     0.000000000     1.500356450     0.000000000
     0.420000000     0.000000000     1.500627328     0.000000000
     0.430000000     0.000000000     1.500905241     0.000000000
     0.440000000     0.000000000     1.501190225     0.000000000
     0.450000000     0.000000000     1.501482321     0.000000000
     0.460000000     0.000000000     1.501781568     0.000000000
     0.470000000     0.000000000     1.502088009     0.000000000
     0.480000000     0.000000000     1.502401685     0.000000000
     0.490000000     0.000000000     1.502722642     0.000000000
     0.500000000     0.000000000     1.503050924     0.000000000
     0.510000000     0.000000000     1.503386577     0.000000000
     0.520000000     0.000000000     1.503729650     0.000000000
     0.530000000     0.000000000     1.504080192     0.000000000
     0.540000000     0.000000000     1.504438253     0.000000000
     0.550000000     0.000000000     1.504803884     0.000000000
     0.560000000     0.000000000     1.505177140     0.000000000
     0.570000000     0.000000000     1.505558073     0.000000000
     0.580000000     0.000000000     1.505946742     0.000000000
     0.590000000     0.000000000     1.506343202     0.000000000
     0.600000000     0.000000000     1.506747513     0.000000000
     0.610000000     0.000000000     1.507159736     0.000000000
     0.620000000     0.000000000     1.507579931     0.000000000
     0.630000000     0.000000000     1.508008164     0.000000000
     0.640000000     0.000000000     1.508444500     0.000000000
     0.650000000     0.000000000     1.508889004     0.000000000
     0.660000000     0.000000000     1.509341746     0.000000000
     0.670000000     0.000000000     1.509802796     0.000000000
     0.680000000     0.000000000     1.510272227     0.000000000
     0.690000000     0.000000000     1.510750112     0.000000000
     0.700000000     0.000000000     1.511236527     0.000000000
     0.710000000     0.000000000     1.511731549     0.000000000
     0.720000000     0.000000000     1.512235259     0.000000000
     0.730000000     0.000000000     1.512747738     0.000000000
     0.740000000     0.000000000     1.513269070     0.000000000
     0.750000000     0.000000000     1.513799340     0.000000000
     0.760000000     0.000000000     1.514338637     0.000000000
     0.770000000     0.000000000     1.514887050     0.000000000
     0.780000000     0.000000000     1.515444672     0.000000000
     0.790000000     0.000000000     1.516011597     0.000000000
     0.800000000     0.000000000     1.516587924     0.000000000
     0.810000000     0.000000000     1.517173750     0.000000000
     0.820000000     0.000000000     1.517769178     0.000000000
     0.830000000     0.000000000     1.518374312     0.000000000
     0.840000000     0.000000000     1.518989261     0.000000000
     0.850000000     0.000000000     1.519614133     0.000000000
     0.860000000     0.000000000     1.520249041     0.000000000
     0.870000000     0.000000000     1.520894100     0.000000000
     0.880000000     0.000000000     1.521549430     0.000000000
     0.890000000     0.000000000     1.522215151     0.000000000
     0.900000000     0.000000000     1.522891387     0.000000000
     0.910000000     0.000000000     1.523578268     0.000000000
     0.920000000     0.000000000     1.524275922     0.000000000
     0.930000000     0.000000000     1.524984486     0.000000000
     0.940000000     0.000000000     1.525704095     0.000000000
     0.950000000     0.000000000     1.526434893     0.000000000
     0.960000000     0.000000000     1.527177024     0.000000000
     0.970000000     0.000000000     1.527930636     0.000000000
     0.980000000     0.000000000     1.528695882     0.000000000
     0.990000000     0.000000000     1.529472919     0.000000000
     1.000000000     0.000000000     1.530261907     0.000000000
     1.010000000     0.000000000     1.531063013     0.000000000
     1.020000000     0.000000000     1.531876404     0.000000000
     1.030000000     0.000000000     1.532702256     0.000000000
     1.040000000     0.000000000     1.533540746     0.000000000
     1.050000000     0.000000000     1.534392059     0.000000000
     1.060000000     0.000000000     1.535256382     0.000000000
     1.070000000     0.000000000     1.536133909     0.000000000
     1.080000000     0.000000000     1.537024840     0.000000000
     1.090000000     0.000000000     1.537929378     0.000000000
     1.100000000     0.000000000     1.538847733     0.000000000
     1.110000000     0.000000000     1.539780122     0.000000000
     1.120000000     0.000000000     1.540726765     0.000000000
     1.130000000     0.000000000     1.541687892     0.000000000
     1.140000000     0.000000000     1.542663737     0.000000000
     1.150000000     0.000000000     1.543654542     0.000000000
     1.160000000     0.000000000     1.544660553     0.000000000
     1.170000000     0.000000000     1.545682028     0.000000000
     1.180000000     0.000000000     1.546719227     0.000000000
     1.190000000     0.000000000     1.547772423     0.000000000
     1.200000000     0.000000000     1.548841893     0.000000000
     1.210000000     0.000000000     1.549927924     0.000000000
     1.220000000     0.000000000     1.551030811     0.000000000
     1.230000000     0.000000000     1.552150858     0.000000000
     1.240000000     0.000000001     1.553288378     0.000000001
     1.250000000     0.000000001     1.554443693     0.000000001
     1.260000000     0.000000001     1.555617137     0.000000001
     1.270000000     0.000000002     1.556809052     0.000000002
     1.280000000     0.000000002     1.558019791     0.000000003
     1.290000000     0.000000003     1.559249718     0.000000004
     1.300000000     0.000000005     1.560499210     0.000000005
     1.310000000     0.000000007     1.561768653     0.000000007
     1.320000000     0.000000009     1.563058449     0.000000010
     1.330000000     0.000000013     1.564369010     0.000000014
     1.340000000     0.000000018     1.565700761     0.000000020
     1.350000000     0.000000024     1.567054143     0.000000027
     1.360000000     0.000000033     1.568429611     0.000000038
     1.370000000     0.000000045     1.569827634     0.000000052
     1.380000000     0.000000061     1.571248697     0.000000070
     1.390000000     0.000000083     1.572693301     0.000000095
     1.400000000     0.000000111     1.574161965     0.000000129
     1.410000000     0.000000149     1.575655225     0.000000173
     1.420000000     0.000000200     1.577173634     0.000000231
     1.430000000     0.000000266     1.578717766     0.000000308
     1.440000000     0.000000352     1.580288215     0.000000409
     1.450000000     0.000000464     1.581885594     0.000000540
     1.460000000     0.000000611     1.583510539     0.000000710
     1.470000000     0.000000799     1.585163709     0.000000930
     1.480000000     0.000001042     1.586845785     0.000001213
     1.490000000     0.000001354     1.588557473     0.000001576
     1.500000000     0.000001752     1.590299506     0.000002039
     1.510000000     0.000002259     1.592072642     0.000002626
     1.520000000     0.000002901     1.593877668     0.000003368
     1.530000000     0.000003712     1.595715401     0.000004302
     1.540000000     0.000004733     1.597586685     0.000005472
     1.550000000     0.000006012     1.599492399     0.000006931
     1.560000000     0.000007611     1.601433455     0.000008743
     1.570000000     0.000009601     1.603410797     0.000010984
     1.580000000     0.000012072     1.605425409     0.000013743
     1.590000000     0.000015128     1.607478309     0.000017125
     1.600000000     0.000018897     1.609570556     0.000021252
     1.610000000     0.000023532     1.611703252     0.000026268
     1.620000000     0.000029216     1.613877538     0.000032337
     1.630000000     0.000036167     1.616094603     0.000039650
     1.640000000     0.000044646     1.618355682     0.000048423
     1.650000000     0.000054964     1.620662057     0.000058903
     1.660000000     0.000067493     1.623015062     0.000071371
     1.670000000     0.000082673     1.625416085     0.000086140
     1.680000000     0.000101030     1.627866566     0.000103563
     1.690000000     0.000123189     1.630368005     0.000124032
     1.700000000     0.000149895     1.632921959     0.000147978
     1.710000000     0.000182032     1.635530048     0.000175878
     1.720000000     0.000220653     1.638193954     0.000208251
     1.730000000     0.000267010     1.640915425     0.000245664
     1.740000000     0.000322591     1.643696277     0.000288724
     1.750000000     0.000389166     1.646538396     0.000338087
     1.760000000     0.000468839     1.649443736     0.000394448
     1.770000000     0.000564107     1.652414326     0.000458544
     1.780000000     0.000677935     1.655452267     0.000531149
     1.790000000     0.000813838     1.658559733     0.000613071
     1.800000000     0.000975979     1.661738972     0.000705145
     1.810000000     0.001169281     1.664992305     0.000808226
     1.820000000     0.001399552     1.668322121     0.000923185
     1.830000000     0.001673637     1.671730880     0.001050896
     1.840000000     0.001999576     1.675221102     0.001192231
     1.850000000     0.002386795     1.678795368     0.001348046
     1.860000000     0.002846306     1.682456304     0.001519166
     1.870000000     0.003390939     1.686206579     0.001706381
     1.880000000     0.004035584     1.690048887     0.001910422
     1.890000000     0.004797461     1.693985936     0.002131953
     1.900000000     0.005696399     1.698020428     0.002371552
     1.910000000     0.006755138     1.702155038     0.002629697
     1.920000000     0.007999631     1.706392397     0.002906748
     1.930000000     0.009459354     1.710735060     0.003202932
     1.940000000     0.011167613     1.715185490     0.003518326
     1.950000000     0.013161829     1.719746029     0.003852840
     1.960000000     0.015483809     1.724418879     0.004206203
     1.970000000     0.018179965     1.729206084     0.004577952
     1.980000000     0.021301487     1.734109514     0.004967412
     1.990000000     0.024904447     1.739130853     0.005373694
     2.000000000     0.029049805     1.744271578     0.005795679
     2.010000000     0.033803314     1.749532918     0.006232021
     2.020000000     0.039235294     1.754915789     0.006681134
     2.030000000     0.045420259     1.760420662     0.007141203
     2.040000000     0.052436368     1.766047359     0.007610182
     2.050000000     0.060364709     1.771794759     0.008085805
     2.060000000     0.069288361     1.777660411     0.008565599
     2.070000000     0.079291260     1.783640049     0.009046903
     2.080000000     0.090456843     1.789727067     0.009526884
     2.090000000     0.102866472     1.795911948     0.010002570
     2.100000000     0.116597642     1.802181715     0.010470876
     2.110000000     0.131722005     1.808519400     0.010928638
     2.120000000     0.148303198     1.814903558     0.011372650
     2.130000000     0.166394551     1.821307813     0.011799704
     2.140000000     0.186036671     1.827700412     0.012206631
     2.150000000     0.207254995     1.834043768     0.012590344
     2.160000000     0.230057339     1.840293924     0.012947880
     2.170000000     0.254431530     1.846399907     0.013276442
     2.180000000     0.280343192     1.852302902     0.013573443
     2.190000000     0.307733753     1.857935181     0.013836537
     2.200000000     0.336518771     1.863218755     0.014063660
     2.210000000     0.366586654     1.868063686     0.014253058
     2.220000000     0.397797844     1.872366015     0.014403310
     2.230000000     0.429984544     1.876005283     0.014513350
     2.240000000     0.462951052     1.878841570     0.014582482
     2.250000000     0.496474740     1.880712101     0.014610380
     2.260000000     0.530307721     1.881427564     0.014597097
     2.270000000     0.564179212     1.880768570     0.014543055
     2.280000000     0.597798587     1.878483021     0.014449032
     2.290000000     0.630859092     1.874285578     0.014316146
     2.300000000     0.663042173     1.867860709     0.014145831
     2.310000000     0.694022337     1.858870923     0.013939812
     2.320000000     0.723472456     1.846971609     0.013700071
     2.330000000     0.751069397     1.831833327     0.013428813
     2.340000000     0.776499841     1.813171421     0.013128434
     2.350000000     0.799466161     1.790781455     0.012801480
     2.360000000     0.819692193     1.764577348     0.012450613
     2.370000000     0.836928750     1.734627429     0.012078573
     2.380000000     0.850958726     1.701182449     0.011688144
     2.390000000     0.861601648     1.664689380     0.011282122
     2.400000000     0.868717530     1.625785934     0.010863283
     2.410000000     0.872209937     1.585273404     0.010434358
     2.420000000     0.872028140     1.544069089     0.009998009
     2.430000000     0.868168320     1.503143547     0.009556807
     2.440000000     0.860673761     1.463451033     0.009113216
     2.450000000     0.849634045     1.425862887     0.008669579
     2.460000000     0.835183249     1.391112829     0.008228108
     2.470000000     0.817497219     1.359760390     0.007790873
     2.480000000     0.796789977     1.332174928     0.007359802
     2.490000000     0.773309384     1.308538980     0.006936675
     2.500000000     0.747332176     1.288867023     0.006523123
     2.510000000     0.719158510     1.273034338     0.006120629
     2.520000000     0.689106176     1.260810615     0.005730530
     2.530000000     0.657504635     1.251893768     0.005354020
     2.540000000     0.624689034     1.245940626     0.004992154
     2.550000000     0.590994350     1.242592550     0.004645849
     2.560000000     0.556749813     1.241495174     0.004315895
     2.570000000     0.522273720     1.242312372     0.004002951
     2.580000000     0.487868764     1.244735130     0.003707558
     2.590000000     0.453817955     1.248486261     0.003430139
     2.600000000     0.420381202     1.253322009     0.003171006
     2.610000000     0.387792601     1.259031455     0.002930365
     2.620000000     0.356258440     1.265434528     0.002708320
     2.630000000     0.325955931     1.272379217     0.002504881
     2.640000000     0.297032625     1.279738434     0.002319971
     2.650000000     0.269606489     1.287406824     0.002153427
     2.660000000     0.243766576     1.295297704     0.002005014
     2.670000000     0.219574221     1.303340253     0.001874427
     2.680000000     0.197064681     1.311476991     0.001761301
     2.690000000     0.176249153     1.319661562     0.001665220
     2.700000000     0.157117060     1.327856818     0.001585726
     2.710000000     0.139638540     1.336033174     0.001522325
     2.720000000     0.123767049     1.344167209     0.001474504
     2.730000000     0.109442010     1.352240480     0.001441733
     2.740000000     0.096591432     1.360238531     0.001423483
     2.750000000     0.085134442     1.368150052     0.001419233
     2.760000000     0.074983697     1.375966191     0.001428483
     2.770000000     0.066047607     1.383679986     0.001450762
     2.780000000     0.058232376     1.391285913     0.001485643
     2.790000000     0.051443808     1.398779546     0.001532752
     2.800000000     0.045588891     1.406157326     0.001591776
     2.810000000     0.040577145     1.413416435     0.001662474
     2.820000000     0.036321737     1.420554787     0.001744687
     2.830000000     0.032740379     1.427571124     0.001838344
     2.840000000     0.029756013     1.434465211     0.001943465
     2.850000000     0.027297309     1.441238109     0.002060172
     2.860000000     0.025298991     1.447892506     0.002188687
     2.870000000     0.023702004     1.454433049     0.002329335
     2.880000000     0.022453559     1.460866657     0.002482547
     2.890000000     0.021507056     1.467202725     0.002648853
     2.900000000     0.020821924     1.473453198     0.002828878
     2.910000000     0.020363381     1.479632417     0.003023341
     2.920000000     0.020102143     1.485756720     0.003233043
     2.930000000     0.020014082     1.491843753     0.003458858
     2.940000000     0.020079872     1.497911548     0.003701722
     2.950000000     0.020284604     1.503977468     0.003962621
     2.960000000     0.020617408     1.510057170     0.004242576
     2.970000000     0.021071074     1.516163752     0.004542625
     2.980000000     0.021641692     1.522307219     0.004863813
     2.990000000     0.022328306     1.528494305     0.005207170
     3.000000000     0.023132598     1.534728635     0.005573693
     3.010000000     0.024058600     1.541011128     0.005964335
     3.020000000     0.025112445     1.547340528     0.006379983
     3.030000000     0.026302143     1.553713946     0.006821443
     3.040000000     0.027637407     1.560127327     0.007289429
     3.050000000     0.029129508     1.566575800     0.007784543
     3.060000000     0.030791167     1.573053881     0.008307270
     3.070000000     0.032636481     1.579555551     0.008857966
     3.080000000     0.034680875     1.586074234     0.009436850
     3.090000000     0.036941078     1.592602714     0.010044000
     3.100000000     0.039435116     1.599133038     0.010679353
     3.110000000     0.042182309     1.605656424     0.011342704
     3.120000000     0.045203265     1.612163253     0.012033711
     3.130000000     0.048519863     1.618643148     0.012751901
     3.140000000     0.052155208     1.625085220     0.013496680
     3.150000000     0.056133553     1.631478502     0.014267347
     3.160000000     0.060480170     1.637812596     0.015063104
     3.170000000     0.065221163     1.644078527     0.015883077
     3.180000000     0.070383208     1.650269728     0.016726330
     3.190000000     0.075993227     1.656383048     0.017591882
     3.200000000     0.082077967     1.662419594     0.018478731
     3.210000000     0.088663498     1.668385232     0.019385865
     3.220000000     0.095774632     1.674290574     0.020312284
     3.230000000     0.103434249     1.680150336     0.021257010
     3.240000000     0.111662562     1.685982076     0.022219102
     3.250000000     0.120476314     1.691804378     0.023197667
     3.260000000     0.129887930     1.697634640     0.024191860
     3.270000000     0.139904654     1.703486658     0.025200891
     3.280000000     0.150527673     1.709368192     0.026224020
     3.290000000     0.161751281     1.715278703     0.027260548
     3.300000000     0.173562090     1.721207398     0.028309812
     3.310000000     0.185938334     1.727131706     0.029371164
     3.320000000     0.198849284     1.733016244     0.030443956
     3.330000000     0.212254816     1.738812258     0.031527519
     3.340000000     0.226105156     1.744457526     0.032621139
     3.350000000     0.240340821     1.749876608     0.033724034
     3.360000000     0.254892784     1.754981393     0.034835328
     3.370000000     0.269682872     1.759671903     0.035954033
     3.380000000     0.284624413     1.763837433     0.037079020
     3.390000000     0.299623127     1.767358198     0.038209011
     3.400000000     0.314578251     1.770107819     0.039342558
     3.410000000     0.329383894     1.771957035     0.040478038
     3.420000000     0.343930598     1.772779029     0.041613648
     3.430000000     0.358107060     1.772456623     0.042747412
     3.440000000     0.371802005     1.770891266     0.043877183
     3.450000000     0.384906143     1.768013335     0.045000668
     3.460000000     0.397314177     1.763792693     0.046115439
     3.470000000     0.408926814     1.758247997     0.047218970
     3.480000000     0.419652710     1.751452985     0.048308659
     3.490000000     0.429410326     1.743538076     0.049381869
     3.500000000     0.438129616     1.734686245     0.050435964
     3.510000000     0.445753523     1.725123120     0.051468346
     3.520000000     0.452239229     1.715102445     0.052476496
     3.530000000     0.457559130     1.704889020     0.053458009
     3.540000000     0.461701508     1.694741705     0.054410633
     3.550000000     0.464670880     1.684898832     0.055332296
     3.560000000     0.466488015     1.675567587     0.056221136
     3.570000000     0.467189619     1.666917917     0.057075521
     3.580000000     0.466827697     1.659080583     0.057894068
     3.590000000     0.465468602     1.652148495     0.058675647
     3.600000000     0.463191807     1.646180308     0.059419393
     3.610000000     0.460088431     1.641205398     0.060124699
     3.620000000     0.456259546     1.637229534     0.060791213
     3.630000000     0.451814318     1.634240652     0.061418824
     3.640000000     0.446868029     1.632214184     0.062007655
     3.650000000     0.441540024     1.631117415     0.062558042
     3.660000000     0.435951627     1.630912425     0.063070518
     3.670000000     0.430224086     1.631557429     0.063545804
     3.680000000     0.424476577     1.633006643     0.063984790
     3.690000000     0.418824319     1.635209119     0.064388529
     3.700000000     0.413376836     1.638107220     0.064758229
     3.710000000     0.408236389     1.641635374     0.065095255
     3.720000000     0.403496621     1.645719664     0.065401136
     3.730000000     0.399241412     1.650278466     0.065677574
     3.740000000     0.395543984     1.655224123     0.065926468
     3.750000000     0.392466243     1.660465385     0.066149934
     3.760000000     0.390058373     1.665910261     0.066350338
     3.770000000     0.388358666     1.671468918     0.066530333
     3.780000000     0.387393597     1.677056344     0.066692893
     3.790000000     0.387178111     1.682594586     0.066841358
     3.800000000     0.387716115     1.688014478     0.066979470
     3.810000000     0.389001157     1.693256819     0.067111414
     3.820000000     0.391017257     1.698273037     0.067241851
     3.830000000     0.393739874     1.703025331     0.067375945
     3.840000000     0.397136978     1.707486324     0.067519380
     3.850000000     0.401170200     1.711638208     0.067678373
     3.860000000     0.405796031     1.715471334     0.067859665
     3.870000000     0.410967042     1.718982233     0.068070505
     3.880000000     0.416633103     1.722171122     0.068318616
     3.890000000     0.422742568     1.725039101     0.068612144
     3.900000000     0.429243418     1.727585461     0.068959590
     3.910000000     0.436084318     1.729805697     0.069369729
     3.920000000     0.443215601     1.731690900     0.069851510
     3.930000000     0.450590139     1.733229125     0.070413935
     3.940000000     0.458164104     1.734409021     0.071065940
     3.950000000     0.465897614     1.735225510     0.071816246
     3.960000000     0.473755249     1.735686654     0.072673218
     3.970000000     0.481706453     1.735820215     0.073644703
     3.980000000     0.489725809     1.735678070     0.074737877
     3.990000000     0.497793209     1.735336794     0.075959089
     4.000000000     0.505893921     1.734893414     0.077313705
     4.010000000     0.514018561     1.734456589     0.078805968
     4.020000000     0.522162994     1.734134668     0.080438863
     4.030000000     0.530328163     1.734022967     0.082214002
     4.040000000     0.538519876     1.734192696     0.084131524
     4.050000000     0.546748542     1.734683385     0.086190018
     4.060000000     0.555028891     1.735499603     0.088386469
     4.070000000     0.563379671     1.736611757     0.090716231
     4.080000000     0.571823327     1.737960026     0.093173021
     4.090000000     0.580385679     1.739460347     0.095748947
     4.100000000     0.589095581     1.741011514     0.098434561
     4.110000000     0.597984568     1.742502865     0.101218936
     4.120000000     0.607086485     1.743822341     0.104089769
     4.130000000     0.616437080     1.744864842     0.107033514
     4.140000000     0.626073560     1.745540684     0.110035524
     4.150000000     0.636034088     1.745783679     0.113080226
     4.160000000     0.646357223     1.745558059     0.116151298
     4.170000000     0.657081278     1.744863267     0.119231865
     4.180000000     0.668243599     1.743735689     0.122304706
     4.190000000     0.679879761     1.742246672     0.125352458
     4.200000000     0.692022670     1.740496712     0.128357825
     4.210000000     0.704701604     1.738606251     0.131303790
     4.220000000     0.717941170     1.736704058     0.134173809
     4.230000000     0.731760239     1.734914510     0.136952005
     4.240000000     0.746170845     1.733345242     0.139623351
     4.250000000     0.761177111     1.732076461     0.142173830
     4.260000000     0.776774224     1.731152945     0.144590585
     4.270000000     0.792947509     1.730579215     0.146862051
     4.280000000     0.809671628     1.730317920     0.148978062
     4.290000000     0.826909980     1.730291039     0.150929939
     4.300000000     0.844614305     1.730383268     0.152710563
     4.310000000     0.862724562     1.730446916     0.154314413
     4.320000000     0.881169095     1.730307716     0.155737594
     4.330000000     0.899865110     1.729771128     0.156977839
     4.340000000     0.918719490     1.728628855     0.158034488
     4.350000000     0.937629924     1.726665427     0.158908452
     4.360000000     0.956486371     1.723664837     0.159602156
     4.370000000     0.975172803     1.719417362     0.160119464
     4.380000000     0.993569216     1.713726831     0.160465586
     4.390000000     1.011553835     1.706418719     0.160646978
     4.400000000     1.029005481     1.697349393     0.160671224
     4.410000000     1.045806002     1.686416560     0.160546905
     4.420000000     1.061842724     1.673570587     0.160283466
     4.430000000     1.077010810     1.658825805     0.159891072
     4.440000000     1.091215478     1.642270386     0.159380458
     4.450000000     1.104373986     1.624072988     0.158762781
     4.460000000     1.116417313     1.604484215     0.158049466
     4.470000000     1.127291484     1.583831158     0.157252056
     4.480000000     1.136958484     1.562503991     0.156382065
     4.490000000     1.145396723     1.540934674     0.155450839
     4.500000000     1.152601037     1.519569245     0.154469415
     4.510000000     1.158582219     1.498836493     0.153448399
     4.520000000     1.163366095     1.479116825     0.152397845
     4.530000000     1.166992171     1.460715374     0.151327157
     4.540000000     1.169511906     1.443842837     0.150244991
     4.550000000     1.170986661     1.428606285     0.149159178
     4.560000000     1.171485400     1.415010474     0.148076664
     4.570000000     1.171082218     1.402968564     0.147003456
     4.580000000     1.169853795     1.392319808     0.145944597
     4.590000000     1.167876839     1.382851116     0.144904144
     4.600000000     1.165225634     1.374319361     0.143885170
     4.610000000     1.161969748     1.366471839     0.142889780
     4.620000000     1.158171992     1.359063202     0.141919143
     4.630000000     1.153886692     1.351868048     0.140973532
     4.640000000     1.149158315     1.344689130     0.140052393
     4.650000000     1.144020503     1.337361500     0.139154405
     4.660000000     1.138495524     1.329753145     0.138277576
     4.670000000     1.132594154     1.321762721     0.137419326
     4.680000000     1.126315979     1.313315252     0.136576594
     4.690000000     1.119650099     1.304356926     0.135745948
     4.700000000     1.112576182     1.294850419     0.134923693
     4.710000000     1.105065851     1.284772183     0.134105994
     4.720000000     1.097084310     1.274112697     0.133288990
     4.730000000     1.088592177     1.262879813     0.132468913
     4.740000000     1.079547441     1.251104275     0.131642200
     4.750000000     1.069907471     1.238845586     0.130805603
     4.760000000     1.059631024     1.226196048     0.129956292
     4.770000000     1.048680174     1.213281115     0.129091948
     4.780000000     1.037022103     1.200255184     0.128210847
     4.790000000     1.024630712     1.187293195     0.127311928
     4.800000000     1.011488003     1.174579471     0.126394856
     4.810000000     0.997585192     1.162295756     0.125460065
     4.820000000     0.982923544     1.150610339     0.124508783
     4.830000000     0.967514907     1.139669565     0.123543052
     4.840000000     0.951381944     1.129592382     0.122565721
     4.850000000     0.934558076     1.120468009     0.121580429
     4.860000000     0.917087144     1.112356429     0.120591575
     4.870000000     0.899022820     1.105291179     0.119604272
     4.880000000     0.880427801     1.099283694     0.118624282
     4.890000000     0.861372807     1.094328334     0.117657951
     4.900000000     0.841935436     1.090407232     0.116712126
     4.910000000     0.822198913     1.087494363     0.115794063
     4.920000000     0.802250765     1.085558597     0.114911335
     4.930000000     0.782181477     1.084565893     0.114071734
     4.940000000     0.762083151     1.084480943     0.113283165
     4.950000000     0.742048215     1.085268465     0.112553553
     4.960000000     0.722168201     1.086894085     0.111890740
     4.970000000     0.702532633     1.089324495     0.111302396
     4.980000000     0.683228022     1.092526576     0.110795933
     4.990000000     0.664337009     1.096465427     0.110378426
     5.000000000     0.645937644     1.101101696     0.110056550
     5.010000000     0.628102820     1.106389009     0.109836524
     5.020000000     0.610899855     1.112272458     0.109724066
     5.030000000     0.594390218     1.118688913     0.109724364
     5.040000000     0.578629391     1.125569455     0.109842064
     5.050000000     0.563666861     1.132843626     0.110081259
     5.060000000     0.549546219     1.140444716     0.110445505
     5.070000000     0.536305361     1.148314972     0.110937839
     5.080000000     0.523976771     1.156409677     0.111560813
     5.090000000     0.512587867     1.164699321     0.112316535
     5.100000000     0.502161405     1.173169520     0.113206720
     5.110000000     0.492715910     1.181818900     0.114232744
     5.120000000     0.484266142     1.190655491     0.115395703
     5.130000000     0.476823567     1.199692386     0.116696478
     5.140000000     0.470396827     1.208943364     0.118135791
     5.150000000     0.464992213     1.218418945     0.119714266
     5.160000000     0.460614117     1.228123150     0.121432481
     5.170000000     0.457265464     1.238051037     0.123291015
     5.180000000     0.454948125     1.248187052     0.125290485
     5.190000000     0.453663296     1.258504238     0.127431574
     5.200000000     0.453411850     1.268964389     0.129715047
     5.210000000     0.454194647     1.279519254     0.132141758
     5.220000000     0.456012810     1.290112796     0.134712637
     5.230000000     0.458867954     1.300684374     0.137428675
     5.240000000     0.462762362     1.311172554     0.140290888
     5.250000000     0.467699113     1.321519051     0.143300275
     5.260000000     0.473682134     1.331672251     0.146457766
     5.270000000     0.480716194     1.341589782     0.149764159
     5.280000000     0.488806812     1.351239765     0.153220052
     5.290000000     0.497960081     1.360600642     0.156825775
     5.300000000     0.508182400     1.369659782     0.160581311
     5.310000000     0.519480108     1.378411285     0.164486231
     5.320000000     0.531859015     1.386853546     0.168539614
     5.330000000     0.545323831     1.394987081     0.172739994
     5.340000000     0.559877497     1.402812996     0.177085291
     5.350000000     0.575520422     1.410332264     0.181572773
     5.360000000     0.592249634     1.417545786     0.186199013
     5.370000000     0.610057871     1.424454989     0.190959863
     5.380000000     0.628932620     1.431062582     0.195850446
     5.390000000     0.648855130     1.437372940     0.200865150
     5.400000000     0.669799438     1.443391546     0.205997645
     5.410000000     0.691731426     1.449123027     0.211240905
     5.420000000     0.714607951     1.454567548     0.216587247
     5.430000000     0.738376085     1.459715769     0.222028374
     5.440000000     0.762972495     1.464542955     0.227555431
     5.450000000     0.788322996     1.469003216     0.233159069
     5.460000000     0.814342327     1.473024962     0.238829505
     5.470000000     0.840934148     1.476508548     0.244556596
     5.480000000     0.867991304     1.479326759     0.250329908
     5.490000000     0.895396360     1.481328281     0.256138782
     5.500000000     0.923022418     1.482343882     0.261972404
     5.510000000     0.950734204     1.482194601     0.267819868
     5.520000000     0.978389429     1.480701130     0.273670230
     5.530000000     1.005840389     1.477693535     0.279512565
     5.540000000     1.032935779     1.473020694     0.285336010
     5.550000000     1.059522686     1.466559063     0.291129805
     5.560000000     1.085448702     1.458220647     0.296883329
     5.570000000     1.110564122     1.447960105     0.302586129
     5.580000000     1.134724157     1.435780815     0.308227941
     5.590000000     1.157791105     1.421739479     0.313798718
     5.600000000     1.179636431     1.405948552     0.319288644
     5.610000000     1.200142682     1.388575706     0.324688154
     5.620000000     1.219205208     1.369839698     0.329987955
     5.630000000     1.236733610     1.350002462     0.335179046
     5.640000000     1.252652918     1.329357821     0.340252739
     5.650000000     1.266904430     1.308217680     0.345200689
     5.660000000     1.279446221     1.286896857     0.350014927
     5.670000000     1.290253307     1.265697746     0.354687895
     5.680000000     1.299317465     1.244895891     0.359212493
     5.690000000     1.306646730     1.224727421     0.363582124
     5.700000000     1.312264589     1.205379188     0.367790751
     5.710000000     1.316208919     1.186982436     0.371832954
     5.720000000     1.318530695     1.169610648     0.375703997
     5.730000000     1.319292529     1.153281954     0.379399890
     5.740000000     1.318567086     1.137965916     0.382917458
     5.750000000     1.316435437     1.123593876     0.386254409
     5.760000000     1.312985383     1.110071462     0.389409402
     5.770000000     1.308309829     1.097291435     0.392382107
     5.780000000     1.302505221     1.085145069     0.395173263
     5.790000000     1.295670106     1.073530622     0.397784734
     5.800000000     1.287903840     1.062358209     0.400219545
     5.810000000     1.279305460     1.051551255     0.402481917
     5.820000000     1.269972738     1.041045573     0.404577287
     5.830000000     1.260001426     1.030787592     0.406512314
     5.840000000     1.249484674     1.020733267     0.408294875
     5.850000000     1.238512629     1.010848698     0.409934034
     5.860000000     1.227172174     1.001112674     0.411440014
     5.870000000     1.215546804     0.991520509     0.412824133
     5.880000000     1.203716598     0.982087930     0.414098738
     5.890000000     1.191758267     0.972853665     0.415277116
     5.900000000     1.179745237     0.963879578     0.416373394
     5.910000000     1.167747759     0.955247801     0.417402421
     5.920000000     1.155833002     0.947054944     0.418379641
     5.930000000     1.144065112     0.939404055     0.419320950
     5.940000000     1.132505234     0.932395396     0.420242551
     5.950000000     1.121211465     0.926117252     0.421160794
     5.960000000     1.110238759     0.920637884     0.422092014
     5.970000000     1.099638755     0.915999454     0.423052367
     5.980000000     1.089459561     0.912214397     0.424057665
     5.990000000     1.079745493     0.909264311     0.425123208
     6.000000000     1.070536778     0.907101177     0.426263628
     6.010000000     1.061869258     0.905650500     0.427492734
     6.020000000     1.053774089     0.904815883     0.428823363
     6.030000000     1.046277478     0.904484513     0.430267248
     6.040000000     1.039400463     0.904533048     0.431834891
     6.050000000     1.033158758     0.904833509     0.433535455
     6.060000000     1.027562676     0.905258868     0.435376666
     6.070000000     1.022617141     0.905688145     0.437364733
     6.080000000     1.018321797     0.906010969     0.439504287
     6.090000000     1.014671217     0.906131556     0.441798330
     6.100000000     1.011655200     0.905972041     0.444248214
     6.110000000     1.009259166     0.905474982     0.446853626
     6.120000000     1.007464623     0.904604767     0.449612597
     6.130000000     1.006249701     0.903347705     0.452521533
     6.140000000     1.005589729     0.901710669     0.455575258
     6.150000000     1.005457847     0.899718439     0.458767075
     6.160000000     1.005825622     0.897410073     0.462088851
     6.170000000     1.006663660     0.894834754     0.465531112
     6.180000000     1.007942180     0.892047524     0.469083157
     6.190000000     1.009631558     0.889105170     0.472733187
     6.200000000     1.011702798     0.886062389     0.476468447
     6.210000000     1.014127944     0.882968242     0.480275378
     6.220000000     1.016880413     0.879862963     0.484139787
     6.230000000     1.019935240     0.876775279     0.488047018
     6.240000000     1.023269255     0.873720541     0.491982133
     6.250000000     1.026861167     0.870700018     0.495930100
     6.260000000     1.030691586     0.867701629     0.499875979
     6.270000000     1.034742979     0.864702170     0.503805111
     6.280000000     1.038999575     0.861670784     0.507703301
     6.290000000     1.043447225     0.858573090     0.511556994
     6.300000000     1.048073243     0.855375231     0.515353446
     6.310000000     1.052866233     0.852047040     0.519080875
     6.320000000     1.057815912     0.848563809     0.522728607
     6.330000000     1.062912951     0.844906453     0.526287189
     6.340000000     1.068148839     0.841060331     0.529748494
     6.350000000     1.073515774     0.837013260     0.533105792
     6.360000000     1.079006597     0.832753425     0.536353803
     6.370000000     1.084614765     0.828267838     0.539488713
     6.380000000     1.090334362     0.823541805     0.542508168
     6.390000000     1.096160155     0.818559584     0.545411233
     6.400000000     1.102087677     0.813306087     0.548198322
     6.410000000     1.108113343     0.807769201     0.550871097
     6.420000000     1.114234578     0.801942093     0.553432338
     6.430000000     1.120449952     0.795824829     0.555885783
     6.440000000     1.126759307     0.789424792     0.558235946
     6.450000000     1.133163861     0.782755674     0.560487908
     6.460000000     1.139666282     0.775835221     0.562647089
     6.470000000     1.146270710     0.768682221     0.564719006
     6.480000000     1.152982716     0.761313455     0.566709018
     6.490000000     1.159809194     0.753741362     0.568622061
     6.500000000     1.166758166     0.745972970     0.570462385
     6.510000000     1.173838507     0.738010402     0.572233292
     6.520000000     1.181059566     0.729852857     0.573936881
     6.530000000     1.188430705     0.721499610     0.575573810
     6.540000000     1.195960743     0.712953301     0.577143066
     6.550000000     1.203657314     0.704222649     0.578641773
     6.560000000     1.211526152     0.695323771     0.580065013
     6.570000000     1.219570315     0.686279587     0.581405690
     6.580000000     1.227789362     0.677117107     0.582654420
     6.590000000     1.236178502     0.667862947     0.583799470
     6.600000000     1.244727743     0.658537724     0.584826723
     6.610000000     1.253421051     0.649150305     0.585719707
     6.620000000     1.262235562     0.639692853     0.586459643
     6.630000000     1.271140854     0.630137482     0.587025564
     6.640000000     1.280098321     0.620434998     0.587394455
     6.650000000     1.289060661     0.610515856     0.587541452
     6.660000000     1.297971504     0.600293184     0.587440074
     6.670000000     1.306765212     0.589667476     0.587062501
     6.680000000     1.315366851     0.578532455     0.586379876
     6.690000000     1.323692359     0.566781511     0.585362652
     6.700000000     1.331648923     0.554314111     0.583980958
     6.710000000     1.339135562     0.541041609     0.582204985
     6.720000000     1.346043922     0.526891964     0.580005395
     6.730000000     1.352259276     0.511813029     0.577353734
     6.740000000     1.357661725     0.495774270     0.574222850
     6.750000000     1.362127570     0.478766926     0.570587311
     6.760000000     1.365530856     0.460802809     0.566423809
     6.770000000     1.367745049     0.441912002     0.561711551
     6.780000000     1.368644822     0.422139842     0.556432628
     6.790000000     1.368107920     0.401543623     0.550572350
     6.800000000     1.366017067     0.380189559     0.544119558
     6.810000000     1.362261883     0.358150523     0.537066883
     6.820000000     1.356740773     0.335504981     0.529410970
     6.830000000     1.349362743     0.312337333     0.521152657
     6.840000000     1.340049118     0.288739518     0.512297092
     6.850000000     1.328735120     0.264813463     0.502853805
     6.860000000     1.315371271     0.240673666     0.492836730
     6.870000000     1.299924594     0.216449166     0.482264158
     6.880000000     1.282379592     0.192284213     0.471158651
     6.890000000     1.262738967     0.168337190     0.459546894
     6.900000000     1.241024075     0.144777652     0.447459495
     6.910000000     1.217275107     0.121781728     0.434930745
     6.920000000     1.191550972     0.099526376     0.421998325
     6.930000000     1.163928906     0.078183275     0.408702978
     6.940000000     1.134503791     0.057913157     0.395088143
     6.950000000     1.103387209     0.038861386     0.381199558
     6.960000000     1.070706237     0.021155264     0.367084844
     6.970000000     1.036602013     0.004903219     0.352793060
     6.980000000     1.001228092    -0.009804467     0.338374258
     6.990000000     0.964748627    -0.022894092     0.323879019
     7.000000000     0.927336403    -0.034307001     0.309357998
     7.010000000     0.889170764    -0.043998858     0.294861470
     7.020000000     0.850435470    -0.051940131     0.280438885
     7.030000000     0.811316517    -0.058117703     0.266138447
     7.040000000     0.771999969    -0.062537060     0.252006706
     7.050000000     0.732669826    -0.065224252     0.238088183
     7.060000000     0.693505978    -0.066226902     0.224425023
     7.070000000     0.654682264    -0.065613755     0.211056682
     7.080000000     0.616364682    -0.063472715     0.198019653
     7.090000000     0.578709766    -0.059907617     0.185347235
     7.100000000     0.541863149    -0.055034211     0.173069332
     7.110000000     0.505958349    -0.048975907     0.161212317
     7.120000000     0.471115767    -0.041859719     0.149798917
     7.130000000     0.437441923    -0.033812744     0.138848158
     7.140000000     0.405028922    -0.024959318     0.128375350
     7.150000000     0.373954161    -0.015418867     0.118392110
     7.160000000     0.344280251    -0.005304398     0.108906430
     7.170000000     0.316055162     0.005278494     0.099922782
     7.180000000     0.289312573     0.016232214     0.091442258
     7.190000000     0.264072393     0.027467444     0.083462745
     7.200000000     0.240341460     0.038903227     0.075979118
     7.210000000     0.218114369     0.050466895     0.068983473
     7.220000000     0.197374422     0.062093922     0.062465365
     7.230000000     0.178094673     0.073727700     0.056412071
     7.240000000     0.160239029     0.085319272     0.050808858
     7.250000000     0.143763410     0.096827013     0.045639262
     7.260000000     0.128616910     0.108216260     0.040885362
     7.270000000     0.114742974     0.119458899     0.036528062
     7.280000000     0.102080535     0.130532888     0.032547358
     7.290000000     0.090565121     0.141421723     0.028922597
     7.300000000     0.080129904     0.152113828     0.025632729
     7.310000000     0.070706673     0.162601873     0.022656534
     7.320000000     0.062226737     0.172882033     0.019972838
     7.330000000     0.054621734     0.182953220     0.017560709
     7.340000000     0.047824349     0.192816339     0.015399627
     7.350000000     0.041768937     0.202473621     0.013469637
     7.360000000     0.036392053     0.211928082     0.011751478
     7.370000000     0.031632881     0.221183124     0.010226692
     7.380000000     0.027433583     0.230242293     0.008877707
     7.390000000     0.023739552     0.239109146     0.007687904
     7.400000000     0.020499590     0.247787210     0.006641664
     7.410000000     0.017666016     0.256280001     0.005724392
     7.420000000     0.015194705     0.264591050     0.004922532
     7.430000000     0.013045071     0.272723944     0.004223562
     7.440000000     0.011180002     0.280682348     0.003615979
     7.450000000     0.009565753     0.288470023     0.003089270
     7.460000000     0.008171807     0.296090820     0.002633876
     7.470000000     0.006970713     0.303548673     0.002241154
     7.480000000     0.005937898     0.310847578     0.001903318
     7.490000000     0.005051473     0.317991576     0.001613394
     7.500000000     0.004292034     0.324984722     0.001365163
     7.510000000     0.003642448     0.331831071     0.001153100
     7.520000000     0.003087658     0.338534652     0.000972321
     7.530000000     0.002614483     0.345099451     0.000818524
     7.540000000     0.002211422     0.351529396     0.000687938
     7.550000000     0.001868484     0.357828342     0.000577267
     7.560000000     0.001577011     0.364000064     0.000483641
     7.570000000     0.001329525     0.370048248     0.000404570
     7.580000000     0.001119584     0.375976484     0.000337901
     7.590000000     0.000941654     0.381788261     0.000281779
     7.600000000     0.000790989     0.387486970     0.000234609
     7.610000000     0.000663525     0.393075894     0.000195021
     7.620000000     0.000555791     0.398558216     0.000161848
     7.630000000     0.000464822     0.403937016     0.000134091
     7.640000000     0.000388093     0.409215270     0.000110901
     7.650000000     0.000323448     0.414395855     0.000091555
     7.660000000     0.000269055     0.419481550     0.000075441
     7.670000000     0.000223351     0.424475039     0.000062042
     7.680000000     0.000185008     0.429378913     0.000050918
     7.690000000     0.000152895     0.434195671     0.000041699
     7.700000000     0.000126048     0.438927727     0.000034073
     7.710000000     0.000103650     0.443577408     0.000027777
     7.720000000     0.000085004     0.448146961     0.000022589
     7.730000000     0.000069517     0.452638554     0.000018324
     7.740000000     0.000056685     0.457054280     0.000014825
     7.750000000     0.000046083     0.461396157     0.000011961
     7.760000000     0.000037347     0.465666134     0.000009624
     7.770000000     0.000030169     0.469866094     0.000007720
     7.780000000     0.000024290     0.473997851     0.000006175
     7.790000000     0.000019490     0.478063160     0.000004923
     7.800000000     0.000015584     0.482063716     0.000003913
     7.810000000     0.000012416     0.486001155     0.000003100
     7.820000000     0.000009857     0.489877058     0.000002448
     7.830000000     0.000007796     0.493692954     0.000001926
     7.840000000     0.000006143     0.497450319     0.000001510
     7.850000000     0.000004822     0.501150582     0.000001180
     7.860000000     0.000003770     0.504795124     0.000000919
     7.870000000     0.000002936     0.508385282     0.000000713
     7.880000000     0.000002278     0.511922347     0.000000551
     7.890000000     0.000001760     0.515407571     0.000000424
     7.900000000     0.000001354     0.518842165     0.000000325
     7.910000000     0.000001038     0.522227301     0.000000248
     7.920000000     0.000000792     0.525564114     0.000000189
     7.930000000     0.000000602     0.528853705     0.000000143
     7.940000000     0.000000456     0.532097140     0.000000108
     7.950000000     0.000000344     0.535295450     0.000000081
     7.960000000     0.000000258     0.538449638     0.000000061
     7.970000000     0.000000193     0.541560674     0.000000045
     7.980000000     0.000000144     0.544629499     0.000000034
     7.990000000     0.000000106     0.547657028     0.000000025
     8.000000000     0.000000078     0.550644145     0.000000018
     8.010000000     0.000000058     0.553591711     0.000000013
     8.020000000     0.000000042     0.556500562     0.000000010
     8.030000000     0.000000031     0.559371507     0.000000007
     8.040000000     0.000000022     0.562205333     0.000000005
     8.050000000     0.000000016     0.565002807     0.000000004
     8.060000000     0.000000012     0.567764670     0.000000003
     8.070000000     0.000000008     0.570491644     0.000000002
     8.080000000     0.000000006     0.573184433     0.000000001
     8.090000000     0.000000004     0.575843717     0.000000001
     8.100000000     0.000000003     0.578470161     0.000000001
     8.110000000     0.000000002     0.581064409     0.000000000
     8.120000000     0.000000001     0.583627091     0.000000000
     8.130000000     0.000000001     0.586158817     0.000000000
     8.140000000     0.000000001     0.588660181     0.000000000
     8.150000000     0.000000000     0.591131762     0.000000000
     8.160000000     0.000000000     0.593574125     0.000000000
     8.170000000     0.000000000     0.595987817     0.000000000
     8.180000000     0.000000000     0.598373374     0.000000000
     8.190000000     0.000000000     0.600731316     0.000000000
     8.200000000     0.000000000     0.603062150     0.000000000
     8.210000000     0.000000000     0.605366371     0.000000000
     8.220000000     0.000000000     0.607644462     0.000000000
     8.230000000     0.000000000     0.609896891     0.000000000
     8.240000000     0.000000000     0.612124117     0.000000000
     8.250000000     0.000000000     0.614326588     0.000000000
     8.260000000     0.000000000     0.616504738     0.000000000
     8.270000000     0.000000000     0.618658994     0.000000000
     8.280000000     0.000000000     0.620789769     0.000000000
     8.290000000     0.000000000     0.622897470     0.000000000
     8.300000000     0.000000000     0.624982491     0.000000000
     8.310000000     0.000000000     0.627045218     0.000000000
     8.320000000     0.000000000     0.629086029     0.000000000
     8.330000000     0.000000000     0.631105290     0.000000000
     8.340000000     0.000000000     0.633103361     0.000000000
     8.350000000     0.000000000     0.635080595     0.000000000
     8.360000000     0.000000000     0.637037332     0.000000000
     8.370000000     0.000000000     0.638973909     0.000000000
     8.380000000     0.000000000     0.640890653     0.000000000
     8.390000000     0.000000000     0.642787885     0.000000000
     8.400000000     0.000000000     0.644665917     0.000000000
     8.410000000     0.000000000     0.646525056     0.000000000
     8.420000000     0.000000000     0.648365600     0.000000000
     8.430000000     0.000000000     0.650187843     0.000000000
     8.440000000     0.000000000     0.651992070     0.000000000
     8.450000000     0.000000000     0.653778563     0.000000000
     8.460000000     0.000000000     0.655547595     0.000000000
     8.470000000     0.000000000     0.657299433     0.000000000
     8.480000000     0.000000000     0.659034342     0.000000000
     8.490000000     0.000000000     0.660752577     0.000000000
     8.500000000     0.000000000     0.662454390     0.000000000
     8.510000000     0.000000000     0.664140027     0.000000000
     8.520000000     0.000000000     0.665809730     0.000000000
     8.530000000     0.000000000     0.667463735     0.000000000
     8.540000000     0.000000000     0.669102273     0.000000000
     8.550000000     0.000000000     0.670725570     0.000000000
     8.560000000     0.000000000     0.672333849     0.000000000
     8.570000000     0.000000000     0.673927327     0.000000000
     8.580000000     0.000000000     0.675506217     0.000000000
     8.590000000     0.000000000     0.677070728     0.000000000
     8.600000000     0.000000000     0.678621065     0.000000000
     8.610000000     0.000000000     0.680157428     0.000000000
     8.620000000     0.000000000     0.681680015     0.000000000
     8.630000000     0.000000000     0.683189017     0.000000000
     8.640000000     0.000000000     0.684684625     0.000000000
     8.650000000     0.000000000     0.686167024     0.000000000
     8.660000000     0.000000000     0.687636396     0.000000000
     8.670000000     0.000000000     0.689092919     0.000000000
     8.680000000     0.000000000     0.690536769     0.000000000
     8.690000000     0.000000000     0.691968116     0.000000000
     8.700000000     0.000000000     0.693387131     0.000000000
     8.710000000     0.000000000     0.694793978     0.000000000
     8.720000000     0.000000000     0.696188819     0.000000000
     8.730000000     0.000000000     0.697571814     0.000000000
     8.740000000     0.000000000     0.698943120     0.000000000
     8.750000000     0.000000000     0.700302889     0.000000000
     8.760000000     0.000000000     0.701651273     0.000000000
     8.770000000     0.000000000     0.702988420     0.000000000
     8.780000000     0.000000000     0.704314476     0.000000000
     8.790000000     0.000000000     0.705629582     0.000000000
     8.800000000     0.000000000     0.706933879     0.000000000
     8.810000000     0.000000000     0.708227505     0.000000000
     8.820000000     0.000000000     0.709510596     0.000000000
     8.830000000     0.000000000     0.710783284     0.000000000
     8.840000000     0.000000000     0.712045700     0.000000000
     8.850000000     0.000000000     0.713297972     0.000000000
     8.860000000     0.000000000     0.714540226     0.000000000
     8.870000000     0.000000000     0.715772587     0.000000000
     8.880000000     0.000000000     0.716995176     0.000000000
     8.890000000     0.000000000     0.718208113     0.000000000
     8.900000000     0.000000000     0.719411516     0.000000000
     8.910000000     0.000000000     0.720605500     0.000000000
     8.920000000     0.000000000     0.721790180     0.000000000
     8.930000000     0.000000000     0.722965668     0.000000000
     8.940000000     0.000000000     0.724132073     0.000000000
     8.950000000     0.000000000     0.725289503     0.000000000
     8.960000000     0.000000000     0.726438066     0.000000000
     8.970000000     0.000000000     0.727577865     0.000000000
     8.980000000     0.000000000     0.728709005     0.000000000
     8.990000000     0.000000000     0.729831585     0.000000000
     9.000000000     0.000000000     0.730945707     0.000000000
