     0.000000000    -0.000000000     2.322309992     0.000000000
     0.010000000     0.000000000     2.322314592     0.000000000
     0.020000000     0.000000000     2.322328393     0.000000000
     0.030000000     0.000000000     2.322351396     0.000000000
     0.040000000     0.000000000     2.322383604     0.000000000
     0.050000000     0.000000000     2.322425019     0.000000000
     0.060000000     0.000000000     2.322475646     0.000000000
     0.070000000     0.000000000     2.322535490     0.000000000
     0.080000000     0.000000000     2.322604556     0.000000000
     0.090000000     0.000000000     2.322682852     0.000000000
     0.100000000     0.000000000     2.322770384     0.000000000
     0.110000000     0.000000000     2.322867163     0.000000000
     0.120000000     0.000000000     2.322973196     0.000000000
     0.130000000     0.000000000     2.323088495     0.000000000
     0.140000000     0.000000000     2.323213071     0.000000000
     0.150000000     0.000000000     2.323346936     0.000000000
     0.160000000     0.000000000     2.323490104     0.000000000
     0.170000000     0.000000000     2.323642589     0.000000000
     0.180000000     0.000000000     2.323804406     0.000000000
     0.190000000     0.000000000     2.323975571     0.000000000
     0.200000000     0.000000000     2.324156101     0.000000000
     0.210000000     0.000000000     2.324346014     0.000000000
     0.220000000     0.000000000     2.324545330     0.000000000
     0.230000000     0.000000000     2.324754067     0.000000000
     0.240000000     0.000000000     2.324972248     0.000000000
     0.250000000     0.000000000     2.325199894     0.000000000
     0.260000000     0.000000000     2.325437027     0.000000000
     0.270000000     0.000000000     2.325683673     0.000000000
     0.280000000     0.000000000     2.325939857     0.000000000
     0.290000000     0.000000000     2.326205603     0.000000000
     0.300000000     0.000000000     2.326480939     0.000000000
     0.310000000     0.000000000     2.326765894     0.000000000
     0.320000000     0.000000000     2.327060497     0.000000000
     0.330000000     0.000000000     2.327364778     0.000000000
     0.340000000     0.000000000     2.327678768     0.000000000
     0.350000000     0.000000000     2.328002501     0.000000000
     0.360000000     0.000000000     2.328336008     0.000000000
     0.370000000     0.000000000     2.328679327     0.000000000
     0.380000000     0.000000000     2.329032491     0.000000000
     0.390000000     0.000000000     2.329395540     0.000000000
     0.400000000     0.000000000     2.329768510     0.000000000
     0.410000000     0.000000000     2.330151441     0.000000000
     0.420000000     0.000000000     2.330544374     0.000000000
     0.430000000     0.000000000     2.330947351     0.000000000
     0.440000000     0.000000000     2.331360416     0.000000000
     0.450000000     0.000000000     2.331783611     0.000000000
     0.460000000     0.000000000     2.332216985     0.000000000
     0.470000000     0.000000000     2.332660582     0.000000000
     0.480000000     0.000000000     2.333114453     0.000000000
     0.490000000     0.000000000     2.333578646     0.000000000
     0.500000000     0.000000000     2.334053213     0.000000000
     0.510000000     0.000000000     2.334538206     0.000000000
     0.520000000     0.000000000     2.335033680     0.000000000
     0.530000000     0.000000000     2.335539689     0.000000000
     0.540000000     0.000000000     2.336056291     0.000000000
     0.550000000     0.000000000     2.336583544     0.000000000
     0.560000000     0.000000000     2.337121508     0.000000000
     0.570000000     0.000000000     2.337670244     0.000000000
     0.580000000     0.000000000     2.338229816     0.000000000
     0.590000000     0.000000000     2.338800289     0.000000000
     0.600000000     0.000000000     2.339381728     0.000000000
     0.610000000     0.000000000     2.339974202     0.000000000
     0.620000000     0.000000000     2.340577781     0.000000000
     0.630000000     0.000000000     2.341192536     0.000000000
     0.640000000     0.000000000     2.341818540     0.000000000
     0.650000000     0.000000000     2.342455869     0.000000000
     0.660000000     0.000000000     2.343104600     0.000000000
     0.670000000     0.000000000     2.343764811     0.000000000
     0.680000000     0.000000000     2.344436585     0.000000000
     0.690000000     0.000000000     2.345120002     0.000000000
     0.700000000     0.000000000     2.345815149     0.000000000
     0.710000000     0.000000000     2.346522113     0.000000000
     0.720000000     0.000000000     2.347240982     0.000000000
     0.730000000     0.000000000     2.347971848     0.000000000
     0.740000000     0.000000000     2.348714805     0.000000000
     0.750000000     0.000000000     2.349469949     0.000000000
     0.760000000     0.000000000     2.350237377     0.000000000
     0.770000000     0.000000000     2.351017190     0.000000000
     0.780000000     0.000000000     2.351809492     0.000000000
     0.790000000     0.000000000     2.352614387     0.000000000
     0.800000000     0.000000000     2.353431985     0.000000000
     0.810000000     0.000000000     2.354262396     0.000000000
     0.820000000     0.000000000     2.355105733     0.000000000
     0.830000000     0.000000000     2.355962112     0.000000000
     0.840000000     0.000000000     2.356831654     0.000000000
     0.850000000     0.000000000     2.357714479     0.000000000
     0.860000000     0.000000000     2.358610713     0.000000000
     0.870000000     0.000000000     2.359520484     0.000000000
     0.880000000     0.000000000     2.360443924     0.000000000
     0.890000000     0.000000000     2.361381166     0.000000000
     0.900000000     0.000000000     2.362332349     0.000000000
     0.910000000     0.000000000     2.363297615     0.000000000
     0.920000000     0.000000000     2.364277107     0.000000000
     0.930000000     0.000000000     2.365270975     0.000000000
     0.940000000     0.000000000     2.366279370     0.000000000
     0.950000000     0.000000000     2.367302449     0.000000000
     0.960000000     0.000000000     2.368340371     0.000000000
     0.970000000     0.000000000     2.369393301     0.000000000
     0.980000000     0.000000000     2.370461406     0.000000000
     0.990000000     0.000000000     2.371544860     0.000000000
     1.000000000     0.000000000     2.372643839     0.000000000
     1.010000000     0.000000000     2.373758524     0.000000000
     1.020000000     0.000000000     2.374889102     0.000000000
     1.030000000     0.000000000     2.376035764     0.000000000
     1.040000000     0.000000000     2.377198705     0.000000000
     1.050000000     0.000000000     2.378378127     0.000000000
     1.060000000     0.000000000     2.379574236     0.000000000
     1.070000000     0.000000000     2.380787245     0.000000000
     1.080000000     0.000000000     2.382017369     0.000000000
     1.090000000     0.000000000     2.383264834     0.000000000
     1.100000000     0.000000000     2.384529868     0.000000000
     1.110000000     0.000000000     2.385812707     0.000000000
     1.120000000     0.000000000     2.387113592     0.000000000
     1.130000000     0.000000000     2.388432773     0.000000000
     1.140000000     0.000000000     2.389770504     0.000000000
     1.150000000     0.000000000     2.391127049     0.000000000
     1.160000000     0.000000000     2.392502677     0.000000000
     1.170000000     0.000000000     2.393897665     0.000000000
     1.180000000     0.000000000     2.395312298     0.000000000
     1.190000000     0.000000000     2.396746871     0.000000000
     1.200000000     0.000000000     2.398201683     0.000000000
     1.210000000     0.000000000     2.399677047     0.000000000
     1.220000000     0.000000000     2.401173280     0.000000000
     1.230000000     0.000000000     2.402690712     0.000000000
     1.240000000     0.000000000     2.404229681     0.000000000
     1.250000000     0.000000000     2.405790535     0.000000000
     1.260000000     0.000000000     2.407373632     0.000000000
     1.270000000     0.000000000     2.408979341     0.000000000
     1.280000000     0.000000000     2.410608044     0.000000000
     1.290000000     0.000000000     2.412260131     0.000000000
     1.300000000     0.000000000     2.413936008     0.000000000
     1.310000000     0.000000000     2.415636089     0.000000000
     1.320000000     0.000000000     2.417360804     0.000000000
     1.330000000     0.000000000     2.419110596     0.000000000
     1.340000000     0.000000000     2.420885921     0.000000000
     1.350000000     0.000000001     2.422687250     0.000000000
     1.360000000     0.000000001     2.424515070     0.000000000
     1.370000000     0.000000002     2.426369881     0.000000000
     1.380000000     0.000000003     2.428252201     0.000000000
     1.390000000     0.000000004     2.430162566     0.000000000
     1.400000000     0.000000006     2.432101528     0.000000000
     1.410000000     0.000000009     2.434069656     0.000000000
     1.420000000     0.000000013     2.436067541     0.000000000
     1.430000000     0.000000019     2.438095792     0.000000000
     1.440000000     0.000000028     2.440155040     0.000000000
     1.450000000     0.000000041     2.442245935     0.000000000
     1.460000000     0.000000060     2.444369151     0.000000000
     1.470000000     0.000000087     2.446525387     0.000000000
     1.480000000     0.000000126     2.448715363     0.000000000
     1.490000000     0.000000181     2.450939827     0.000000000
     1.500000000     0.000000259     2.453199551     0.000000000
     1.510000000     0.000000368     2.455495337     0.000000000
     1.520000000     0.000000522     2.457828014     0.000000000
     1.530000000     0.000000736     2.460198442     0.000000000
     1.540000000     0.000001034     2.462607511     0.000000000
     1.550000000     0.000001446     2.465056145     0.000000000
     1.560000000     0.000002013     2.467545302     0.000000000
     1.570000000     0.000002790     2.470075974     0.000000000
     1.580000000     0.000003850     2.472649191     0.000000000
     1.590000000     0.000005288     2.475266020     0.000000000
     1.600000000     0.000007231     2.477927572     0.000000000
     1.610000000     0.000009845     2.480634996     0.000000001
     1.620000000     0.000013345     2.483389486     0.000000001
     1.630000000     0.000018007     2.486192282     0.000000001
     1.640000000     0.000024192     2.489044671     0.000000001
     1.650000000     0.000032356     2.491947990     0.000000002
     1.660000000     0.000043084     2.494903624     0.000000002
     1.670000000     0.000057114     2.497913017     0.000000003
     1.680000000     0.000075378     2.500977662     0.000000004
     1.690000000     0.000099041     2.504099114     0.000000005
     1.700000000     0.000129555     2.507278986     0.000000007
     1.710000000     0.000168719     2.510518951     0.000000009
     1.720000000     0.000218749     2.513820747     0.000000012
     1.730000000     0.000282356     2.517186177     0.000000015
     1.740000000     0.000362844     2.520617108     0.000000020
     1.750000000     0.000464208     2.524115479     0.000000026
     1.760000000     0.000591258     2.527683296     0.000000033
     1.770000000     0.000749742     2.531322637     0.000000042
     1.780000000     0.000946493     2.535035650     0.000000054
     1.790000000     0.001189581     2.538824553     0.000000068
     1.800000000     0.001488476     2.542691636     0.000000086
     1.810000000     0.001854219     2.546639256     0.000000108
     1.820000000     0.002299596     2.550669835     0.000000136
     1.830000000     0.002839315     2.554785856     0.000000169
     1.840000000     0.003490175     2.558989859     0.000000211
     1.850000000     0.004271229     2.563284430     0.000000261
     1.860000000     0.005203919     2.567672194     0.000000322
     1.870000000     0.006312196     2.572155796     0.000000395
     1.880000000     0.007622599     2.576737891     0.000000484
     1.890000000     0.009164283     2.581421116     0.000000590
     1.900000000     0.010969003     2.586208063     0.000000716
     1.910000000     0.013071019     2.591101248     0.000000867
     1.920000000     0.015506928     2.596103065     0.000001046
     1.930000000     0.018315412     2.601215730     0.000001257
     1.940000000     0.021536879     2.606441222     0.000001505
     1.950000000     0.025213009     2.611781195     0.000001795
     1.960000000     0.029386184     2.617236882     0.000002135
     1.970000000     0.034098809     2.622808970     0.000002530
     1.980000000     0.039392518     2.628497453     0.000002988
     1.990000000     0.045307279     2.634301448     0.000003517
     2.000000000     0.051880397     2.640218969     0.000004127
     2.010000000     0.059145434     2.646246662     0.000004828
     2.020000000     0.067131077     2.652379471     0.000005631
     2.030000000     0.075859952     2.658610242     0.000006547
     2.040000000     0.085347439     2.664929241     0.000007590
     2.050000000     0.095600514     2.671323576     0.000008775
     2.060000000     0.106616649     2.677776507     0.000010117
     2.070000000     0.118382820     2.684266624     0.000011633
     2.080000000     0.130874661     2.690766877     0.000013342
     2.090000000     0.144055814     2.697243449     0.000015265
     2.100000000     0.157877504     2.703654452     0.000017424
     2.110000000     0.172278394     2.709948464     0.000019844
     2.120000000     0.187184745     2.716062913     0.000022550
     2.130000000     0.202510905     2.721922368     0.000025573
     2.140000000     0.218160166     2.727436829     0.000028944
     2.150000000     0.234025971     2.732500181     0.000032699
     2.160000000     0.249993499     2.736989050     0.000036875
     2.170000000     0.265941589     2.740762442     0.000041515
     2.180000000     0.281744998     2.743662639     0.000046664
     2.190000000     0.297276940     2.745518004     0.000052373
     2.200000000     0.312411864     2.746148413     0.000058695
     2.210000000     0.327028398     2.745374100     0.000065690
     2.220000000     0.341012402     2.743028471     0.000073422
     2.230000000     0.354260029     2.738975081     0.000081959
     2.240000000     0.366680726     2.733128099     0.000091376
     2.250000000     0.378200066     2.725474490     0.000101751
     2.260000000     0.388762342     2.716094744     0.000113168
     2.270000000     0.398332807     2.705177880     0.000125716
     2.280000000     0.406899512     2.693026046     0.000139486
     2.290000000     0.414474633     2.680044997     0.000154574
     2.300000000     0.421095256     2.666719214     0.000171079
     2.310000000     0.426823556     2.653573975     0.000189102
     2.320000000     0.431746345     2.641130167     0.000208742
     2.330000000     0.435973977     2.629859751     0.000230101
     2.340000000     0.439638611     2.620149572     0.000253275
     2.350000000     0.442891871     2.612278791     0.000278359
     2.360000000     0.445901920     2.606411635     0.000305441
     2.370000000     0.448850049     2.602603664     0.000334600
     2.380000000     0.451926811     2.600817509     0.000365907
     2.390000000     0.455327835     2.600943334     0.000399418
     2.400000000     0.459249389     2.602819826     0.000435179
     2.410000000     0.463883820     2.606252751     0.000473215
     2.420000000     0.469414972     2.611029542     0.000513535
     2.430000000     0.476013713     2.616929481     0.000556128
     2.440000000     0.483833667     2.623729834     0.000600959
     2.450000000     0.493007267     2.631208646     0.000647970
     2.460000000     0.503642231     2.639145040     0.000697081
     2.470000000     0.515818539     2.647317816     0.000748184
     2.480000000     0.529585991     2.655503052     0.000801145
     2.490000000     0.544962405     2.663471330     0.000855808
     2.500000000     0.561932494     2.670985201     0.000911989
     2.510000000     0.580447445     2.677797474     0.000969483
     2.520000000     0.600425204     2.683651007     0.001028060
     2.530000000     0.621751465     2.688280663     0.001087473
     2.540000000     0.644281317     2.691418105     0.001147457
     2.550000000     0.667841520     2.692799875     0.001207731
     2.560000000     0.692233342     2.692178879     0.001268007
     2.570000000     0.717235883     2.689338699     0.001327985
     2.580000000     0.742609812     2.684109352     0.001387364
     2.590000000     0.768101427     2.676382143     0.001445843
     2.600000000     0.793446931     2.666120682     0.001503126
     2.610000000     0.818376847     2.653365130     0.001558924
     2.620000000     0.842620457     2.638227785     0.001612962
     2.630000000     0.865910186     2.620880149     0.001664979
     2.640000000     0.887985825     2.601534027     0.001714735
     2.650000000     0.908598527     2.580421156     0.001762009
     2.660000000     0.927514499     2.557776319     0.001806609
     2.670000000     0.944518311     2.533827570     0.001848366
     2.680000000     0.959415797     2.508794410     0.001887141
     2.690000000     0.972036484     2.482891881     0.001922824
     2.700000000     0.982235540     2.456336731     0.001955336
     2.710000000     0.989895212     2.429351861     0.001984626
     2.720000000     0.994925767     2.402167028     0.002010674
     2.730000000     0.997265931     2.375016008     0.002033488
     2.740000000     0.996882853     2.348132080     0.002053104
     2.750000000     0.993771627     2.321743645     0.002069583
     2.760000000     0.987954399     2.296070508     0.002083012
     2.770000000     0.979479108     2.271319725     0.002093498
     2.780000000     0.968417914     2.247679192     0.002101169
     2.790000000     0.954865348     2.225308038     0.002106170
     2.800000000     0.938936254     2.204324869     0.002108661
     2.810000000     0.920763563     2.184797044     0.002108816
     2.820000000     0.900495955     2.166735058     0.002106819
     2.830000000     0.878295451     2.150095374     0.002102863
     2.840000000     0.854334985     2.134792884     0.002097146
     2.850000000     0.828795994     2.120721423     0.002089872
     2.860000000     0.801866055     2.107778454     0.002081248
     2.870000000     0.773736612     2.095888718     0.002071480
     2.880000000     0.744600799     2.085021663     0.002060774
     2.890000000     0.714651398     2.075198779     0.002049333
     2.900000000     0.684078935     2.066489237     0.002037357
     2.910000000     0.653069924     2.058995046     0.002025038
     2.920000000     0.621805283     2.052829429     0.002012560
     2.930000000     0.590458901     2.048093557     0.002000100
     2.940000000     0.559196379     2.044856731     0.001987820
     2.950000000     0.528173941     2.043143594     0.001975871
     2.960000000     0.497537499     2.042929793     0.001964387
     2.970000000     0.467421893     2.044145299     0.001953485
     2.980000000     0.437950278     2.046683260     0.001943263
     2.990000000     0.409233679     2.050411664     0.001933797
     3.000000000     0.381370683     2.055185425     0.001925138
     3.010000000     0.354447287     2.060857111     0.001917315
     3.020000000     0.328536875     2.067285355     0.001910327
     3.030000000     0.303700338     2.074340597     0.001904146
     3.040000000     0.279986313     2.081908299     0.001898718
     3.050000000     0.257431539     2.089890033     0.001893956
     3.060000000     0.236061332     2.098202983     0.001889748
     3.070000000     0.215890144     2.106778408     0.001885950
     3.080000000     0.196922223     2.115559576     0.001882394
     3.090000000     0.179152344     2.124499554     0.001878886
     3.100000000     0.162566605     2.133559145     0.001875212
     3.110000000     0.147143279     2.142705133     0.001871136
     3.120000000     0.132853694     2.151908911     0.001866410
     3.130000000     0.119663150     2.161145503     0.001860772
     3.140000000     0.107531834     2.170392923     0.001853957
     3.150000000     0.096415744     2.179631804     0.001845697
     3.160000000     0.086267590     2.188845199     0.001835731
     3.170000000     0.077037670     2.198018483     0.001823805
     3.180000000     0.068674715     2.207139274     0.001809684
     3.190000000     0.061126682     2.216197346     0.001793151
     3.200000000     0.054341492     2.225184510     0.001774016
     3.210000000     0.048267715     2.234094462     0.001752119
     3.220000000     0.042855186     2.242922614     0.001727336
     3.230000000     0.038055552     2.251665936     0.001699578
     3.240000000     0.033822753     2.260322815     0.001668798
     3.250000000     0.030113429     2.268892959     0.001634991
     3.260000000     0.026887259     2.277377328     0.001598195
     3.270000000     0.024107234     2.285778095     0.001558491
     3.280000000     0.021739852     2.294098590     0.001516002
     3.290000000     0.019755262     2.302343212     0.001470890
     3.300000000     0.018127337     2.310517266     0.001423357
     3.310000000     0.016833686     2.318626732     0.001373637
     3.320000000     0.015855613     2.326677962     0.001321994
     3.330000000     0.015178023     2.334677358     0.001268719
     3.340000000     0.014789264     2.342631055     0.001214122
     3.350000000     0.014680933     2.350544676     0.001158528
     3.360000000     0.014847623     2.358423166     0.001102273
     3.370000000     0.015286629     2.366270718     0.001045697
     3.380000000     0.015997611     2.374090777     0.000989137
     3.390000000     0.016982212     2.381886091     0.000932925
     3.400000000     0.018243646     2.389658778     0.000877381
     3.410000000     0.019786242     2.397410387     0.000822811
     3.420000000     0.021614974     2.405141934     0.000769501
     3.430000000     0.023734957     2.412853894     0.000717715
     3.440000000     0.026150936     2.420546162     0.000667691
     3.450000000     0.028866763     2.428217958     0.000619642
     3.460000000     0.031884884     2.435867698     0.000573753
     3.470000000     0.035205835     2.443492812     0.000530179
     3.480000000     0.038827766     2.451089516     0.000489050
     3.490000000     0.042746002     2.458652526     0.000450465
     3.500000000     0.046952659     2.466174712     0.000414500
     3.510000000     0.051436312     2.473646686     0.000381205
     3.520000000     0.056181753     2.481056327     0.000350608
     3.530000000     0.061169825     2.488388244     0.000322717
     3.540000000     0.066377355     2.495623187     0.000297523
     3.550000000     0.071777188     2.502737442     0.000275003
     3.560000000     0.077338330     2.509702219     0.000255122
     3.570000000     0.083026203     2.516483106     0.000237838
     3.580000000     0.088803005     2.523039665     0.000223102
     3.590000000     0.094628175     2.529325280     0.000210863
     3.600000000     0.100458954     2.535287426     0.000201073
     3.610000000     0.106251028     2.540868567     0.000193683
     3.620000000     0.111959244     2.546007928     0.000188653
     3.630000000     0.117538370     2.550644399     0.000185950
     3.640000000     0.122943893     2.554720780     0.000185551
     3.650000000     0.128132820     2.558189428     0.000187448
     3.660000000     0.133064469     2.561019107     0.000191645
     3.670000000     0.137701219     2.563202464     0.000198162
     3.680000000     0.142009205     2.564763078     0.000207042
     3.690000000     0.145958928     2.565760641     0.000218342
     3.700000000     0.149525771     2.566292684     0.000232146
     3.710000000     0.152690400     2.566491529     0.000248558
     3.720000000     0.155439041     2.566515983     0.000267710
     3.730000000     0.157763625     2.566538478     0.000289760
     3.740000000     0.159661805     2.566729557     0.000314893
     3.750000000     0.161136834     2.567242395     0.000343327
     3.760000000     0.162197323     2.568200019     0.000375313
     3.770000000     0.162856892     2.569687138     0.000411132
     3.780000000     0.163133715     2.571747299     0.000451106
     3.790000000     0.163049989     2.574384884     0.000495593
     3.800000000     0.162631348     2.577570718     0.000544988
     3.810000000     0.161906234     2.581249742     0.000599731
     3.820000000     0.160905257     2.585349395     0.000660301
     3.830000000     0.159660560     2.589787707     0.000727222
     3.840000000     0.158205216     2.594480532     0.000801062
     3.850000000     0.156572660     2.599347652     0.000882430
     3.860000000     0.154796198     2.604317665     0.000971983
     3.870000000     0.152908572     2.609331589     0.001070418
     3.880000000     0.150941617     2.614345160     0.001178473
     3.890000000     0.148926000     2.619329753     0.001296926
     3.900000000     0.146891042     2.624271966     0.001426590
     3.910000000     0.144864623     2.629172032     0.001568308
     3.920000000     0.142873163     2.634041386     0.001722952
     3.930000000     0.140941661     2.638899831     0.001891411
     3.940000000     0.139093798     2.643772749     0.002074591
     3.950000000     0.137352061     2.648688683     0.002273401
     3.960000000     0.135737903     2.653677393     0.002488747
     3.970000000     0.134271908     2.658768347     0.002721522
     3.980000000     0.132973943     2.663989486     0.002972593
     3.990000000     0.131863293     2.669366118     0.003242794
     4.000000000     0.130958766     2.674919908     0.003532907
     4.010000000     0.130278747     2.680667960     0.003843657
     4.020000000     0.129841214     2.686622100     0.004175690
     4.030000000     0.129663683     2.692788424     0.004529565
     4.040000000     0.129763113     2.699167155     0.004905737
     4.050000000     0.130155743     2.705752812     0.005304543
     4.060000000     0.130856882     2.712534642     0.005726187
     4.070000000     0.131880650     2.719497255     0.006170728
     4.080000000     0.133239684     2.726621372     0.006638065
     4.090000000     0.134944811     2.733884638     0.007127922
     4.100000000     0.137004704     2.741262420     0.007639841
     4.110000000     0.139425537     2.748728551     0.008173166
     4.120000000     0.142210635     2.756255972     0.008727040
     4.130000000     0.145360157     2.763817217     0.009300390
     4.140000000     0.148870800     2.771384711     0.009891928
     4.150000000     0.152735547     2.778930881     0.010500146
     4.160000000     0.156943469     2.786428085     0.011123316
     4.170000000     0.161479587     2.793848458     0.011759490
     4.180000000     0.166324803     2.801163741     0.012406511
     4.190000000     0.171455905     2.808345207     0.013062020
     4.200000000     0.176845645     2.815363736     0.013723467
     4.210000000     0.182462905     2.822190079     0.014388131
     4.220000000     0.188272934     2.828795287     0.015053139
     4.230000000     0.194237661     2.835151289     0.015715490
     4.240000000     0.200316089     2.841231568     0.016372085
     4.250000000     0.206464744     2.847011929     0.017019759
     4.260000000     0.212638192     2.852471343     0.017655313
     4.270000000     0.218789600     2.857592880     0.018275554
     4.280000000     0.224871339     2.862364700     0.018877338
     4.290000000     0.230835613     2.866781063     0.019457608
     4.300000000     0.236635112     2.870843265     0.020013441
     4.310000000     0.242223659     2.874560391     0.020542088
     4.320000000     0.247556853     2.877949770     0.021041024
     4.330000000     0.252592697     2.881037048     0.021507982
     4.340000000     0.257292181     2.883855803     0.021940999
     4.350000000     0.261619835     2.886446695     0.022338449
     4.360000000     0.265544214     2.888856158     0.022699075
     4.370000000     0.269038326     2.891134727     0.023022018
     4.380000000     0.272079989     2.893335127     0.023306833
     4.390000000     0.274652104     2.895510310     0.023553507
     4.400000000     0.276742846     2.897711659     0.023762463
     4.410000000     0.278345774     2.899987561     0.023934556
     4.420000000     0.279459841     2.902382482     0.024071066
     4.430000000     0.280089329     2.904936647     0.024173677
     4.440000000     0.280243693     2.907686267     0.024244450
     4.450000000     0.279937323     2.910664195     0.024285788
     4.460000000     0.279189236     2.913900761     0.024300393
     4.470000000     0.278022700     2.917424532     0.024291215
     4.480000000     0.276464802     2.921262740     0.024261399
     4.490000000     0.274545966     2.925441262     0.024214224
     4.500000000     0.272299440     2.929984170     0.024153038
     4.510000000     0.269760761     2.934912997     0.024081198
     4.520000000     0.266967205     2.940245917     0.024001994
     4.530000000     0.263957249     2.945997016     0.023918597
     4.540000000     0.260770046     2.952175742     0.023833985
     4.550000000     0.257444926     2.958786541     0.023750893
     4.560000000     0.254020947     2.965828654     0.023671756
     4.570000000     0.250536492     2.973296022     0.023598668
     4.580000000     0.247028934     2.981177304     0.023533339
     4.590000000     0.243534363     2.989456047     0.023477069
     4.600000000     0.240087401     2.998111061     0.023430728
     4.610000000     0.236721091     3.007117041     0.023394748
     4.620000000     0.233466866     3.016445459     0.023369125
     4.630000000     0.230354612     3.026065670     0.023353427
     4.640000000     0.227412796     3.035946181     0.023346820
     4.650000000     0.224668681     3.046055997     0.023348095
     4.660000000     0.222148601     3.056365986     0.023355713
     4.670000000     0.219878292     3.066850235     0.023367844
     4.680000000     0.217883278     3.077487364     0.023382431
     4.690000000     0.216189274     3.088261738     0.023397240
     4.700000000     0.214822622     3.099164484     0.023409928
     4.710000000     0.213810715     3.110194153     0.023418105
     4.720000000     0.213182412     3.121356891     0.023419401
     4.730000000     0.212968420     3.132665995     0.023411531
     4.740000000     0.213201623     3.144140829     0.023392353
     4.750000000     0.213917354     3.155805217     0.023359930
     4.760000000     0.215153582     3.167685484     0.023312582
     4.770000000     0.216951005     3.179808427     0.023248932
     4.780000000     0.219353050     3.192199464     0.023167945
     4.790000000     0.222405755     3.204881155     0.023068960
     4.800000000     0.226157539     3.217872186     0.022951714
     4.810000000     0.230658856     3.231186784     0.022816352
     4.820000000     0.235961733     3.244834435     0.022663436
     4.830000000     0.242119197     3.258819759     0.022493938
     4.840000000     0.249184606     3.273142351     0.022309229
     4.850000000     0.257210883     3.287796515     0.022111054
     4.860000000     0.266249678     3.302770834     0.021901509
     4.870000000     0.276350473     3.318047649     0.021683000
     4.880000000     0.287559649     3.333602567     0.021458204
     4.890000000     0.299919530     3.349404137     0.021230023
     4.900000000     0.313467438     3.365413805     0.021001534
     4.910000000     0.328234770     3.381586173     0.020775934
     4.920000000     0.344246125     3.397869433     0.020556490
     4.930000000     0.361518506     3.414205789     0.020346480
     4.940000000     0.380060600     3.430531587     0.020149142
     4.950000000     0.399872179     3.446776929     0.019967622
     4.960000000     0.420943612     3.462864677     0.019804925
     4.970000000     0.443255524     3.478708939     0.019663868
     4.980000000     0.466778585     3.494213360     0.019547039
     4.990000000     0.491473464     3.509269723     0.019456763
     5.000000000     0.517290927     3.523757484     0.019395070
     5.010000000     0.544172094     3.537544887     0.019363672
     5.020000000     0.572048846     3.550492198     0.019363940
     5.030000000     0.600844378     3.562457374     0.019396900
     5.040000000     0.630473896     3.573304212     0.019463219
     5.050000000     0.660845439     3.582912592     0.019563211
     5.060000000     0.691860827     3.591190054     0.019696842
     5.070000000     0.723416716     3.598083413     0.019863741
     5.080000000     0.755405753     3.603588706     0.020063219
     5.090000000     0.787717814     3.607757393     0.020294288
     5.100000000     0.820241312     3.610696739     0.020555688
     5.110000000     0.852864564     3.612562744     0.020845919
     5.120000000     0.885477189     3.613545105     0.021163266
     5.130000000     0.917971539     3.613845176     0.021505838
     5.140000000     0.950244115     3.613649628     0.021871601
     5.150000000     0.982196971     3.613103725     0.022258411
     5.160000000     1.013739068     3.612288641     0.022664051
     5.170000000     1.044787550     3.611206788     0.023086262
     5.180000000     1.075268915     3.609777893     0.023522779
     5.190000000     1.105120042     3.607846983     0.023971355
     5.200000000     1.134289058     3.605203787     0.024429791
     5.210000000     1.162735979     3.601611640     0.024895961
     5.220000000     1.190433125     3.596842783     0.025367828
     5.230000000     1.217365250     3.590715994     0.025843466
     5.240000000     1.243529375     3.583131766     0.026321067
     5.250000000     1.268934300     3.574099831     0.026798957
     5.260000000     1.293599769     3.563754112     0.027275594
     5.270000000     1.317555302     3.552351322     0.027749577
     5.280000000     1.340838680     3.540251819     0.028219638
     5.290000000     1.363494118     3.527884553     0.028684643
     5.300000000     1.385570143     3.515701453     0.029143585
     5.310000000     1.407117235     3.504129162     0.029595572
     5.320000000     1.428185274     3.493526739     0.030039819
     5.330000000     1.448820880     3.484156224     0.030475637
     5.340000000     1.469064702     3.476169424     0.030902423
     5.350000000     1.488948772     3.469609952     0.031319644
     5.360000000     1.508493988     3.464426009     0.031726832
     5.370000000     1.527707846     3.460487637     0.032123566
     5.380000000     1.546582487     3.457602724     0.032509474
     5.390000000     1.565093175     3.455528267     0.032884217
     5.400000000     1.583197248     3.453976436     0.033247488
     5.410000000     1.600833642     3.452617538     0.033599010
     5.420000000     1.617922994     3.451083257     0.033938536
     5.430000000     1.634368389     3.448973412     0.034265849
     5.440000000     1.650056731     3.445868221     0.034580769
     5.450000000     1.664860731     3.441346551     0.034883161
     5.460000000     1.678641472     3.435009312     0.035172941
     5.470000000     1.691251494     3.426506349     0.035450090
     5.480000000     1.702538310     3.415564712     0.035714667
     5.490000000     1.712348273     3.402015908     0.035966821
     5.500000000     1.720530662     3.385819329     0.036206809
     5.510000000     1.726941887     3.367078779     0.036435007
     5.520000000     1.731449683     3.346048994     0.036651930
     5.530000000     1.733937159     3.323129593     0.036858245
     5.540000000     1.734306597     3.298845220     0.037054785
     5.550000000     1.732482872     3.273812514     0.037242560
     5.560000000     1.728416420     3.248696793     0.037422768
     5.570000000     1.722085639     3.224163327     0.037596804
     5.580000000     1.713498684     3.200829408     0.037766263
     5.590000000     1.702694611     3.179223586     0.037932943
     5.600000000     1.689743831     3.159757347     0.038098841
     5.610000000     1.674747898     3.142712258     0.038266150
     5.620000000     1.657838635     3.128242829     0.038437245
     5.630000000     1.639176654     3.116392694     0.038614672
     5.640000000     1.618949308     3.107119826     0.038801130
     5.650000000     1.597368170     3.100325669     0.038999445
     5.660000000     1.574666101     3.095883352     0.039212547
     5.670000000     1.551094012     3.093661140     0.039443435
     5.680000000     1.526917402     3.093538812     0.039695151
     5.690000000     1.502412772     3.095416179     0.039970733
     5.700000000     1.477864000     3.099214388     0.040273186
     5.710000000     1.453558760     3.104871653     0.040605433
     5.720000000     1.429785067     3.112335593     0.040970276
     5.730000000     1.406827998     3.121554399     0.041370352
     5.740000000     1.384966644     3.132468763     0.041808091
     5.750000000     1.364471339     3.145005871     0.042285674
     5.760000000     1.345601180     3.159076073     0.042804992
     5.770000000     1.328601844     3.174572185     0.043367611
     5.780000000     1.313703720     3.191370848     0.043974737
     5.790000000     1.301120317     3.209335137     0.044627186
     5.800000000     1.291046950     3.228317661     0.045325362
     5.810000000     1.283659659     3.248163579     0.046069238
     5.820000000     1.279114333     3.268713346     0.046858340
     5.830000000     1.277545999     3.289805208     0.047691748
     5.840000000     1.279068243     3.311277656     0.048568091
     5.850000000     1.283772718     3.332972045     0.049485560
     5.860000000     1.291728720     3.354735470     0.050441923
     5.870000000     1.302982788     3.376423862     0.051434548
     5.880000000     1.317558324     3.397905071     0.052460430
     5.890000000     1.335455217     3.419061544     0.053516232
     5.900000000     1.356649462     3.439792118     0.054598325
     5.910000000     1.381092793     3.460012410     0.055702835
     5.920000000     1.408712340     3.479653379     0.056825693
     5.930000000     1.439410336     3.498657802     0.057962694
     5.940000000     1.473063917     3.516974671     0.059109550
     5.950000000     1.509525037     3.534551882     0.060261946
     5.960000000     1.548620572     3.551327918     0.061415604
     5.970000000     1.590152627     3.567223598     0.062566334
     5.980000000     1.633899124     3.582135034     0.063710091
     5.990000000     1.679614700     3.595928882     0.064843022
     6.000000000     1.727031958     3.608440530     0.065961517
     6.010000000     1.775863112     3.619475410     0.067062246
     6.020000000     1.825802041     3.628813095     0.068142195
     6.030000000     1.876526765     3.636213582     0.069198695
     6.040000000     1.927702353     3.641425157     0.070229440
     6.050000000     1.978984226     3.644193383     0.071232507
     6.060000000     2.030021842     3.644271071     0.072206353
     6.070000000     2.080462705     3.641429237     0.073149825
     6.080000000     2.129956649     3.635469118     0.074062141
     6.090000000     2.178160304     3.626235191     0.074942886
     6.100000000     2.224741679     3.613628891     0.075791985
     6.110000000     2.269384750     3.597622470     0.076609680
     6.120000000     2.311793971     3.578272082     0.077396499
     6.130000000     2.351698590     3.555728892     0.078153224
     6.140000000     2.388856675     3.530246679     0.078880851
     6.150000000     2.423058758     3.502184254     0.079580559
     6.160000000     2.454130998     3.472000978     0.080253663
     6.170000000     2.481937796     3.440244122     0.080901584
     6.180000000     2.506383787     3.407527525     0.081525804
     6.190000000     2.527415169     3.374502282     0.082127837
     6.200000000     2.545020334     3.341821534     0.082709194
     6.210000000     2.559229788     3.310102749     0.083271356
     6.220000000     2.570115367     3.279891719     0.083815746
     6.230000000     2.577788768     3.251632652     0.084343714
     6.240000000     2.582399446     3.225648106     0.084856519
     6.250000000     2.584131911     3.202131202     0.085355323
     6.260000000     2.583202519     3.181150792     0.085841182
     6.270000000     2.579855804     3.162668386     0.086315055
     6.280000000     2.574360466     3.146563953     0.086777805
     6.290000000     2.567005073     3.132666515     0.087230214
     6.300000000     2.558093589     3.120784944     0.087673002
     6.310000000     2.547940802     3.110734607     0.088106847
     6.320000000     2.536867742     3.102356505     0.088532409
     6.330000000     2.525197168     3.095527121     0.088950361
     6.340000000     2.513249181     3.090159023     0.089361420
     6.350000000     2.501337051     3.086193979     0.089766373
     6.360000000     2.489763279     3.083591571     0.090166118
     6.370000000     2.478815970     3.082316715     0.090561686
     6.380000000     2.468765519     3.082329101     0.090954276
     6.390000000     2.459861672     3.083576522     0.091345278
     6.400000000     2.452330947     3.085992633     0.091736298
     6.410000000     2.446374452     3.089498325     0.092129169
     6.420000000     2.442166098     3.094005013     0.092525967
     6.430000000     2.439851209     3.099417745     0.092929012
     6.440000000     2.439545530     3.105636452     0.093340864
     6.450000000     2.441334630     3.112554441     0.093764309
     6.460000000     2.445273695     3.120054364     0.094202343
     6.470000000     2.451387697     3.128002830     0.094658136
     6.480000000     2.459671939     3.136245370     0.095135000
     6.490000000     2.470092957     3.144603423     0.095636340
     6.500000000     2.482589761     3.152874435     0.096165602
     6.510000000     2.497075414     3.160835331     0.096726216
     6.520000000     2.513438902     3.168248796     0.097321527
     6.530000000     2.531547298     3.174871378     0.097954733
     6.540000000     2.551248176     3.180462362     0.098628812
     6.550000000     2.572372239     3.184792723     0.099346452
     6.560000000     2.594736136     3.187653964     0.100109986
     6.570000000     2.618145421     3.188867007     0.100921321
     6.580000000     2.642397605     3.188291353     0.101781887
     6.590000000     2.667285258     3.185834304     0.102692580
     6.600000000     2.692599113     3.181459390     0.103653719
     6.610000000     2.718131114     3.175192487     0.104665017
     6.620000000     2.743677371     3.167123812     0.105725560
     6.630000000     2.769040954     3.157404308     0.106833796
     6.640000000     2.794034504     3.146235833     0.107987547
     6.650000000     2.818482601     3.133855903     0.109184025
     6.660000000     2.842223867     3.120519043     0.110419866
     6.670000000     2.865112768     3.106477722     0.111691179
     6.680000000     2.887021095     3.091966073     0.112993603
     6.690000000     2.907839122     3.077188939     0.114322379
     6.700000000     2.927476413     3.062317546     0.115672429
     6.710000000     2.945862309     3.047491433     0.117038444
     6.720000000     2.962946080     3.032824825     0.118414980
     6.730000000     2.978696775     3.018414685     0.119796549
     6.740000000     2.993102790     3.004347579     0.121177724
     6.750000000     3.006171178     2.990703213     0.122553228
     6.760000000     3.017926730     2.977553805     0.123918034
     6.770000000     3.028410878     2.964959924     0.125267446
     6.780000000     3.037680425     2.952964684     0.126597180
     6.790000000     3.045806169     2.941588708     0.127903434
     6.800000000     3.052871431     2.930828072     0.129182943
     6.810000000     3.058970530     2.920656533     0.130433028
     6.820000000     3.064207230     2.911032150     0.131651624
     6.830000000     3.068693190     2.901907192     0.132837300
     6.840000000     3.072546429     2.893239479     0.133989263
     6.850000000     3.075889841     2.885002955     0.135107350
     6.860000000     3.078849758     2.877195546     0.136192005
     6.870000000     3.081554584     2.869842951     0.137244245
     6.880000000     3.084133514     2.862997785     0.138265617
     6.890000000     3.086715326     2.856734334     0.139258145
     6.900000000     3.089427277     2.851139818     0.140224266
     6.910000000     3.092394087     2.846303457     0.141166769
     6.920000000     3.095737018     2.842304802     0.142088718
     6.930000000     3.099573055     2.839202707     0.142993385
     6.940000000     3.104014184     2.837026155     0.143884170
     6.950000000     3.109166773     2.835767897     0.144764535
     6.960000000     3.115131044     2.835381528     0.145637927
     6.970000000     3.122000652     2.835782276     0.146507717
     6.980000000     3.129862348     2.836851396     0.147377131
     6.990000000     3.138795742     2.838443731     0.148249200
     7.000000000     3.148873152     2.840397681     0.149126701
     7.010000000     3.160159534     2.842546659     0.150012122
     7.020000000     3.172712488     2.844730882     0.150907613
     7.030000000     3.186582327     2.846808300     0.151814964
     7.040000000     3.201812213     2.848663394     0.152735574
     7.050000000     3.218438326     2.850212749     0.153670439
     7.060000000     3.236490081     2.851406617     0.154620134
     7.070000000     3.255990363     2.852226242     0.155584813
     7.080000000     3.276955768     2.852677430     0.156564204
     7.090000000     3.299396856     2.852781496     0.157557621
     7.100000000     3.323318383     2.852565163     0.158563966
     7.110000000     3.348719525     2.852051171     0.159581752
     7.120000000     3.375594063     2.851251076     0.160609115
     7.130000000     3.403930556     2.850161335     0.161643843
     7.140000000     3.433712470     2.848763066     0.162683399
     7.150000000     3.464918282     2.847025198     0.163724951
     7.160000000     3.497521567     2.844909978     0.164765402
     7.170000000     3.531491052     2.842379164     0.165801431
     7.180000000     3.566790678     2.839398915     0.166829524
     7.190000000     3.603379656     2.835941539     0.167846014
     7.200000000     3.641212539     2.831982997     0.168847120
     7.210000000     3.680239330     2.827496306     0.169828990
     7.220000000     3.720405624     2.822442337     0.170787739
     7.230000000     3.761652812     2.816760600     0.171719488
     7.240000000     3.803918346     2.810362951     0.172620408
     7.250000000     3.847136085     2.803132638     0.173486753
     7.260000000     3.891236714     2.794929844     0.174314901
     7.270000000     3.936148251     2.785603207     0.175101383
     7.280000000     3.981796631     2.775005316     0.175842921
     7.290000000     4.028106375     2.763009274     0.176536450
     7.300000000     4.075001313     2.749523257     0.177179144
     7.310000000     4.122405366     2.734500599     0.177768442
     7.320000000     4.170243368     2.717943899     0.178302057
     7.330000000     4.218441897     2.699902710     0.178777998
     7.340000000     4.266930101     2.680465325     0.179194574
     7.350000000     4.315640490     2.659745828     0.179550405
     7.360000000     4.364509679     2.637868125     0.179844419
     7.370000000     4.413479031     2.614949017     0.180075859
     7.380000000     4.462495207     2.591082698     0.180244278
     7.390000000     4.511510574     2.566329043     0.180349534
     7.400000000     4.560483460     2.540707823     0.180391788
     7.410000000     4.609378241     2.514200160     0.180371492
     7.420000000     4.658165243     2.486757365     0.180289391
     7.430000000     4.706820448     2.458315882     0.180146509
     7.440000000     4.755325009     2.428815687     0.179944144
     7.450000000     4.803664571     2.398218672     0.179683867
     7.460000000     4.851828413     2.366523355     0.179367514
     7.470000000     4.899808421     2.333772946     0.178997181
     7.480000000     4.947597917     2.300055012     0.178575225
     7.490000000     4.995190372     2.265492592     0.178104257
     7.500000000     5.042578035     2.230228144     0.177587145
     7.510000000     5.089750516     2.194403028     0.177027008
     7.520000000     5.136693358     2.158135989     0.176427214
     7.530000000     5.183386645     2.121504277     0.175791377
     7.540000000     5.229803688     2.084530378     0.175123348
     7.550000000     5.275909830     2.047176157     0.174427207
     7.560000000     5.321661404     2.009344655     0.173707251
     7.570000000     5.367004898     1.970888476     0.172967979
     7.580000000     5.411876330     1.931622786     0.172214066
     7.590000000     5.456200886     1.891340793     0.171450341
     7.600000000     5.499892815     1.849829802     0.170681753
     7.610000000     5.542855613     1.806886490     0.169913338
     7.620000000     5.584982469     1.762330471     0.169150172
     7.630000000     5.626156995     1.716015443     0.168397327
     7.640000000     5.666254191     1.667837270     0.167659817
     7.650000000     5.705141646     1.617738320     0.166942545
     7.660000000     5.742680930     1.565707516     0.166250242
     7.670000000     5.778729128     1.511775948     0.165587404
     7.680000000     5.813140491     1.456008474     0.164958234
     7.690000000     5.845768143     1.398492505     0.164366581
     7.700000000     5.876465797     1.339325813     0.163815874
     7.710000000     5.905089435     1.278605762     0.163309072
     7.720000000     5.931498905     1.216422496     0.162848606
     7.730000000     5.955559392     1.152858287     0.162436340
     7.740000000     5.977142737     1.087994078     0.162073523
     7.750000000     5.996128564     1.021922515     0.161760767
     7.760000000     6.012405213     0.954764554     0.161498020
     7.770000000     6.025870462     0.886684982     0.161284558
     7.780000000     6.036432039     0.817901571     0.161118984
     7.790000000     6.044007948     0.748683606     0.160999243
     7.800000000     6.048526608     0.679338086     0.160922637
     7.810000000     6.049926859     0.610185184     0.160885868
     7.820000000     6.048157846     0.541527475     0.160885081
     7.830000000     6.043178838     0.473618991     0.160915915
     7.840000000     6.034959008     0.406640055     0.160973575
     7.850000000     6.023477217     0.340682149     0.161052903
     7.860000000     6.008721844     0.275744742     0.161148457
     7.870000000     5.990690686     0.211743573     0.161254601
     7.880000000     5.969390953     0.148528228     0.161365596
     7.890000000     5.944839382     0.085905903     0.161475693
     7.900000000     5.917062453     0.023668111     0.161579224
     7.910000000     5.886096733    -0.038382583     0.161670701
     7.920000000     5.851989302    -0.100408305     0.161744905
     7.930000000     5.814798253    -0.162516059     0.161796971
     7.940000000     5.774593225    -0.224743879     0.161822469
     7.950000000     5.731455923    -0.287053748     0.161817480
     7.960000000     5.685480583    -0.349331297     0.161778656
     7.970000000     5.636774333    -0.411391387     0.161703280
     7.980000000     5.585457387    -0.472988034     0.161589303
     7.990000000     5.531663037    -0.533826959     0.161435383
     8.000000000     5.475537404    -0.593579389     0.161240902
     8.010000000     5.417238893    -0.651896333     0.161005972
     8.020000000     5.356937358    -0.708423138     0.160731435
     8.030000000     5.294812939    -0.762814346     0.160418845
     8.040000000     5.231054596    -0.814748765     0.160070437
     8.050000000     5.165858335    -0.863944333     0.159689093
     8.060000000     5.099425173    -0.910171982     0.159278289
     8.070000000     5.031958875    -0.953267523     0.158842042
     8.080000000     4.963663525    -0.993140563     0.158384839
     8.090000000     4.894740983    -1.029779649     0.157911570
     8.100000000     4.825388313    -1.063253192     0.157427450
     8.110000000     4.755795248    -1.093706036     0.156937940
     8.120000000     4.686141771    -1.121351857     0.156448664
     8.130000000     4.616595891    -1.146461728     0.155965329
     8.140000000     4.547311674    -1.169349364     0.155493645
     8.150000000     4.478427601    -1.190353742     0.155039245
     8.160000000     4.410065300    -1.209820113     0.154607615
     8.170000000     4.342328687    -1.228080843     0.154204024
     8.180000000     4.275303552    -1.245437763     0.153833458
     8.190000000     4.209057590    -1.262147813     0.153500573
     8.200000000     4.143640882    -1.278413402     0.153209637
     8.210000000     4.079086795    -1.294378298     0.152964500
     8.220000000     4.015413282    -1.310128989     0.152768557
     8.230000000     3.952624528    -1.325700655     0.152624725
     8.240000000     3.890712886    -1.341086294     0.152535432
     8.250000000     3.829661042    -1.356247323     0.152502608
     8.260000000     3.769444339    -1.371124068     0.152527688
     8.270000000     3.710033181    -1.385644887     0.152611617
     8.280000000     3.651395451    -1.399733105     0.152754869
     8.290000000     3.593498865    -1.413311396     0.152957467
     8.300000000     3.536313189    -1.426303751     0.153219005
     8.310000000     3.479812273    -1.438635541     0.153538682
     8.320000000     3.423975830    -1.450232528     0.153915334
     8.330000000     3.368790920    -1.461019755     0.154347469
     8.340000000     3.314253119    -1.470921095     0.154833306
     8.350000000     3.260367328    -1.479859970     0.155370812
     8.360000000     3.207148225    -1.487761341     0.155957743
     8.370000000     3.154620351    -1.494554713     0.156591679
     8.380000000     3.102817851    -1.500177698     0.157270065
     8.390000000     3.051783879    -1.504579541     0.157990248
     8.400000000     3.001569694    -1.507724129     0.158749507
     8.410000000     2.952233499    -1.509592087     0.159545089
     8.420000000     2.903839048    -1.510181820     0.160374242
     8.430000000     2.856454073    -1.509509470     0.161234234
     8.440000000     2.810148593    -1.507607938     0.162122388
     8.450000000     2.764993131    -1.504525164     0.163036099
     8.460000000     2.721056918    -1.500321998     0.163972855
     8.470000000     2.678406112    -1.495069992     0.164930253
     8.480000000     2.637102095    -1.488849491     0.165906019
     8.490000000     2.597199880    -1.481748335     0.166898014
     8.500000000     2.558746668    -1.473861362     0.167904249
     8.510000000     2.521780593    -1.465290710     0.168922891
     8.520000000     2.486329677    -1.456146664     0.169952272
     8.530000000     2.452411010    -1.446548588     0.170990890
     8.540000000     2.420030176    -1.436625319     0.172037413
     8.550000000     2.389180927    -1.426514439     0.173090685
     8.560000000     2.359845093    -1.416359969     0.174149719
     8.570000000     2.331992741    -1.406308347     0.175213702
     8.580000000     2.305582556    -1.396502889     0.176281990
     8.590000000     2.280562424    -1.387077245     0.177354106
     8.600000000     2.256870200    -1.378148600     0.178429737
     8.610000000     2.234434643    -1.369811463     0.179508727
     8.620000000     2.213176473    -1.362132865     0.180591073
     8.630000000     2.193009531    -1.355149610     0.181676918
     8.640000000     2.173842018    -1.348867999     0.182766547
     8.650000000     2.155577771    -1.343266086     0.183860372
     8.660000000     2.138117559    -1.338298217     0.184958929
     8.670000000     2.121360374    -1.333901247     0.186062867
     8.680000000     2.105204679    -1.330001638     0.187172931
     8.690000000     2.089549617    -1.326522583     0.188289959
     8.700000000     2.074296148    -1.323390408     0.189414860
     8.710000000     2.059348101    -1.320539798     0.190548602
     8.720000000     2.044613139    -1.317917627     0.191692194
     8.730000000     2.030003624    -1.315485384     0.192846668
     8.740000000     2.015437380    -1.313220242     0.194013061
     8.750000000     2.000838350    -1.311114739     0.195192387
     8.760000000     1.986137151    -1.309175004     0.196385620
     8.770000000     1.971271521    -1.307417514     0.197593666
     8.780000000     1.956186667    -1.305864565     0.198817338
     8.790000000     1.940835515    -1.304538902     0.200057331
     8.800000000     1.925178865    -1.303458206     0.201314189
     8.810000000     1.909185452    -1.302630168     0.202588285
     8.820000000     1.892831917    -1.302048792     0.203879791
     8.830000000     1.876102694    -1.301692228     0.205188649
     8.840000000     1.858989813    -1.301522203     0.206514553
     8.850000000     1.841492621    -1.301484881     0.207856922
     8.860000000     1.823617423    -1.301512914     0.209214884
     8.870000000     1.805377052    -1.301528509     0.210587257
     8.880000000     1.786790364    -1.301447320     0.211972542
     8.890000000     1.767881669    -1.301182963     0.213368910
     8.900000000     1.748680104    -1.300651805     0.214774205
     8.910000000     1.729218950    -1.299777567     0.216185946
     8.920000000     1.709534911    -1.298495204     0.217601335
     8.930000000     1.689667359    -1.296753648     0.219017269
     8.940000000     1.669657558    -1.294517204     0.220430367
     8.950000000     1.649547886    -1.291765737     0.221836988
     8.960000000     1.629381061    -1.288494005     0.223233266
     8.970000000     1.609199397    -1.284710624     0.224615145
     8.980000000     1.589044093    -1.280437060     0.225978416
     8.990000000     1.568954576    -1.275706808     0.227318763
     9.000000000     1.548967915    -1.270564632     0.228631804
     9.010000000     1.529118313    -1.265065540     0.229913145
     9.020000000     1.509436684    -1.259273135     0.231158422
     9.030000000     1.489950336    -1.253257111     0.232363351
     9.040000000     1.470682745    -1.247089934     0.233523776
     9.050000000     1.451653450    -1.240842973     0.234635715
     9.060000000     1.432878031    -1.234582521     0.235695399
     9.070000000     1.414368202    -1.228366201     0.236699318
     9.080000000     1.396131991    -1.222240119     0.237644250
     9.090000000     1.378173996    -1.216237030     0.238527294
     9.100000000     1.360495721    -1.210375564     0.239345898
     9.110000000     1.343095963    -1.204660453     0.240097871
     9.120000000     1.325971233    -1.199083570     0.240781408
     9.130000000     1.309116216    -1.193625603     0.241395088
     9.140000000     1.292524228    -1.188258193     0.241937880
     9.150000000     1.276187672    -1.182946371     0.242409138
     9.160000000     1.260098468    -1.177651176     0.242808593
     9.170000000     1.244248455    -1.172332314     0.243136333
     9.180000000     1.228629744    -1.166950684     0.243392785
     9.190000000     1.213235018    -1.161470624     0.243578691
     9.200000000     1.198057776    -1.155861769     0.243695073
     9.210000000     1.183092505    -1.150100440     0.243743210
     9.220000000     1.168334799    -1.144170563     0.243724591
     9.230000000     1.153781403    -1.138064132     0.243640887
     9.240000000     1.139430212    -1.131781221     0.243493910
     9.250000000     1.125280196    -1.125329560     0.243285571
     9.260000000     1.111331302    -1.118723663     0.243017851
     9.270000000     1.097584293    -1.111983539     0.242692758
     9.280000000     1.084040575    -1.105133020     0.242312296
     9.290000000     1.070701993    -1.098197822     0.241878439
     9.300000000     1.057570623    -1.091203523     0.241393102
     9.310000000     1.044648553    -1.084173658     0.240858119
     9.320000000     1.031937677    -1.077128193     0.240275235
     9.330000000     1.019439501    -1.070082577     0.239646089
     9.340000000     1.007154968    -1.063047463     0.238972217
     9.350000000     0.995084303    -1.056029111     0.238255053
     9.360000000     0.983226900    -1.049030302     0.237495936
     9.370000000     0.971581222    -1.042051582     0.236696132
     9.380000000     0.960144753    -1.035092577     0.235856851
     9.390000000     0.948913966    -1.028153170     0.234979270
     9.400000000     0.937884334    -1.021234375     0.234064572
     9.410000000     0.927050366    -1.014338821     0.233113972
     9.420000000     0.916405666    -1.007470836     0.232128755
     9.430000000     0.905943027    -1.000636191     0.231110313
     9.440000000     0.895654532    -0.993841598     0.230060184
     9.450000000     0.885531674    -0.987094101     0.228980079
     9.460000000     0.875565493    -0.980400462     0.227871922
     9.470000000     0.865746706    -0.973766635     0.226737874
     9.480000000     0.856065850    -0.967197395     0.225580355
     9.490000000     0.846513413    -0.960696140     0.224402062
     9.500000000     0.837079963    -0.954264839     0.223205975
     9.510000000     0.827756260    -0.947904086     0.221995362
     9.520000000     0.818533356    -0.941613186     0.220773768
     9.530000000     0.809402677    -0.935390218     0.219545003
     9.540000000     0.800356086    -0.929232042     0.218313113
     9.550000000     0.791385916    -0.923134266     0.217082352
     9.560000000     0.782484992    -0.917091214     0.215857138
     9.570000000     0.773646624    -0.911095926     0.214642008
     9.580000000     0.764864574    -0.905140209     0.213441566
     9.590000000     0.756133011    -0.899214740     0.212260422
     9.600000000     0.747446446    -0.893309214     0.211103133
     9.610000000     0.738799642    -0.887412570     0.209974137
     9.620000000     0.730187531    -0.881513320     0.208877691
     9.630000000     0.721605109    -0.875600044     0.207817809
     9.640000000     0.713047337    -0.869662038     0.206798199
     9.650000000     0.704509045    -0.863690065     0.205822204
     9.660000000     0.695984843    -0.857677112     0.204892756
     9.670000000     0.687469049    -0.851619042     0.204012326
     9.680000000     0.678955636    -0.845515102     0.203182888
     9.690000000     0.670438202    -0.839368252     0.202405887
     9.700000000     0.661909969    -0.833185359     0.201682222
     9.710000000     0.653363813    -0.826977267     0.201012228
     9.720000000     0.644792327    -0.820758690     0.200395677
     9.730000000     0.636187917    -0.814547839     0.199831784
     9.740000000     0.627542930    -0.808365660     0.199319221
     9.750000000     0.618849817    -0.802234561     0.198856139
     9.760000000     0.610101321    -0.796176626     0.198440201
     9.770000000     0.601290687    -0.790211420     0.198068619
     9.780000000     0.592411893    -0.784353616     0.197738195
     9.790000000     0.583459890    -0.778610762     0.197445373
     9.800000000     0.574430847    -0.772981548     0.197186289
     9.810000000     0.565322393    -0.767454855     0.196956823
     9.820000000     0.556133842    -0.762009772     0.196752659
     9.830000000     0.546866404    -0.756616594     0.196569336
     9.840000000     0.537523364    -0.751238704     0.196402310
     9.850000000     0.528110227    -0.745835076     0.196247002
     9.860000000     0.518634823    -0.740363079     0.196098854
     9.870000000     0.509107366    -0.734781242     0.195953375
     9.880000000     0.499540458    -0.729051650     0.195806188
     9.890000000     0.489949052    -0.723141749     0.195653070
     9.900000000     0.480350350    -0.717025408     0.195489989
     9.910000000     0.470763656    -0.710683274     0.195313136
     9.920000000     0.461210178    -0.704102506     0.195118953
     9.930000000     0.451712787    -0.697276116     0.194904154
     9.940000000     0.442295728    -0.690202121     0.194665743
     9.950000000     0.432984304    -0.682882733     0.194401028
     9.960000000     0.423804529    -0.675323698     0.194107628
     9.970000000     0.414782762    -0.667533860     0.193783480
     9.980000000     0.405945327    -0.659524899     0.193426834
     9.990000000     0.397318137    -0.651311176     0.193036256
    10.000000000     0.388926312    -0.642909578     0.192610617
    10.010000000     0.380793821    -0.634339292     0.192149082
    10.020000000     0.372943134    -0.625621444     0.191651101
    10.030000000     0.365394906    -0.616778617     0.191116392
    10.040000000     0.358167695    -0.607834287     0.190544925
    10.050000000     0.351277711    -0.598812214     0.189936900
    10.060000000     0.344738609    -0.589735887     0.189292733
    10.070000000     0.338561329    -0.580628053     0.188613029
    10.080000000     0.332753976    -0.571510395     0.187898563
    10.090000000     0.327321743    -0.562403356     0.187150262
    10.100000000     0.322266894    -0.553326108     0.186369178
    10.110000000     0.317588772    -0.544296629     0.185556471
    10.120000000     0.313283863    -0.535331830     0.184713388
    10.130000000     0.309345894    -0.526447709     0.183841246
    10.140000000     0.305765970    -0.517659468     0.182941413
    10.150000000     0.302532741    -0.508981609     0.182015294
    10.160000000     0.299632597    -0.500427970     0.181064319
    10.170000000     0.297049891    -0.492011734     0.180089930
    10.180000000     0.294767179    -0.483745379     0.179093571
    10.190000000     0.292765473    -0.475640589     0.178076688
    10.200000000     0.291024506    -0.467708091     0.177040716
    10.210000000     0.289523004    -0.459957433     0.175987082
    10.220000000     0.288238959    -0.452396709     0.174917203
    10.230000000     0.287149891    -0.445032250     0.173832487
    10.240000000     0.286233115    -0.437868346     0.172734333
    10.250000000     0.285465986    -0.430907021     0.171624140
    10.260000000     0.284826140    -0.424147910     0.170503302
    10.270000000     0.284291702    -0.417588239     0.169373220
    10.280000000     0.283841492    -0.411222902     0.168235300
    10.290000000     0.283455193    -0.405044619     0.167090957
    10.300000000     0.283113507    -0.399044161     0.165941616
    10.310000000     0.282798273    -0.393210647     0.164788711
    10.320000000     0.282492573    -0.387531901     0.163633687
    10.330000000     0.282180802    -0.381994887     0.162477988
    10.340000000     0.281848717    -0.376586186     0.161323058
    10.350000000     0.281483460    -0.371292504     0.160170327
    10.360000000     0.281073561    -0.366101139     0.159021203
    10.370000000     0.280608918    -0.361000359     0.157877057
    10.380000000     0.280080755    -0.355979665     0.156739207
    10.390000000     0.279481578    -0.351029901     0.155608902
    10.400000000     0.278805098    -0.346143253     0.154487304
    10.410000000     0.278046165    -0.341313155     0.153375465
    10.420000000     0.277200684    -0.336534153     0.152274312
    10.430000000     0.276265527    -0.331801799     0.151184621
    10.440000000     0.275238454    -0.327112585     0.150107003
    10.450000000     0.274118028    -0.322463963     0.149041882
    10.460000000     0.272903542    -0.317854416     0.147989483
    10.470000000     0.271594946    -0.313283548     0.146949810
    10.480000000     0.270192788    -0.308752117     0.145922644
    10.490000000     0.268698165    -0.304261939     0.144907528
    10.500000000     0.267112679    -0.299815623     0.143903765
    10.510000000     0.265438410    -0.295416107     0.142910419
    10.520000000     0.263677893    -0.291066068     0.141926318
    10.530000000     0.261834102    -0.286767269     0.140950064
    10.540000000     0.259910452    -0.282519979     0.139980044
    10.550000000     0.257910792    -0.278322532     0.139014453
    10.560000000     0.255839407    -0.274171125     0.138051313
    10.570000000     0.253701026    -0.270059833     0.137088500
    10.580000000     0.251500819    -0.265980821     0.136123781
    10.590000000     0.249244398    -0.261924684     0.135154845
    10.600000000     0.246937806    -0.257880839     0.134179343
    10.610000000     0.244587505    -0.253837924     0.133194930
    10.620000000     0.242200351    -0.249784198     0.132199312
    10.630000000     0.239783560    -0.245707950     0.131190285
    10.640000000     0.237344663    -0.241597977     0.130165786
    10.650000000     0.234891455    -0.237444152     0.129123940
    10.660000000     0.232431926    -0.233238061     0.128063098
    10.670000000     0.229974189    -0.228973656     0.126981887
    10.680000000     0.227526401    -0.224647789     0.125879246
    10.690000000     0.225096672    -0.220260510     0.124754463
    10.700000000     0.222692975    -0.215815030     0.123607206
    10.710000000     0.220323051    -0.211317335     0.122437551
    10.720000000     0.217994316    -0.206775518     0.121245996
    10.730000000     0.215713769    -0.202198957     0.120033482
    10.740000000     0.213487909    -0.197597491     0.118801392
    10.750000000     0.211322653    -0.192980736     0.117551553
    10.760000000     0.209223267    -0.188357616     0.116286224
    10.770000000     0.207194308    -0.183736117     0.115008081
    10.780000000     0.205239577    -0.179123240     0.113720188
    10.790000000     0.203362086    -0.174525066     0.112425971
    10.800000000     0.201564039    -0.169946876     0.111129172
    10.810000000     0.199846823    -0.165393268     0.109833809
    10.820000000     0.198211024    -0.160868264     0.108544120
    10.830000000     0.196656442    -0.156375396     0.107264514
    10.840000000     0.195182128    -0.151917811     0.105999509
    10.850000000     0.193786434    -0.147498370     0.104753671
    10.860000000     0.192467062    -0.143119769     0.103531554
    10.870000000     0.191221137    -0.138784639     0.102337640
    10.880000000     0.190045271    -0.134495608     0.101176274
    10.890000000     0.188935645    -0.130255292     0.100051610
    10.900000000     0.187888087    -0.126066219     0.098967556
    10.910000000     0.186898153    -0.121930672     0.097927727
    10.920000000     0.185961210    -0.117850482     0.096935393
    10.930000000     0.185072515    -0.113826813     0.095993449
    10.940000000     0.184227292    -0.109859967     0.095104378
    10.950000000     0.183420806    -0.105949245     0.094270229
    10.960000000     0.182648428    -0.102092907     0.093492597
    10.970000000     0.181905704    -0.098288230     0.092772611
    10.980000000     0.181188405    -0.094531674     0.092110935
    10.990000000     0.180492581    -0.090819119     0.091507765
    11.000000000     0.179814604    -0.087146163     0.090962841
    11.010000000     0.179151203    -0.083508419     0.090475459
    11.020000000     0.178499501    -0.079901794     0.090044493
    11.030000000     0.177857035    -0.076322722     0.089668417
    11.040000000     0.177221777    -0.072768344     0.089345333
    11.050000000     0.176592151    -0.069236632     0.089072998
    11.060000000     0.175967041    -0.065726464     0.088848858
    11.070000000     0.175345795    -0.062237623     0.088670081
    11.080000000     0.174728230    -0.058770739     0.088533589
    11.090000000     0.174114624    -0.055327133     0.088436091
    11.100000000     0.173505710    -0.051908592     0.088374116
    11.110000000     0.172902666    -0.048517071     0.088344045
    11.120000000     0.172307096    -0.045154366     0.088342141
    11.130000000     0.171721009    -0.041821791     0.088364576
    11.140000000     0.171146794    -0.038519906     0.088407460
    11.150000000     0.170587185    -0.035248317     0.088466865
    11.160000000     0.170045223    -0.032005588     0.088538849
    11.170000000     0.169524213    -0.028789261     0.088619480
    11.180000000     0.169027674    -0.025595992     0.088704854
    11.190000000     0.168559274    -0.022421776     0.088791119
    11.200000000     0.168122775    -0.019262264     0.088874492
    11.210000000     0.167721955    -0.016113117     0.088951281
    11.220000000     0.167360534    -0.012970390     0.089017904
    11.230000000     0.167042096    -0.009830891     0.089070910
    11.240000000     0.166769999    -0.006692485     0.089106999
    11.250000000     0.166547292    -0.003554297     0.089123044
    11.260000000     0.166376628    -0.000416805     0.089116114
    11.270000000     0.166260179     0.002718191     0.089083497
    11.280000000     0.166199552     0.005847691     0.089022726
    11.290000000     0.166195715     0.008967676     0.088931600
    11.300000000     0.166248929     0.012073295     0.088808210
    11.310000000     0.166358692     0.015159005     0.088650965
    11.320000000     0.166523694     0.018218664     0.088458615
    11.330000000     0.166741783     0.021245548     0.088230272
    11.340000000     0.167009958     0.024232333     0.087965430
    11.350000000     0.167324363     0.027171063     0.087663984
    11.360000000     0.167680316     0.030053150     0.087326243
    11.370000000     0.168072341     0.032869431     0.086952943
    11.380000000     0.168494227     0.035610319     0.086545248
    11.390000000     0.168939103     0.038266043     0.086104757
    11.400000000     0.169399528     0.040827018     0.085633493
    11.410000000     0.169867591     0.043284312     0.085133899
    11.420000000     0.170335027     0.045630211     0.084608815
    11.430000000     0.170793345     0.047858832     0.084061464
    11.440000000     0.171233955     0.049966718     0.083495415
    11.450000000     0.171648299     0.051953324     0.082914556
    11.460000000     0.172027988     0.053821310     0.082323051
    11.470000000     0.172364929     0.055576592     0.081725299
    11.480000000     0.172651441     0.057228112     0.081125884
    11.490000000     0.172880374     0.058787361     0.080529524
    11.500000000     0.173045203     0.060267714     0.079941021
    11.510000000     0.173140111     0.061683672     0.079365198
    11.520000000     0.173160058     0.063050077     0.078806854
    11.530000000     0.173100827     0.064381397     0.078270698
    11.540000000     0.172959052     0.065691115     0.077761304
    11.550000000     0.172732232     0.066991245     0.077283052
    11.560000000     0.172418720     0.068291973     0.076840086
    11.570000000     0.172017698     0.069601437     0.076436264
    11.580000000     0.171529135     0.070925617     0.076075121
    11.590000000     0.170953730     0.072268358     0.075759835
    11.600000000     0.170292846     0.073631516     0.075493195
    11.610000000     0.169548430     0.075015218     0.075277579
    11.620000000     0.168722929     0.076418211     0.075114936
    11.630000000     0.167819200     0.077838264     0.075006774
    11.640000000     0.166840422     0.079272580     0.074954155
    11.650000000     0.165790006     0.080718159     0.074957696
    11.660000000     0.164671508     0.082172104     0.075017570
    11.670000000     0.163488549     0.083631851     0.075133520
    11.680000000     0.162244742     0.085095316     0.075304868
    11.690000000     0.160943629     0.086560991     0.075530537
    11.700000000     0.159588627     0.088027989     0.075809068
    11.710000000     0.158182983     0.089496045     0.076138644
    11.720000000     0.156729742     0.090965486     0.076517113
    11.730000000     0.155231728     0.092437154     0.076942013
    11.740000000     0.153691531     0.093912289     0.077410602
    11.750000000     0.152111506     0.095392366     0.077919875
    11.760000000     0.150493786     0.096878902     0.078466598
    11.770000000     0.148840293     0.098373249     0.079047327
    11.780000000     0.147152767     0.099876409     0.079658433
    11.790000000     0.145432791     0.101388907     0.080296125
    11.800000000     0.143681826     0.102910756     0.080956470
    11.810000000     0.141901245     0.104441530     0.081635410
    11.820000000     0.140092373     0.105980548     0.082328788
    11.830000000     0.138256518     0.107527141     0.083032358
    11.840000000     0.136395011     0.109080951     0.083741804
    11.850000000     0.134509235     0.110642203     0.084452759
    11.860000000     0.132600652     0.112211900     0.085160820
    11.870000000     0.130670830     0.113791891     0.085861561
    11.880000000     0.128721456     0.115384812     0.086550558
    11.890000000     0.126754356     0.116993900     0.087223400
    11.900000000     0.124771493     0.118622732     0.087875710
    11.910000000     0.122774973     0.120274930     0.088503168
    11.920000000     0.120767036     0.121953898     0.089101530
    11.930000000     0.118750049     0.123662613     0.089666652
    11.940000000     0.116726482     0.125403508     0.090194518
    11.950000000     0.114698893     0.127178408     0.090681260
    11.960000000     0.112669898     0.128988524     0.091123191
    11.970000000     0.110642147     0.130834467     0.091516831
    11.980000000     0.108618288     0.132716256     0.091858935
    11.990000000     0.106600938     0.134633329     0.092146519
    12.000000000     0.104592648     0.136584535     0.092376893
    12.010000000     0.102595873     0.138568142     0.092547681
    12.020000000     0.100612939     0.140581860     0.092656850
    12.030000000     0.098646017     0.142622898     0.092702728
    12.040000000     0.096697095     0.144688075     0.092684023
    12.050000000     0.094767958     0.146773971     0.092599840
    12.060000000     0.092860168     0.148877110     0.092449687
    12.070000000     0.090975054     0.150994157     0.092233482
    12.080000000     0.089113701     0.153122087     0.091951555
    12.090000000     0.087276950     0.155258312     0.091604639
    12.100000000     0.085465393     0.157400748     0.091193860
    12.110000000     0.083679388     0.159547810     0.090720720
    12.120000000     0.081919060     0.161698349     0.090187077
    12.130000000     0.080184323     0.163851554     0.089595112
    12.140000000     0.078474892     0.166006844     0.088947302
    12.150000000     0.076790309     0.168163757     0.088246378
    12.160000000     0.075129960     0.170321881     0.087495287
    12.170000000     0.073493101     0.172480813     0.086697144
    12.180000000     0.071878886     0.174640156     0.085855188
    12.190000000     0.070286388     0.176799538     0.084972735
    12.200000000     0.068714625     0.178958668     0.084053122
    12.210000000     0.067162586     0.181117383     0.083099665
    12.220000000     0.065629249     0.183275714     0.082115606
    12.230000000     0.064113606     0.185433937     0.081104071
    12.240000000     0.062614678     0.187592599     0.080068023
    12.250000000     0.061131533     0.189752529     0.079010225
    12.260000000     0.059663297     0.191914789     0.077933202
    12.270000000     0.058209168     0.194080605     0.076839217
    12.280000000     0.056768423     0.196251238     0.075730240
    12.290000000     0.055340423     0.198427857     0.074607934
    12.300000000     0.053924618     0.200611398     0.073473642
    12.310000000     0.052520550     0.202802463     0.072328383
    12.320000000     0.051127852     0.205001258     0.071172855
    12.330000000     0.049746244     0.207207590     0.070007441
    12.340000000     0.048375538     0.209420914     0.068832229
    12.350000000     0.047015626     0.211640416     0.067647027
    12.360000000     0.045666484     0.213865120     0.066451401
    12.370000000     0.044328163     0.216094004     0.065244698
    12.380000000     0.043000786     0.218326116     0.064026088
    12.390000000     0.041684545     0.220560672     0.062794610
    12.400000000     0.040379696     0.222797141     0.061549208
    12.410000000     0.039086556     0.225035292     0.060288785
    12.420000000     0.037805497     0.227275212     0.059012248
    12.430000000     0.036536947     0.229517280     0.057718556
    12.440000000     0.035281385     0.231762108     0.056406770
    12.450000000     0.034039334     0.234010446     0.055076095
    12.460000000     0.032811367     0.236263086     0.053725926
    12.470000000     0.031598095     0.238520766     0.052355885
    12.480000000     0.030400172     0.240784091     0.050965856
    12.490000000     0.029218286     0.243053493     0.049556016
    12.500000000     0.028053157     0.245329214     0.048126857
    12.510000000     0.026905536     0.247611326     0.046679201
    12.520000000     0.025776197     0.249899757     0.045214216
    12.530000000     0.024665933     0.252194333     0.043733415
    12.540000000     0.023575552     0.254494806     0.042238651
    12.550000000     0.022505869     0.256800883     0.040732111
    12.560000000     0.021457702     0.259112235     0.039216298
    12.570000000     0.020431862     0.261428506     0.037694005
    12.580000000     0.019429150     0.263749306     0.036168287
    12.590000000     0.018450345     0.266074212     0.034642426
    12.600000000     0.017496200     0.268402758     0.033119895
    12.610000000     0.016567435     0.270734429     0.031604314
    12.620000000     0.015664724     0.273068648     0.030099404
    12.630000000     0.014788696     0.275404771     0.028608941
    12.640000000     0.013939922     0.277742078     0.027136711
    12.650000000     0.013118912     0.280079774     0.025686460
    12.660000000     0.012326107     0.282417000     0.024261850
    12.670000000     0.011561876     0.284752842     0.022866413
    12.680000000     0.010826513     0.287086365     0.021503512
    12.690000000     0.010120227     0.289416631     0.020176300
    12.700000000     0.009443150     0.291742725     0.018887689
    12.710000000     0.008795323     0.294063772     0.017640321
    12.720000000     0.008176706     0.296378947     0.016436539
    12.730000000     0.007587172     0.298687471     0.015278375
    12.740000000     0.007026508     0.300988611     0.014167530
    12.750000000     0.006494418     0.303281674     0.013105369
    12.760000000     0.005990526     0.305565990     0.012092916
    12.770000000     0.005514377     0.307840912     0.011130856
    12.780000000     0.005065444     0.310105805     0.010219543
    12.790000000     0.004643127     0.312360042     0.009359009
    12.800000000     0.004246764     0.314603001     0.008548979
    12.810000000     0.003875631     0.316834069     0.007788890
    12.820000000     0.003528952     0.319052650     0.007077912
    12.830000000     0.003205902     0.321258171     0.006414969
    12.840000000     0.002905613     0.323450096     0.005798769
    12.850000000     0.002627183     0.325627933     0.005227823
    12.860000000     0.002369682     0.327791248     0.004700481
    12.870000000     0.002132154     0.329939667     0.004214951
    12.880000000     0.001913629     0.332072881     0.003769331
    12.890000000     0.001713126     0.334190650     0.003361634
    12.900000000     0.001529662     0.336292796     0.002989811
    12.910000000     0.001362254     0.338379205     0.002651778
    12.920000000     0.001209927     0.340449820     0.002345438
    12.930000000     0.001071718     0.342504634     0.002068696
    12.940000000     0.000946683     0.344543688     0.001819485
    12.950000000     0.000833900     0.346567059     0.001595778
    12.960000000     0.000732472     0.348574860     0.001395600
    12.970000000     0.000641532     0.350567229     0.001217047
    12.980000000     0.000560246     0.352544327     0.001058287
    12.990000000     0.000487816     0.354506335     0.000917578
    13.000000000     0.000423480     0.356453443     0.000793263
    13.010000000     0.000366517     0.358385856     0.000683783
    13.020000000     0.000316244     0.360303781     0.000587678
    13.030000000     0.000272021     0.362207435     0.000503584
    13.040000000     0.000233248     0.364097033     0.000430237
    13.050000000     0.000199369     0.365972794     0.000366469
    13.060000000     0.000169864     0.367834937     0.000311210
    13.070000000     0.000144257     0.369683677     0.000263480
    13.080000000     0.000122110     0.371519229     0.000222387
    13.090000000     0.000103022     0.373341804     0.000187125
    13.100000000     0.000086628     0.375151610     0.000156965
    13.110000000     0.000072598     0.376948853     0.000131255
    13.120000000     0.000060634     0.378733731     0.000109411
    13.130000000     0.000050469     0.380506441     0.000090913
    13.140000000     0.000041863     0.382267174     0.000075301
    13.150000000     0.000034604     0.384016118     0.000062170
    13.160000000     0.000028503     0.385753455     0.000051163
    13.170000000     0.000023395     0.387479363     0.000041967
    13.180000000     0.000019135     0.389194016     0.000034311
    13.190000000     0.000015594     0.390897584     0.000027959
    13.200000000     0.000012663     0.392590231     0.000022707
    13.210000000     0.000010246     0.394272118     0.000018380
    13.220000000     0.000008260     0.395943401     0.000014827
    13.230000000     0.000006634     0.397604235     0.000011920
    13.240000000     0.000005309     0.399254766     0.000009550
    13.250000000     0.000004233     0.400895141     0.000007625
    13.260000000     0.000003362     0.402525499     0.000006067
    13.270000000     0.000002661     0.404145980     0.000004811
    13.280000000     0.000002098     0.405756718     0.000003801
    13.290000000     0.000001648     0.407357842     0.000002992
    13.300000000     0.000001289     0.408949481     0.000002348
    13.310000000     0.000001005     0.410531759     0.000001835
    13.320000000     0.000000780     0.412104798     0.000001429
    13.330000000     0.000000604     0.413668716     0.000001109
    13.340000000     0.000000465     0.415223628     0.000000858
    13.350000000     0.000000357     0.416769648     0.000000661
    13.360000000     0.000000273     0.418306886     0.000000507
    13.370000000     0.000000208     0.419835448     0.000000388
    13.380000000     0.000000158     0.421355442     0.000000295
    13.390000000     0.000000119     0.422866968     0.000000224
    13.400000000     0.000000090     0.424370129     0.000000170
    13.410000000     0.000000067     0.425865021     0.000000128
    13.420000000     0.000000050     0.427351741     0.000000096
    13.430000000     0.000000037     0.428830383     0.000000072
    13.440000000     0.000000028     0.430301039     0.000000053
    13.450000000     0.000000020     0.431763799     0.000000040
    13.460000000     0.000000015     0.433218750     0.000000029
    13.470000000     0.000000011     0.434665979     0.000000022
    13.480000000     0.000000008     0.436105571     0.000000016
    13.490000000     0.000000006     0.437537607     0.000000012
    13.500000000     0.000000004     0.438962169     0.000000008
    13.510000000     0.000000003     0.440379337     0.000000006
    13.520000000     0.000000002     0.441789188     0.000000004
    13.530000000     0.000000002     0.443191798     0.000000003
    13.540000000     0.000000001     0.444587242     0.000000002
    13.550000000     0.000000001     0.445975594     0.000000002
    13.560000000     0.000000001     0.447356925     0.000000001
    13.570000000     0.000000000     0.448731306     0.000000001
    13.580000000     0.000000000     0.450098807     0.000000001
    13.590000000     0.000000000     0.451459495     0.000000000
    13.600000000     0.000000000     0.452813437     0.000000000
    13.610000000     0.000000000     0.454160698     0.000000000
    13.620000000     0.000000000     0.455501344     0.000000000
    13.630000000     0.000000000     0.456835437     0.000000000
    13.640000000     0.000000000     0.458163039     0.000000000
    13.650000000     0.000000000     0.459484212     0.000000000
    13.660000000     0.000000000     0.460799016     0.000000000
    13.670000000     0.000000000     0.462107509     0.000000000
    13.680000000     0.000000000     0.463409749     0.000000000
    13.690000000     0.000000000     0.464705794     0.000000000
    13.700000000     0.000000000     0.465995700     0.000000000
    13.710000000     0.000000000     0.467279521     0.000000000
    13.720000000     0.000000000     0.468557313     0.000000000
    13.730000000     0.000000000     0.469829128     0.000000000
    13.740000000     0.000000000     0.471095019     0.000000000
    13.750000000     0.000000000     0.472355038     0.000000000
    13.760000000     0.000000000     0.473609235     0.000000000
    13.770000000     0.000000000     0.474857662     0.000000000
    13.780000000     0.000000000     0.476100366     0.000000000
    13.790000000     0.000000000     0.477337398     0.000000000
    13.800000000     0.000000000     0.478568804     0.000000000
    13.810000000     0.000000000     0.479794632     0.000000000
    13.820000000     0.000000000     0.481014928     0.000000000
    13.830000000     0.000000000     0.482229739     0.000000000
    13.840000000     0.000000000     0.483439108     0.000000000
    13.850000000     0.000000000     0.484643082     0.000000000
    13.860000000     0.000000000     0.485841702     0.000000000
    13.870000000     0.000000000     0.487035014     0.000000000
    13.880000000     0.000000000     0.488223059     0.000000000
    13.890000000     0.000000000     0.489405879     0.000000000
    13.900000000     0.000000000     0.490583516     0.000000000
    13.910000000     0.000000000     0.491756010     0.000000000
    13.920000000     0.000000000     0.492923402     0.000000000
    13.930000000     0.000000000     0.494085732     0.000000000
    13.940000000     0.000000000     0.495243039     0.000000000
    13.950000000     0.000000000     0.496395361     0.000000000
    13.960000000     0.000000000     0.497542737     0.000000000
    13.970000000     0.000000000     0.498685204     0.000000000
    13.980000000     0.000000000     0.499822799     0.000000000
    13.990000000     0.000000000     0.500955560     0.000000000
    14.000000000     0.000000000     0.502083522     0.000000000
    14.010000000     0.000000000     0.503206722     0.000000000
    14.020000000     0.000000000     0.504325194     0.000000000
    14.030000000     0.000000000     0.505438973     0.000000000
    14.040000000     0.000000000     0.506548094     0.000000000
    14.050000000     0.000000000     0.507652591     0.000000000
    14.060000000     0.000000000     0.508752497     0.000000000
    14.070000000     0.000000000     0.509847846     0.000000000
    14.080000000     0.000000000     0.510938671     0.000000000
    14.090000000     0.000000000     0.512025003     0.000000000
    14.100000000     0.000000000     0.513106875     0.000000000
    14.110000000     0.000000000     0.514184318     0.000000000
    14.120000000     0.000000000     0.515257363     0.000000000
    14.130000000     0.000000000     0.516326043     0.000000000
    14.140000000     0.000000000     0.517390386     0.000000000
    14.150000000     0.000000000     0.518450423     0.000000000
    14.160000000     0.000000000     0.519506184     0.000000000
    14.170000000     0.000000000     0.520557698     0.000000000
    14.180000000     0.000000000     0.521604995     0.000000000
    14.190000000     0.000000000     0.522648104     0.000000000
    14.200000000     0.000000000     0.523687052     0.000000000
    14.210000000     0.000000000     0.524721868     0.000000000
    14.220000000     0.000000000     0.525752580     0.000000000
    14.230000000     0.000000000     0.526779215     0.000000000
    14.240000000     0.000000000     0.527801801     0.000000000
    14.250000000     0.000000000     0.528820365     0.000000000
    14.260000000     0.000000000     0.529834932     0.000000000
    14.270000000     0.000000000     0.530845530     0.000000000
    14.280000000     0.000000000     0.531852185     0.000000000
    14.290000000     0.000000000     0.532854922     0.000000000
    14.300000000     0.000000000     0.533853767     0.000000000
    14.310000000     0.000000000     0.534848746     0.000000000
    14.320000000     0.000000000     0.535839882     0.000000000
    14.330000000     0.000000000     0.536827202     0.000000000
    14.340000000     0.000000000     0.537810729     0.000000000
    14.350000000     0.000000000     0.538790487     0.000000000
    14.360000000     0.000000000     0.539766501     0.000000000
    14.370000000     0.000000000     0.540738795     0.000000000
    14.380000000     0.000000000     0.541707392     0.000000000
    14.390000000     0.000000000     0.542672314     0.000000000
    14.400000000     0.000000000     0.543633586     0.000000000
    14.410000000     0.000000000     0.544591230     0.000000000
    14.420000000     0.000000000     0.545545268     0.000000000
    14.430000000     0.000000000     0.546495723     0.000000000
    14.440000000     0.000000000     0.547442617     0.000000000
    14.450000000     0.000000000     0.548385972     0.000000000
    14.460000000     0.000000000     0.549325809     0.000000000
    14.470000000     0.000000000     0.550262151     0.000000000
    14.480000000     0.000000000     0.551195018     0.000000000
    14.490000000     0.000000000     0.552124431     0.000000000
    14.500000000     0.000000000     0.553050412     0.000000000
    14.510000000     0.000000000     0.553972980     0.000000000
    14.520000000     0.000000000     0.554892157     0.000000000
    14.530000000     0.000000000     0.555807963     0.000000000
    14.540000000     0.000000000     0.556720418     0.000000000
    14.550000000     0.000000000     0.557629541     0.000000000
    14.560000000     0.000000000     0.558535353     0.000000000
    14.570000000     0.000000000     0.559437873     0.000000000
    14.580000000     0.000000000     0.560337121     0.000000000
    14.590000000     0.000000000     0.561233114     0.000000000
    14.600000000     0.000000000     0.562125874     0.000000000
    14.610000000     0.000000000     0.563015418     0.000000000
    14.620000000     0.000000000     0.563901765     0.000000000
    14.630000000     0.000000000     0.564784934     0.000000000
    14.640000000     0.000000000     0.565664942     0.000000000
    14.650000000     0.000000000     0.566541809     0.000000000
    14.660000000     0.000000000     0.567415552     0.000000000
    14.670000000     0.000000000     0.568286188     0.000000000
    14.680000000     0.000000000     0.569153737     0.000000000
    14.690000000     0.000000000     0.570018215     0.000000000
    14.700000000     0.000000000     0.570879639     0.000000000
    14.710000000     0.000000000     0.571738027     0.000000000
    14.720000000     0.000000000     0.572593396     0.000000000
    14.730000000     0.000000000     0.573445763     0.000000000
    14.740000000     0.000000000     0.574295145     0.000000000
    14.750000000     0.000000000     0.575141558     0.000000000
    14.760000000     0.000000000     0.575985019     0.000000000
    14.770000000     0.000000000     0.576825544     0.000000000
    14.780000000     0.000000000     0.577663149     0.000000000
    14.790000000     0.000000000     0.578497852     0.000000000
    14.800000000     0.000000000     0.579329666     0.000000000
    14.810000000     0.000000000     0.580158609     0.000000000
    14.820000000     0.000000000     0.580984696     0.000000000
    14.830000000     0.000000000     0.581807943     0.000000000
    14.840000000     0.000000000     0.582628364     0.000000000
    14.850000000     0.000000000     0.583445976     0.000000000
    14.860000000     0.000000000     0.584260794     0.000000000
    14.870000000     0.000000000     0.585072832     0.000000000
    14.880000000     0.000000000     0.585882106     0.000000000
    14.890000000     0.000000000     0.586688630     0.000000000
    14.900000000     0.000000000     0.587492419     0.000000000
    14.910000000     0.000000000     0.588293488     0.000000000
    14.920000000     0.000000000     0.589091850     0.000000000
    14.930000000     0.000000000     0.589887522     0.000000000
    14.940000000     0.000000000     0.590680516     0.000000000
    14.950000000     0.000000000     0.591470847     0.000000000
    14.960000000     0.000000000     0.592258529     0.000000000
    14.970000000     0.000000000     0.593043575     0.000000000
    14.980000000     0.000000000     0.593826000     0.000000000
    14.990000000     0.000000000     0.594605818     0.000000000
    15.000000000     0.000000000     0.595383041     0.000000000
