     0.000000000    -0.000000000     2.286196769     0.000000000
     0.010000000     0.000000000     2.286201647     0.000000000
     0.020000000     0.000000000     2.286216280     0.000000000
     0.030000000     0.000000000     2.286240670     0.000000000
     0.040000000     0.000000000     2.286274819     0.000000000
     0.050000000     0.000000000     2.286318729     0.000000000
     0.060000000     0.000000000     2.286372404     0.000000000
     0.070000000     0.000000000     2.286435848     0.000000000
     0.080000000     0.000000000     2.286509066     0.000000000
     0.090000000     0.000000000     2.286592064     0.000000000
     0.100000000     0.000000000     2.286684848     0.000000000
     0.110000000     0.000000000     2.286787425     0.000000000
     0.120000000     0.000000000     2.286899804     0.000000000
     0.130000000     0.000000000     2.287021993     0.000000000
     0.140000000     0.000000000     2.287154003     0.000000000
     0.150000000     0.000000000     2.287295842     0.000000000
     0.160000000     0.000000000     2.287447523     0.000000000
     0.170000000     0.000000000     2.287609057     0.000000000
     0.180000000     0.000000000     2.287780457     0.000000000
     0.190000000     0.000000000     2.287961738     0.000000000
     0.200000000     0.000000000     2.288152912     0.000000000
     0.210000000     0.000000000     2.288353995     0.000000000
     0.220000000     0.000000000     2.288565003     0.000000000
     0.230000000     0.000000000     2.288785953     0.000000000
     0.240000000     0.000000000     2.289016863     0.000000000
     0.250000000     0.000000000     2.289257750     0.000000000
     0.260000000     0.000000000     2.289508635     0.000000000
     0.270000000     0.000000000     2.289769536     0.000000000
     0.280000000     0.000000000     2.290040476     0.000000000
     0.290000000     0.000000000     2.290321476     0.000000000
     0.300000000     0.000000000     2.290612558     0.000000000
     0.310000000     0.000000000     2.290913745     0.000000000
     0.320000000     0.000000000     2.291225064     0.000000000
     0.330000000     0.000000000     2.291546537     0.000000000
     0.340000000     0.000000000     2.291878193     0.000000000
     0.350000000     0.000000000     2.292220056     0.000000000
     0.360000000     0.000000000     2.292572157     0.000000000
     0.370000000     0.000000000     2.292934523     0.000000000
     0.380000000     0.000000000     2.293307184     0.000000000
     0.390000000     0.000000000     2.293690171     0.000000000
     0.400000000     0.000000000     2.294083515     0.000000000
     0.410000000     0.000000000     2.294487249     0.000000000
     0.420000000     0.000000000     2.294901407     0.000000000
     0.430000000     0.000000000     2.295326023     0.000000000
     0.440000000     0.000000000     2.295761133     0.000000000
     0.450000000     0.000000000     2.296206773     0.000000000
     0.460000000     0.000000000     2.296662981     0.000000000
     0.470000000     0.000000000     2.297129794     0.000000000
     0.480000000     0.000000000     2.297607254     0.000000000
     0.490000000     0.000000000     2.298095400     0.000000000
     0.500000000     0.000000000     2.298594275     0.000000000
     0.510000000     0.000000000     2.299103920     0.000000000
     0.520000000     0.000000000     2.299624380     0.000000000
     0.530000000     0.000000000     2.300155700     0.000000000
     0.540000000     0.000000000     2.300697927     0.000000000
     0.550000000     0.000000000     2.301251106     0.000000000
     0.560000000     0.000000000     2.301815287     0.000000000
     0.570000000     0.000000000     2.302390520     0.000000000
     0.580000000     0.000000000     2.302976855     0.000000000
     0.590000000     0.000000000     2.303574344     0.000000000
     0.600000000     0.000000000     2.304183040     0.000000000
     0.610000000     0.000000000     2.304802999     0.000000000
     0.620000000     0.000000000     2.305434276     0.000000000
     0.630000000     0.000000000     2.306076928     0.000000000
     0.640000000     0.000000000     2.306731013     0.000000000
     0.650000000     0.000000000     2.307396592     0.000000000
     0.660000000     0.000000000     2.308073725     0.000000000
     0.670000000     0.000000000     2.308762476     0.000000000
     0.680000000     0.000000000     2.309462907     0.000000000
     0.690000000     0.000000000     2.310175085     0.000000000
     0.700000000     0.000000000     2.310899077     0.000000000
     0.710000000     0.000000000     2.311634951     0.000000000
     0.720000000     0.000000000     2.312382776     0.000000000
     0.730000000     0.000000000     2.313142625     0.000000000
     0.740000000     0.000000000     2.313914571     0.000000000
     0.750000000     0.000000000     2.314698688     0.000000000
     0.760000000     0.000000000     2.315495052     0.000000000
     0.770000000     0.000000000     2.316303743     0.000000000
     0.780000000     0.000000000     2.317124839     0.000000000
     0.790000000     0.000000000     2.317958422     0.000000000
     0.800000000     0.000000000     2.318804576     0.000000000
     0.810000000     0.000000000     2.319663386     0.000000000
     0.820000000     0.000000000     2.320534939     0.000000000
     0.830000000     0.000000000     2.321419324     0.000000000
     0.840000000     0.000000000     2.322316633     0.000000000
     0.850000000     0.000000000     2.323226957     0.000000000
     0.860000000     0.000000000     2.324150392     0.000000000
     0.870000000     0.000000000     2.325087036     0.000000000
     0.880000000     0.000000000     2.326036988     0.000000000
     0.890000000     0.000000000     2.327000348     0.000000000
     0.900000000     0.000000000     2.327977222     0.000000000
     0.910000000     0.000000000     2.328967714     0.000000000
     0.920000000     0.000000000     2.329971934     0.000000000
     0.930000000     0.000000000     2.330989993     0.000000000
     0.940000000     0.000000000     2.332022003     0.000000000
     0.950000000     0.000000000     2.333068080     0.000000000
     0.960000000     0.000000000     2.334128344     0.000000000
     0.970000000     0.000000000     2.335202915     0.000000000
     0.980000000     0.000000000     2.336291916     0.000000000
     0.990000000     0.000000000     2.337395476     0.000000000
     1.000000000     0.000000000     2.338513723     0.000000000
     1.010000000     0.000000000     2.339646790     0.000000000
     1.020000000     0.000000000     2.340794813     0.000000000
     1.030000000     0.000000000     2.341957930     0.000000000
     1.040000000     0.000000000     2.343136283     0.000000000
     1.050000000     0.000000000     2.344330018     0.000000000
     1.060000000     0.000000000     2.345539283     0.000000000
     1.070000000     0.000000000     2.346764230     0.000000000
     1.080000000     0.000000000     2.348005015     0.000000000
     1.090000000     0.000000000     2.349261797     0.000000000
     1.100000000     0.000000000     2.350534740     0.000000000
     1.110000000     0.000000000     2.351824011     0.000000000
     1.120000000     0.000000000     2.353129781     0.000000000
     1.130000000     0.000000000     2.354452224     0.000000000
     1.140000000     0.000000000     2.355791521     0.000000000
     1.150000000     0.000000000     2.357147856     0.000000000
     1.160000000     0.000000000     2.358521417     0.000000000
     1.170000000     0.000000000     2.359912396     0.000000000
     1.180000000     0.000000000     2.361320993     0.000000000
     1.190000000     0.000000000     2.362747409     0.000000000
     1.200000000     0.000000000     2.364191854     0.000000000
     1.210000000     0.000000000     2.365654540     0.000000000
     1.220000000     0.000000000     2.367135686     0.000000000
     1.230000000     0.000000000     2.368635516     0.000000000
     1.240000000     0.000000000     2.370154261     0.000000000
     1.250000000     0.000000000     2.371692158     0.000000000
     1.260000000     0.000000000     2.373249448     0.000000000
     1.270000000     0.000000000     2.374826380     0.000000000
     1.280000000     0.000000000     2.376423211     0.000000000
     1.290000000     0.000000000     2.378040202     0.000000000
     1.300000000     0.000000000     2.379677623     0.000000000
     1.310000000     0.000000000     2.381335751     0.000000000
     1.320000000     0.000000000     2.383014872     0.000000000
     1.330000000     0.000000000     2.384715276     0.000000000
     1.340000000     0.000000000     2.386437266     0.000000000
     1.350000000     0.000000000     2.388181149     0.000000000
     1.360000000     0.000000001     2.389947245     0.000000000
     1.370000000     0.000000001     2.391735881     0.000000000
     1.380000000     0.000000001     2.393547392     0.000000000
     1.390000000     0.000000002     2.395382126     0.000000000
     1.400000000     0.000000003     2.397240438     0.000000000
     1.410000000     0.000000004     2.399122697     0.000000000
     1.420000000     0.000000007     2.401029280     0.000000000
     1.430000000     0.000000010     2.402960576     0.000000000
     1.440000000     0.000000014     2.404916988     0.000000000
     1.450000000     0.000000021     2.406898929     0.000000000
     1.460000000     0.000000030     2.408906826     0.000000000
     1.470000000     0.000000044     2.410941118     0.000000000
     1.480000000     0.000000064     2.413002259     0.000000000
     1.490000000     0.000000091     2.415090717     0.000000000
     1.500000000     0.000000131     2.417206975     0.000000000
     1.510000000     0.000000186     2.419351532     0.000000000
     1.520000000     0.000000264     2.421524903     0.000000000
     1.530000000     0.000000372     2.423727619     0.000000000
     1.540000000     0.000000523     2.425960229     0.000000000
     1.550000000     0.000000731     2.428223302     0.000000000
     1.560000000     0.000001017     2.430517424     0.000000000
     1.570000000     0.000001410     2.432843201     0.000000000
     1.580000000     0.000001945     2.435201260     0.000000000
     1.590000000     0.000002672     2.437592251     0.000000000
     1.600000000     0.000003654     2.440016843     0.000000000
     1.610000000     0.000004975     2.442475731     0.000000001
     1.620000000     0.000006744     2.444969634     0.000000001
     1.630000000     0.000009100     2.447499296     0.000000001
     1.640000000     0.000012225     2.450065485     0.000000001
     1.650000000     0.000016351     2.452669000     0.000000002
     1.660000000     0.000021773     2.455310665     0.000000002
     1.670000000     0.000028863     2.457991336     0.000000003
     1.680000000     0.000038092     2.460711897     0.000000004
     1.690000000     0.000050050     2.463473266     0.000000005
     1.700000000     0.000065471     2.466276392     0.000000007
     1.710000000     0.000085262     2.469122258     0.000000009
     1.720000000     0.000110544     2.472011882     0.000000012
     1.730000000     0.000142688     2.474946318     0.000000015
     1.740000000     0.000183362     2.477926656     0.000000020
     1.750000000     0.000234586     2.480954025     0.000000026
     1.760000000     0.000298789     2.484029591     0.000000033
     1.770000000     0.000378878     2.487154559     0.000000042
     1.780000000     0.000478304     2.490330172     0.000000054
     1.790000000     0.000601146     2.493557716     0.000000068
     1.800000000     0.000752189     2.496838511     0.000000086
     1.810000000     0.000937012     2.500173920     0.000000108
     1.820000000     0.001162076     2.503565338     0.000000136
     1.830000000     0.001434815     2.507014198     0.000000169
     1.840000000     0.001763717     2.510521965     0.000000211
     1.850000000     0.002158409     2.514090131     0.000000261
     1.860000000     0.002629727     2.517720211     0.000000322
     1.870000000     0.003189775     2.521413737     0.000000395
     1.880000000     0.003851962     2.525172248     0.000000484
     1.890000000     0.004631024     2.528997279     0.000000590
     1.900000000     0.005543006     2.532890351     0.000000716
     1.910000000     0.006605222     2.536852946     0.000000867
     1.920000000     0.007836169     2.540886493     0.000001046
     1.930000000     0.009255395     2.544992335     0.000001257
     1.940000000     0.010883323     2.549171702     0.000001505
     1.950000000     0.012741022     2.553425664     0.000001795
     1.960000000     0.014849917     2.557755086     0.000002135
     1.970000000     0.017231446     2.562160561     0.000002530
     1.980000000     0.019906664     2.566642340     0.000002988
     1.990000000     0.022895787     2.571200236     0.000003517
     2.000000000     0.026217694     2.575833514     0.000004128
     2.010000000     0.029889381     2.580540751     0.000004828
     2.020000000     0.033925389     2.585319674     0.000005631
     2.030000000     0.038337210     2.590166956     0.000006547
     2.040000000     0.043132692     2.595077973     0.000007591
     2.050000000     0.048315454     2.600046517     0.000008775
     2.060000000     0.053884339     2.605064439     0.000010117
     2.070000000     0.059832911     2.610121242     0.000011634
     2.080000000     0.066149041     2.615203586     0.000013343
     2.090000000     0.072814578     2.620294719     0.000015266
     2.100000000     0.079805144     2.625373824     0.000017425
     2.110000000     0.087090072     2.630415272     0.000019845
     2.120000000     0.094632489     2.635387811     0.000022552
     2.130000000     0.102389579     2.640253699     0.000025575
     2.140000000     0.110313023     2.644967843     0.000028946
     2.150000000     0.118349621     2.649477018     0.000032701
     2.160000000     0.126442105     2.653719286     0.000036877
     2.170000000     0.134530126     2.657623817     0.000041517
     2.180000000     0.142551405     2.661111341     0.000046667
     2.190000000     0.150443029     2.664095563     0.000052376
     2.200000000     0.158142870     2.666485913     0.000058699
     2.210000000     0.165591085     2.668192013     0.000065694
     2.220000000     0.172731671     2.669130152     0.000073427
     2.230000000     0.179514020     2.669231868     0.000081964
     2.240000000     0.185894448     2.668454287     0.000091382
     2.250000000     0.191837634     2.666791337     0.000101757
     2.260000000     0.197317931     2.664284215     0.000113175
     2.270000000     0.202320505     2.661028978     0.000125723
     2.280000000     0.206842257     2.657178851     0.000139494
     2.290000000     0.210892491     2.652939418     0.000154583
     2.300000000     0.214493298     2.648556034     0.000171089
     2.310000000     0.217679631     2.644294641     0.000189112
     2.320000000     0.220499055     2.640418910     0.000208753
     2.330000000     0.223011160     2.637167714     0.000230112
     2.340000000     0.225286658     2.634736806     0.000253288
     2.350000000     0.227406151     2.633267383     0.000278372
     2.360000000     0.229458610     2.632842402     0.000305455
     2.370000000     0.231539590     2.633489713     0.000334615
     2.380000000     0.233749224     2.635190003     0.000365922
     2.390000000     0.236190033     2.637887121     0.000399434
     2.400000000     0.238964616     2.641498677     0.000435195
     2.410000000     0.242173264     2.645925406     0.000473232
     2.420000000     0.245911574     2.651058513     0.000513553
     2.430000000     0.250268096     2.656784778     0.000556146
     2.440000000     0.255322098     2.662989587     0.000600977
     2.450000000     0.261141493     2.669558263     0.000647989
     2.460000000     0.267780971     2.676376128     0.000697100
     2.470000000     0.275280404     2.683327699     0.000748202
     2.480000000     0.283663542     2.690295397     0.000801164
     2.490000000     0.292937041     2.697158102     0.000855827
     2.500000000     0.303089850     2.703789853     0.000912008
     2.510000000     0.314092957     2.710059034     0.000969501
     2.520000000     0.325899518     2.715828368     0.001028078
     2.530000000     0.338445343     2.720956087     0.001087491
     2.540000000     0.351649745     2.725298596     0.001147474
     2.550000000     0.365416712     2.728714851     0.001207749
     2.560000000     0.379636394     2.731072493     0.001268024
     2.570000000     0.394186843     2.732255393     0.001328002
     2.580000000     0.408935993     2.732171864     0.001387381
     2.590000000     0.423743806     2.730762313     0.001445861
     2.600000000     0.438464559     2.728004804     0.001503144
     2.610000000     0.452949207     2.723917037     0.001558943
     2.620000000     0.467047773     2.718553843     0.001612981
     2.630000000     0.480611724     2.712000344     0.001664999
     2.640000000     0.493496274     2.704362193     0.001714755
     2.650000000     0.505562573     2.695755320     0.001762031
     2.660000000     0.516679748     2.686297781     0.001806631
     2.670000000     0.526726749     2.676105514     0.001848390
     2.680000000     0.535593983     2.665292307     0.001887166
     2.690000000     0.543184703     2.653972707     0.001922851
     2.700000000     0.549416139     2.642265684     0.001955364
     2.710000000     0.554220366     2.630296947     0.001984655
     2.720000000     0.557544894     2.618198880     0.002010704
     2.730000000     0.559352989     2.606108364     0.002033518
     2.740000000     0.559623742     2.594163613     0.002053135
     2.750000000     0.558351880     2.582501166     0.002069615
     2.760000000     0.555547352     2.571253353     0.002083044
     2.770000000     0.551234709     2.560545592     0.002093530
     2.780000000     0.545452300     2.550492461     0.002101200
     2.790000000     0.538251308     2.541191955     0.002106200
     2.800000000     0.529694661     2.532718526     0.002108690
     2.810000000     0.519855838     2.525116698     0.002108843
     2.820000000     0.508817604     2.518397628     0.002106844
     2.830000000     0.496670693     2.512540560     0.002102885
     2.840000000     0.483512472     2.507499875     0.002097166
     2.850000000     0.469445598     2.503216871     0.002089889
     2.860000000     0.454576697     2.499634050     0.002081262
     2.870000000     0.439015083     2.496708893     0.002071492
     2.880000000     0.422871516     2.494424127     0.002060783
     2.890000000     0.406257032     2.492792203     0.002049340
     2.900000000     0.389281841     2.491853036     0.002037362
     2.910000000     0.372054303     2.491665656     0.002025041
     2.920000000     0.354679988     2.492295905     0.002012562
     2.930000000     0.337260820     2.493803106     0.002000101
     2.940000000     0.319894317     2.496228656     0.001987821
     2.950000000     0.302672908     2.499588598     0.001975872
     2.960000000     0.285683343     2.503871028     0.001964389
     2.970000000     0.269006196     2.509037892     0.001953489
     2.980000000     0.252715440     2.515029966     0.001943268
     2.990000000     0.236878119     2.521773483     0.001933804
     3.000000000     0.221554085     2.529187029     0.001925147
     3.010000000     0.206795833     2.537187706     0.001917326
     3.020000000     0.192648392     2.545695987     0.001910340
     3.030000000     0.179149304     2.554639078     0.001904162
     3.040000000     0.166328668     2.563952824     0.001898736
     3.050000000     0.154209251     2.573582407     0.001893976
     3.060000000     0.142806669     2.583482072     0.001889769
     3.070000000     0.132129620     2.593614227     0.001885972
     3.080000000     0.122180190     2.603948148     0.001882417
     3.090000000     0.112954195     2.614458553     0.001878910
     3.100000000     0.104441587     2.625124188     0.001875235
     3.110000000     0.096626899     2.635926587     0.001871159
     3.120000000     0.089489729     2.646849045     0.001866431
     3.130000000     0.083005259     2.657875841     0.001860791
     3.140000000     0.077144806     2.668991705     0.001853973
     3.150000000     0.071876390     2.680181482     0.001845710
     3.160000000     0.067165325     2.691429940     0.001835740
     3.170000000     0.062974817     2.702721703     0.001823811
     3.180000000     0.059266564     2.714041261     0.001809685
     3.190000000     0.056001365     2.725373084     0.001793148
     3.200000000     0.053139707     2.736701863     0.001774008
     3.210000000     0.050642351     2.748012931     0.001752107
     3.220000000     0.048470892     2.759292919     0.001727319
     3.230000000     0.046588298     2.770530700     0.001699556
     3.240000000     0.044959420     2.781718627     0.001668772
     3.250000000     0.043551469     2.792854015     0.001634961
     3.260000000     0.042334456     2.803940706     0.001598161
     3.270000000     0.041281595     2.814990477     0.001558454
     3.280000000     0.040369659     2.826023950     0.001515962
     3.290000000     0.039579306     2.837070668     0.001470848
     3.300000000     0.038895343     2.848168077     0.001423312
     3.310000000     0.038306964     2.859359379     0.001373590
     3.320000000     0.037807939     2.870690482     0.001321946
     3.330000000     0.037396758     2.882206528     0.001268669
     3.340000000     0.037076752     2.893948606     0.001214071
     3.350000000     0.036856161     2.905951199     0.001158478
     3.360000000     0.036748189     2.918240721     0.001102223
     3.370000000     0.036771022     2.930835212     0.001045647
     3.380000000     0.036947825     2.943745011     0.000989087
     3.390000000     0.037306718     2.956974103     0.000932875
     3.400000000     0.037880742     2.970521756     0.000877332
     3.410000000     0.038707802     2.984384175     0.000822764
     3.420000000     0.039830603     2.998555941     0.000769455
     3.430000000     0.041296565     3.013031147     0.000717670
     3.440000000     0.043157733     3.027804192     0.000667647
     3.450000000     0.045470655     3.042870265     0.000619600
     3.460000000     0.048296241     3.058225565     0.000573712
     3.470000000     0.051699586     3.073867311     0.000530140
     3.480000000     0.055749755     3.089793592     0.000489013
     3.490000000     0.060519500     3.106003076     0.000450430
     3.500000000     0.066084924     3.122494603     0.000414467
     3.510000000     0.072525048     3.139266668     0.000381174
     3.520000000     0.079921294     3.156316824     0.000350578
     3.530000000     0.088356844     3.173641010     0.000322689
     3.540000000     0.097915886     3.191232853     0.000297497
     3.550000000     0.108682708     3.209082947     0.000274978
     3.560000000     0.120740665     3.227178160     0.000255099
     3.570000000     0.134170979     3.245500963     0.000237817
     3.580000000     0.149051396     3.264028820     0.000223082
     3.590000000     0.165454704     3.282733670     0.000210846
     3.600000000     0.183447108     3.301581560     0.000201057
     3.610000000     0.203086500     3.320532509     0.000193669
     3.620000000     0.224420648     3.339540715     0.000188640
     3.630000000     0.247485326     3.358555211     0.000185939
     3.640000000     0.272302448     3.377521050     0.000185542
     3.650000000     0.298878241     3.396381039     0.000187440
     3.660000000     0.327201517     3.415077863     0.000191639
     3.670000000     0.357242110     3.433556251     0.000198158
     3.680000000     0.388949534     3.451764582     0.000207039
     3.690000000     0.422251932     3.469655117     0.000218341
     3.700000000     0.457055376     3.487181973     0.000232146
     3.710000000     0.493243574     3.504296163     0.000248560
     3.720000000     0.530678053     3.520937530     0.000267714
     3.730000000     0.569198830     3.537024131     0.000289765
     3.740000000     0.608625641     3.552440449     0.000314900
     3.750000000     0.648759707     3.567026369     0.000343337
     3.760000000     0.689386073     3.580569058     0.000375324
     3.770000000     0.730276479     3.592799734     0.000411146
     3.780000000     0.771192745     3.603396830     0.000451123
     3.790000000     0.811890614     3.611996633     0.000495612
     3.800000000     0.852123989     3.618212035     0.000545010
     3.810000000     0.891649474     3.621659587     0.000599756
     3.820000000     0.930231131     3.621994411     0.000660330
     3.830000000     0.967645339     3.618951355     0.000727254
     3.840000000     1.003685646     3.612389092     0.000801098
     3.850000000     1.038167485     3.602331765     0.000882471
     3.860000000     1.070932647     3.589000875     0.000972028
     3.870000000     1.101853381     3.572829312     0.001070468
     3.880000000     1.130836019     3.554450637     0.001178528
     3.890000000     1.157824025     3.534660429     0.001296987
     3.900000000     1.182800386     3.514352167     0.001426657
     3.910000000     1.205789256     3.494436258     0.001568382
     3.920000000     1.226856830     3.475755274     0.001723033
     3.930000000     1.246111382     3.459009728     0.001891500
     3.940000000     1.263702471     3.444706140     0.002074688
     3.950000000     1.279819310     3.433133888     0.002273506
     3.960000000     1.294688319     3.424371140     0.002488861
     3.970000000     1.308569902     3.418314911     0.002721644
     3.980000000     1.321754491     3.414727134     0.002972725
     3.990000000     1.334557930     3.413287857     0.003242936
     4.000000000     1.347316281     3.413647608     0.003533060
     4.010000000     1.360380112     3.415473008     0.003843820
     4.020000000     1.374108391     3.418481786     0.004175864
     4.030000000     1.388862058     3.422465261     0.004529750
     4.040000000     1.404997390     3.427297639     0.004905932
     4.050000000     1.422859262     3.432932529     0.005304749
     4.060000000     1.442774406     3.439387980     0.005726404
     4.070000000     1.465044788     3.446722406     0.006170955
     4.080000000     1.489941197     3.455004875     0.006638302
     4.090000000     1.517697177     3.464284116     0.007128169
     4.100000000     1.548503395     3.474560871     0.007640097
     4.110000000     1.582502570     3.485767439     0.008173431
     4.120000000     1.619785066     3.497756735     0.008727311
     4.130000000     1.660385256     3.510301128     0.009300668
     4.140000000     1.704278762     3.523099458     0.009892211
     4.150000000     1.751380667     3.535789442     0.010500433
     4.160000000     1.801544782     3.547962335     0.011123604
     4.170000000     1.854564043     3.559177132     0.011759779
     4.180000000     1.910172094     3.568972622     0.012406799
     4.190000000     1.968046099     3.576876667     0.013062304
     4.200000000     2.027810788     3.582413165     0.013723746
     4.210000000     2.089043730     3.585107816     0.014388403
     4.220000000     2.151281803     3.584494083     0.015053401
     4.230000000     2.214028768     3.580120567     0.015715741
     4.240000000     2.276763859     3.571560591     0.016372323
     4.250000000     2.338951250     3.558424191     0.017019981
     4.260000000     2.400050231     3.540372264     0.017655517
     4.270000000     2.459525884     3.517132354     0.018275740
     4.280000000     2.516860056     3.488515560     0.018877503
     4.290000000     2.571562368     3.454434148     0.019457752
     4.300000000     2.623180997     3.414919510     0.020013561
     4.310000000     2.671312981     3.370139877     0.020542185
     4.320000000     2.715613744     3.320416563     0.021041097
     4.330000000     2.755805603     3.266236574     0.021508031
     4.340000000     2.791684994     3.208258462     0.021941024
     4.350000000     2.823128182     3.147307915     0.022338451
     4.360000000     2.850095276     3.084360104     0.022699056
     4.370000000     2.872632370     3.020507537     0.023021978
     4.380000000     2.890871710     2.956914628     0.023306774
     4.390000000     2.905029811     2.894762744     0.023553431
     4.400000000     2.915403525     2.835191227     0.023762371
     4.410000000     2.922364082     2.779240473     0.023934452
     4.420000000     2.926349232     2.727802428     0.024070952
     4.430000000     2.927853610     2.681582395     0.024173556
     4.440000000     2.927417555     2.641074323     0.024244324
     4.450000000     2.925614619     2.606550070     0.024285660
     4.460000000     2.923038062     2.578061899     0.024300265
     4.470000000     2.920286663     2.555456463     0.024291089
     4.480000000     2.917950185     2.538398050     0.024261278
     4.490000000     2.916594870     2.526398510     0.024214110
     4.500000000     2.916749321     2.518851177     0.024152934
     4.510000000     2.918891148     2.515065985     0.024081103
     4.520000000     2.923434708     2.514302860     0.024001912
     4.530000000     2.930720269     2.515800589     0.023918526
     4.540000000     2.941004892     2.518798779     0.023833927
     4.550000000     2.954455248     2.522551372     0.023750848
     4.560000000     2.971142593     2.526331532     0.023671725
     4.570000000     2.991040014     2.529429081     0.023598650
     4.580000000     3.014022027     2.531142996     0.023533333
     4.590000000     3.039866542     2.530772217     0.023477074
     4.600000000     3.068259148     2.527608240     0.023430743
     4.610000000     3.098799589     2.520932634     0.023394773
     4.620000000     3.131010279     2.510021917     0.023369157
     4.630000000     3.164346617     2.494161390     0.023353466
     4.640000000     3.198208832     2.472668639     0.023346865
     4.650000000     3.231955051     2.444926544     0.023348144
     4.660000000     3.264915235     2.410424566     0.023355765
     4.670000000     3.296405632     2.368805786     0.023367898
     4.680000000     3.325743372     2.319915465     0.023382485
     4.690000000     3.352260829     2.263845170     0.023397294
     4.700000000     3.375319394     2.200965134     0.023409981
     4.710000000     3.394322332     2.131937397     0.023418156
     4.720000000     3.408726412     2.057703877     0.023419450
     4.730000000     3.418052053     1.979447014     0.023411577
     4.740000000     3.421891781     1.898525398     0.023392395
     4.750000000     3.419916835     1.816391645     0.023359968
     4.760000000     3.411881822     1.734503213     0.023312616
     4.770000000     3.397627376     1.654237936     0.023248961
     4.780000000     3.377080857     1.576824349     0.023167969
     4.790000000     3.350255140     1.503293055     0.023068980
     4.800000000     3.317245632     1.434450605     0.022951728
     4.810000000     3.278225685     1.370873072     0.022816361
     4.820000000     3.233440609     1.312913955     0.022663440
     4.830000000     3.183200524     1.260720622     0.022493937
     4.840000000     3.127872306     1.214255100     0.022309222
     4.850000000     3.067870887     1.173317379     0.022111041
     4.860000000     3.003650186     1.137571533     0.021901490
     4.870000000     2.935693920     1.106575814     0.021682975
     4.880000000     2.864506534     1.079817429     0.021458173
     4.890000000     2.790604483     1.056751304     0.021229987
     4.900000000     2.714508026     1.036840615     0.021001491
     4.910000000     2.636733721     1.019595771     0.020775886
     4.920000000     2.557787707     1.004607995     0.020556435
     4.930000000     2.478159872     0.991573819     0.020346419
     4.940000000     2.398318953     0.980307415     0.020149076
     4.950000000     2.318708558     0.970738966     0.019967550
     4.960000000     2.239744121     0.962899123     0.019804848
     4.970000000     2.161810700     0.956891830     0.019663785
     4.980000000     2.085261592     0.952859950     0.019546951
     4.990000000     2.010417635     0.950949449     0.019456671
     5.000000000     1.937567124     0.951277927     0.019394974
     5.010000000     1.866966233     0.953911911     0.019363572
     5.020000000     1.798839818     0.958855007     0.019363837
     5.030000000     1.733382524     0.966046589     0.019396794
     5.040000000     1.670760083     0.975368861     0.019463111
     5.050000000     1.611110722     0.986659313     0.019563102
     5.060000000     1.554546614     0.999725693     0.019696732
     5.070000000     1.501155313     1.014361151     0.019863632
     5.080000000     1.451001122     1.030357872     0.020063110
     5.090000000     1.404126388     1.047517992     0.020294181
     5.100000000     1.360552675     1.065660935     0.020555584
     5.110000000     1.320281851     1.084626698     0.020845818
     5.120000000     1.283297069     1.104275156     0.021163169
     5.130000000     1.249563673     1.124482015     0.021505747
     5.140000000     1.219030043     1.145132572     0.021871517
     5.150000000     1.191628411     1.166114639     0.022258335
     5.160000000     1.167275677     1.187311909     0.022663984
     5.170000000     1.145874237     1.208598775     0.023086207
     5.180000000     1.127312866     1.229837250     0.023522735
     5.190000000     1.111467661     1.250876322     0.023971324
     5.200000000     1.098203071     1.271553897     0.024429774
     5.210000000     1.087373008     1.291701239     0.024895958
     5.220000000     1.078822058     1.311149690     0.025367841
     5.230000000     1.072386778     1.329739149     0.025843496
     5.240000000     1.067897077     1.347327564     0.026321115
     5.250000000     1.065177657     1.363800322     0.026799022
     5.260000000     1.064049517     1.379078130     0.027275678
     5.270000000     1.064331465     1.393121886     0.027749679
     5.280000000     1.065841654     1.405933191     0.028219758
     5.290000000     1.068399086     1.417549890     0.028684782
     5.300000000     1.071825075     1.428037039     0.029143741
     5.310000000     1.075944643     1.437474999     0.029595745
     5.320000000     1.080587829     1.445947274     0.030040008
     5.330000000     1.085590890     1.453531066     0.030475841
     5.340000000     1.090797382     1.460292898     0.030902640
     5.350000000     1.096059117     1.466290224     0.031319872
     5.360000000     1.101236971     1.471578129     0.031727068
     5.370000000     1.106201571     1.476218471     0.032123810
     5.380000000     1.110833832     1.480287947     0.032509723
     5.390000000     1.115025371     1.483881728     0.032884467
     5.400000000     1.118678803     1.487110720     0.033247738
     5.410000000     1.121707920     1.490092483     0.033599257
     5.420000000     1.124037777     1.492937931     0.033938777
     5.430000000     1.125604699     1.495737143     0.034266082
     5.440000000     1.126356207     1.498547883     0.034580992
     5.450000000     1.126250895     1.501389513     0.034883371
     5.460000000     1.125258259     1.504243584     0.035173136
     5.470000000     1.123358483     1.507060930     0.035450269
     5.480000000     1.120542204     1.509773918     0.035714828
     5.490000000     1.116810237     1.512311900     0.035966964
     5.500000000     1.112173286     1.514617620     0.036206931
     5.510000000     1.106651623     1.516662321     0.036435110
     5.520000000     1.100274737     1.518457418     0.036652013
     5.530000000     1.093080952     1.520060933     0.036858310
     5.540000000     1.085116998     1.521577459     0.037054832
     5.550000000     1.076437546     1.523151324     0.037242590
     5.560000000     1.067104676     1.524953716     0.037422783
     5.570000000     1.057187297     1.527165697     0.037596807
     5.580000000     1.046760504     1.529959819     0.037766255
     5.590000000     1.035904866     1.533483422     0.037932928
     5.600000000     1.024705658     1.537846276     0.038098821
     5.610000000     1.013252029     1.543114309     0.038266127
     5.620000000     1.001636121     1.549309894     0.038437223
     5.630000000     0.989952150     1.556417849     0.038614655
     5.640000000     0.978295455     1.564395357     0.038801119
     5.650000000     0.966761531     1.573183448     0.038999444
     5.660000000     0.955445075     1.582717752     0.039212557
     5.670000000     0.944439051     1.592936651     0.039443460
     5.680000000     0.933833795     1.603785828     0.039695192
     5.690000000     0.923716186     1.615219088     0.039970793
     5.700000000     0.914168896     1.627196164     0.040273266
     5.710000000     0.905269738     1.639678731     0.040605534
     5.720000000     0.897091121     1.652626031     0.040970399
     5.730000000     0.889699627     1.665991293     0.041370498
     5.740000000     0.883155712     1.679719731     0.041808260
     5.750000000     0.877513544     1.693748370     0.042285867
     5.760000000     0.872820956     1.708007519     0.042805209
     5.770000000     0.869119524     1.722423364     0.043367852
     5.780000000     0.866444753     1.736921018     0.043975001
     5.790000000     0.864826347     1.751427423     0.044627473
     5.800000000     0.864288554     1.765873628     0.045325671
     5.810000000     0.864850561     1.780196224     0.046069567
     5.820000000     0.866526904     1.794337970     0.046858690
     5.830000000     0.869327882     1.808247830     0.047692116
     5.840000000     0.873259930     1.821880770     0.048568477
     5.850000000     0.878325950     1.835197781     0.049485962
     5.860000000     0.884525549     1.848166506     0.050442339
     5.870000000     0.891855184     1.860762790     0.051434975
     5.880000000     0.900308197     1.872973144     0.052460867
     5.890000000     0.909874717     1.884797762     0.053516677
     5.900000000     0.920541444     1.896253295     0.054598775
     5.910000000     0.932291292     1.907374349     0.055703287
     5.920000000     0.945102939     1.918212621     0.056826145
     5.930000000     0.958950257     1.928832986     0.057963142
     5.940000000     0.973801674     1.939306433     0.059109990
     5.950000000     0.989619496     1.949700519     0.060262376
     5.960000000     1.006359201     1.960068678     0.061416021
     5.970000000     1.023968766     1.970440003     0.062566734
     5.980000000     1.042388060     1.980811080     0.063710471
     5.990000000     1.061548331     1.991140948     0.064843379
     6.000000000     1.081371845     2.001349666     0.065961848
     6.010000000     1.101771704     2.011320335     0.067062549
     6.020000000     1.122651871     2.020904088     0.068142468
     6.030000000     1.143907443     2.029927384     0.069198936
     6.040000000     1.165425175     2.038200986     0.070229649
     6.050000000     1.187084271     2.045530054     0.071232682
     6.060000000     1.208757454     2.051724818     0.072206495
     6.070000000     1.230312284     2.056611193     0.073149933
     6.080000000     1.251612728     2.060040644     0.074062218
     6.090000000     1.272520942     2.061898552     0.074942932
     6.100000000     1.292899230     2.062110481     0.075792003
     6.110000000     1.312612137     2.060646016     0.076609672
     6.120000000     1.331528633     2.057520261     0.077396468
     6.130000000     1.349524316     2.052793470     0.078153172
     6.140000000     1.366483603     2.046569511     0.078880783
     6.150000000     1.382301823     2.038993813     0.079580477
     6.160000000     1.396887180     2.030251053     0.080253571
     6.170000000     1.410162524     2.020562240     0.080901485
     6.180000000     1.422066874     2.010180304     0.081525701
     6.190000000     1.432556675     1.999383032     0.082127732
     6.200000000     1.441606728     1.988462498     0.082709090
     6.210000000     1.449210796     1.977710918     0.083271254
     6.220000000     1.455381849     1.967404012     0.083815647
     6.230000000     1.460151955     1.957783953     0.084343619
     6.240000000     1.463571825     1.949044575     0.084856428
     6.250000000     1.465710004     1.941321391     0.085355235
     6.260000000     1.466651754     1.934688166     0.085841097
     6.270000000     1.466497643     1.929160562     0.086314969
     6.280000000     1.465361869     1.924706038     0.086777717
     6.290000000     1.463370370     1.921258118     0.087230121
     6.300000000     1.460658751     1.918732578     0.087672902
     6.310000000     1.457370072     1.917043004     0.088106736
     6.320000000     1.453652548     1.916113583     0.088532284
     6.330000000     1.449657194     1.915887634     0.088950219
     6.340000000     1.445535460     1.916331205     0.089361257
     6.350000000     1.441436904     1.917431861     0.089766188
     6.360000000     1.437506925     1.919193504     0.090165906
     6.370000000     1.433884606     1.921628568     0.090561446
     6.380000000     1.430700686     1.924749192     0.090954006
     6.390000000     1.428075696     1.928558868     0.091344977
     6.400000000     1.426118279     1.933045777     0.091735965
     6.410000000     1.424923717     1.938178487     0.092128805
     6.420000000     1.424572683     1.943904211     0.092525572
     6.430000000     1.425130235     1.950149369     0.092928588
     6.440000000     1.426645052     1.956821890     0.093340412
     6.450000000     1.429148942     1.963814653     0.093763832
     6.460000000     1.432656605     1.971009476     0.094201844
     6.470000000     1.437165663     1.978281250     0.094657619
     6.480000000     1.442656966     1.985501912     0.095134469
     6.490000000     1.449095141     1.992544007     0.095635798
     6.500000000     1.456429412     1.999283595     0.096165055
     6.510000000     1.464594646     2.005602251     0.096725668
     6.520000000     1.473512630     2.011388084     0.097320984
     6.530000000     1.483093547     2.016535978     0.097954199
     6.540000000     1.493237634     2.020947560     0.098628291
     6.550000000     1.503836990     2.024531678     0.099345950
     6.560000000     1.514777505     2.027206118     0.100109505
     6.570000000     1.525940874     2.028901058     0.100920867
     6.580000000     1.537206664     2.029564230     0.101781463
     6.590000000     1.548454395     2.029167218     0.102692188
     6.600000000     1.559565590     2.027711832     0.103653362
     6.610000000     1.570425771     2.025235223     0.104664698
     6.620000000     1.580926354     2.021812447     0.105725279
     6.630000000     1.590966409     2.017555528     0.106833555
     6.640000000     1.600454260     2.012608636     0.107987346
     6.650000000     1.609308895     2.007139729     0.109183864
     6.660000000     1.617461159     2.001329686     0.110419744
     6.670000000     1.624854729     1.995360436     0.111691095
     6.680000000     1.631446830     1.989403843     0.112993556
     6.690000000     1.637208720     1.983612889     0.114322367
     6.700000000     1.642125919     1.978116191     0.115672449
     6.710000000     1.646198190     1.973016167     0.117038496
     6.720000000     1.649439298     1.968390396     0.118415060
     6.730000000     1.651876540     1.964295188     0.119796655
     6.740000000     1.653550077     1.960770099     0.121177854
     6.750000000     1.654512082     1.957842270     0.122553379
     6.760000000     1.654825737     1.955529788     0.123918203
     6.770000000     1.654564096     1.953843752     0.125267631
     6.780000000     1.653808831     1.952789149     0.126597378
     6.790000000     1.652648917     1.952364994     0.127903643
     6.800000000     1.651179242     1.952564307     0.129183162
     6.810000000     1.649499192     1.953374473     0.130433253
     6.820000000     1.647711235     1.954778332     0.131651854
     6.830000000     1.645919498     1.956756045     0.132837533
     6.840000000     1.644228391     1.959287488     0.133989496
     6.850000000     1.642741263     1.962354696     0.135107582
     6.860000000     1.641559133     1.965943770     0.136192234
     6.870000000     1.640779477     1.970045756     0.137244468
     6.880000000     1.640495114     1.974656164     0.138265833
     6.890000000     1.640793177     1.979773097     0.139258351
     6.900000000     1.641754186     1.985394164     0.140224461
     6.910000000     1.643451231     1.991512588     0.141166950
     6.920000000     1.645949267     1.998112975     0.142088883
     6.930000000     1.649304525     2.005167307     0.142993532
     6.940000000     1.653564051     2.012631747     0.143884296
     6.950000000     1.658765365     2.020444816     0.144764638
     6.960000000     1.664936250     2.028527421     0.145638005
     6.970000000     1.672094671     2.036784962     0.146507767
     6.980000000     1.680248824     2.045111449     0.147377152
     6.990000000     1.689397312     2.053395190     0.148249189
     7.000000000     1.699529453     2.061525334     0.149126657
     7.010000000     1.710625703     2.069398414     0.150012043
     7.020000000     1.722658208     2.076924081     0.150907499
     7.030000000     1.735591462     2.084029362     0.151814813
     7.040000000     1.749383064     2.090660974     0.152735387
     7.050000000     1.763984576     2.096785476     0.153670215
     7.060000000     1.779342454     2.102387223     0.154619874
     7.070000000     1.795399053     2.107464373     0.155584518
     7.080000000     1.812093671     2.112023481     0.156563877
     7.090000000     1.829363644     2.116073511     0.157557262
     7.100000000     1.847145446     2.119620335     0.158563578
     7.110000000     1.865375797     2.122662861     0.159581338
     7.120000000     1.883992750     2.125191706     0.160608679
     7.130000000     1.902936749     2.127190933     0.161643388
     7.140000000     1.922151631     2.128642756     0.162682928
     7.150000000     1.941585563     2.129534428     0.163724468
     7.160000000     1.961191905     2.129866005     0.164764912
     7.170000000     1.980929969     2.129657284     0.165800937
     7.180000000     2.000765693     2.128952279     0.166829030
     7.190000000     2.020672183     2.127819913     0.167845523
     7.200000000     2.040630161     2.126350348     0.168846637
     7.210000000     2.060628278     2.124647205     0.169828517
     7.220000000     2.080663313     2.122816817     0.170787279
     7.230000000     2.100740256     2.120956337     0.171719043
     7.240000000     2.120872271     2.119142785     0.172619979
     7.250000000     2.141080550     2.117425034     0.173486342
     7.260000000     2.161394066     2.115820216     0.174314508
     7.270000000     2.181849230     2.114315225     0.175101010
     7.280000000     2.202489459     2.112873094     0.175842566
     7.290000000     2.223364670     2.111443095     0.176536111
     7.300000000     2.244530704     2.109972715     0.177178822
     7.310000000     2.266048694     2.108419224     0.177768134
     7.320000000     2.287984378     2.106758605     0.178301762
     7.330000000     2.310407371     2.104990076     0.178777713
     7.340000000     2.333390400     2.103135292     0.179194299
     7.350000000     2.357008505     2.101232419     0.179550136
     7.360000000     2.381338211     2.099326313     0.179844155
     7.370000000     2.406456673     2.097456815     0.180075599
     7.380000000     2.432440793     2.095647489     0.180244020
     7.390000000     2.459366308     2.093896901     0.180349277
     7.400000000     2.487306856     2.092173875     0.180391531
     7.410000000     2.516333001     2.090417295     0.180371236
     7.420000000     2.546511239     2.088540118     0.180289136
     7.430000000     2.577902968     2.086436601     0.180146255
     7.440000000     2.610563424     2.083991334     0.179943892
     7.450000000     2.644540603     2.081088585     0.179683620
     7.460000000     2.679874155     2.077620686     0.179367272
     7.470000000     2.716594271     2.073494554     0.178996947
     7.480000000     2.754720579     2.068635916     0.178575000
     7.490000000     2.794261053     2.062991215     0.178104045
     7.500000000     2.835210975     2.056527401     0.177586948
     7.510000000     2.877551955     2.049229897     0.177026827
     7.520000000     2.921251053     2.041098909     0.176427053
     7.530000000     2.966260022     2.032144162     0.175791236
     7.540000000     3.012514711     2.022378042     0.175123230
     7.550000000     3.059934658     2.011807231     0.174427113
     7.560000000     3.108422899     2.000423139     0.173707184
     7.570000000     3.157866035     1.988191865     0.172967939
     7.580000000     3.208134560     1.975044812     0.172214053
     7.590000000     3.259083494     1.960871436     0.171450356
     7.600000000     3.310553310     1.945515687     0.170681797
     7.610000000     3.362371175     1.928777479     0.169913410
     7.620000000     3.414352485     1.910419973     0.169150272
     7.630000000     3.466302689     1.890182665     0.168397455
     7.640000000     3.518019366     1.867799345     0.167659972
     7.650000000     3.569294527     1.843019149     0.166942725
     7.660000000     3.619917085     1.815628219     0.166250445
     7.670000000     3.669675445     1.785469224     0.165587630
     7.680000000     3.718360158     1.752456102     0.164958481
     7.690000000     3.765766549     1.716582101     0.164366847
     7.700000000     3.811697289     1.677920360     0.163816156
     7.710000000     3.855964800     1.636617660     0.163309368
     7.720000000     3.898393467     1.592883276     0.162848914
     7.730000000     3.938821567     1.546975672     0.162436655
     7.740000000     3.977102887     1.499189725     0.162073844
     7.750000000     4.013107976     1.449846347     0.161761090
     7.760000000     4.046725014     1.399284931     0.161498341
     7.770000000     4.077860275     1.347857588     0.161284874
     7.780000000     4.106438198     1.295923154     0.161119291
     7.790000000     4.132401064     1.243838825     0.160999537
     7.800000000     4.155708328     1.191948058     0.160922914
     7.810000000     4.176335635     1.140564730     0.160886126
     7.820000000     4.194273577     1.089955046     0.160885315
     7.830000000     4.209526253     1.040319791     0.160916122
     7.840000000     4.222109700     0.991779855     0.160973753
     7.850000000     4.232050253     0.944367634     0.161053048
     7.860000000     4.239382924     0.898025890     0.161148567
     7.870000000     4.244149837     0.852614526     0.161254676
     7.880000000     4.246398787     0.807924545     0.161365635
     7.890000000     4.246181982     0.763697668     0.161475694
     7.900000000     4.243554969     0.719649581     0.161579189
     7.910000000     4.238575804     0.675494692     0.161670631
     7.920000000     4.231304441     0.630970479     0.161744801
     7.930000000     4.221802351     0.585859751     0.161796835
     7.940000000     4.210132347     0.540009466     0.161822305
     7.950000000     4.196358584     0.493344946     0.161817291
     7.960000000     4.180546689     0.445878533     0.161778447
     7.970000000     4.162763982     0.397711975     0.161703054
     7.980000000     4.143079734     0.349032221     0.161589065
     7.990000000     4.121565402     0.300100765     0.161435139
     8.000000000     4.098294813     0.251237269     0.161240655
     8.010000000     4.073344230     0.202798718     0.161005728
     8.020000000     4.046792281     0.155155794     0.160731199
     8.030000000     4.018719721     0.108668456     0.160418621
     8.040000000     3.989209014     0.063662773     0.160070230
     8.050000000     3.958343733     0.020410879     0.159688906
     8.060000000     3.926207796    -0.020884427     0.159278126
     8.070000000     3.892884553    -0.060099446     0.158841905
     8.080000000     3.858455769    -0.097193304     0.158384731
     8.090000000     3.823000544    -0.132205808     0.157911493
     8.100000000     3.786594210    -0.165250108     0.157427405
     8.110000000     3.749307285    -0.196501221     0.156937927
     8.120000000     3.711204505    -0.226181631     0.156448683
     8.130000000     3.672344020    -0.254545202     0.155965379
     8.140000000     3.632776785    -0.281860461     0.155493725
     8.150000000     3.592546179    -0.308394168     0.155039355
     8.160000000     3.551687910    -0.334395994     0.154607752
     8.170000000     3.510230196    -0.360085073     0.154204185
     8.180000000     3.468194245    -0.385639210     0.153833642
     8.190000000     3.425595024    -0.411187398     0.153500776
     8.200000000     3.382442300    -0.436806020     0.153209857
     8.210000000     3.338741904    -0.462518787     0.152964733
     8.220000000     3.294497209    -0.488300058     0.152768799
     8.230000000     3.249710729    -0.514080948     0.152624973
     8.240000000     3.204385818    -0.539757411     0.152535683
     8.250000000     3.158528371    -0.565199377     0.152502859
     8.260000000     3.112148498    -0.590259984     0.152527934
     8.270000000     3.065262071    -0.614783963     0.152611855
     8.280000000     3.017892116    -0.638614431     0.152755097
     8.290000000     2.970069973    -0.661597659     0.152957679
     8.300000000     2.921836197    -0.683585836     0.153219200
     8.310000000     2.873241152    -0.704438242     0.153538856
     8.320000000     2.824345278    -0.724021590     0.153915485
     8.330000000     2.775219026    -0.742210336     0.154347594
     8.340000000     2.725942457    -0.758887644     0.154833403
     8.350000000     2.676604516    -0.773947427     0.155370880
     8.360000000     2.627302012    -0.787297546     0.155957779
     8.370000000     2.578138338    -0.798864020     0.156591683
     8.380000000     2.529221970    -0.808595862     0.157270038
     8.390000000     2.480664799    -0.816470011     0.157990188
     8.400000000     2.432580360    -0.822495727     0.158749415
     8.410000000     2.385081996    -0.826717708     0.159544968
     8.420000000     2.338281032    -0.829217218     0.160374091
     8.430000000     2.292285016    -0.830110689     0.161234058
     8.440000000     2.247196063    -0.829545561     0.162122190
     8.450000000     2.203109368    -0.827693576     0.163035881
     8.460000000     2.160111911    -0.824742140     0.163972622
     8.470000000     2.118281397    -0.820884710     0.164930010
     8.480000000     2.077685444    -0.816311255     0.165905769
     8.490000000     2.038381038    -0.811199800     0.166897764
     8.500000000     2.000414243    -0.805709821     0.167904003
     8.510000000     1.963820181    -0.799977956     0.168922656
     8.520000000     1.928623238    -0.794116155     0.169952052
     8.530000000     1.894837495    -0.788212005     0.170990690
     8.540000000     1.862467339    -0.782330715     0.172037238
     8.550000000     1.831508228    -0.776517985     0.173090540
     8.560000000     1.801947562    -0.770802977     0.174149608
     8.570000000     1.773765621    -0.765200730     0.175213628
     8.580000000     1.746936544    -0.759713689     0.176281956
     8.590000000     1.721429284    -0.754332403     0.177354114
     8.600000000     1.697208529    -0.749035796     0.178429788
     8.610000000     1.674235539    -0.743791622     0.179508821
     8.620000000     1.652468892    -0.738557703     0.180591211
     8.630000000     1.631865099    -0.733284382     0.181677099
     8.640000000     1.612379096    -0.727918319     0.182766768
     8.650000000     1.593964596    -0.722407434     0.183860631
     8.660000000     1.576574307    -0.716706489     0.184959224
     8.670000000     1.560160025    -0.710782637     0.186063192
     8.680000000     1.544672617    -0.704620165     0.187173285
     8.690000000     1.530061916    -0.698223804     0.188290336
     8.700000000     1.516276543    -0.691620163     0.189415255
     8.710000000     1.503263693    -0.684857182     0.190549011
     8.720000000     1.490968910    -0.678001796     0.191692612
     8.730000000     1.479335870    -0.671136163     0.192847090
     8.740000000     1.468306217    -0.664352985     0.194013482
     8.750000000     1.457819453    -0.657750367     0.195192804
     8.760000000     1.447812925    -0.651426641     0.196386028
     8.770000000     1.438221907    -0.645475491     0.197594061
     8.780000000     1.428979808    -0.639981592     0.198817718
     8.790000000     1.420018485    -0.635016968     0.200057691
     8.800000000     1.411268694    -0.630638181     0.201314528
     8.810000000     1.402660641    -0.626884412     0.202588600
     8.820000000     1.394124650    -0.623776457     0.203880079
     8.830000000     1.385591912    -0.621316605     0.205188910
     8.840000000     1.376995305    -0.619489345     0.206514786
     8.850000000     1.368270264    -0.618262833     0.207857125
     8.860000000     1.359355662    -0.617591043     0.209215057
     8.870000000     1.350194693    -0.617416448     0.210587400
     8.880000000     1.340735714    -0.617672985     0.211972654
     8.890000000     1.330933026    -0.618288954     0.213368992
     8.900000000     1.320747572    -0.619189456     0.214774258
     8.910000000     1.310147520    -0.620298039     0.216185970
     8.920000000     1.299108723    -0.621537441     0.217601330
     8.930000000     1.287615030    -0.622829558     0.219017237
     8.940000000     1.275658446    -0.624095069     0.220430308
     8.950000000     1.263239135    -0.625253273     0.221836903
     8.960000000     1.250365254    -0.626222668     0.223233157
     8.970000000     1.237052642    -0.626922603     0.224615011
     8.980000000     1.223324351    -0.627276027     0.225978258
     8.990000000     1.209210051    -0.627212984     0.227318582
     9.000000000     1.194745316    -0.626674311     0.228631601
     9.010000000     1.179970807    -0.625614887     0.229912920
     9.020000000     1.164931391    -0.624005912     0.231158175
     9.030000000     1.149675198    -0.621835913     0.232363082
     9.040000000     1.134252660    -0.619110454     0.233523486
     9.050000000     1.118715545    -0.615850711     0.234635403
     9.060000000     1.103116011    -0.612091221     0.235695065
     9.070000000     1.087505707    -0.607877080     0.236698962
     9.080000000     1.071934937    -0.603260865     0.237643872
     9.090000000     1.056451900    -0.598299475     0.238526894
     9.100000000     1.041102033    -0.593051085     0.239345475
     9.110000000     1.025927448    -0.587572365     0.240097427
     9.120000000     1.010966487    -0.581916117     0.240780943
     9.130000000     0.996253391    -0.576129456     0.241394603
     9.140000000     0.981818077    -0.570252615     0.241937377
     9.150000000     0.967686035    -0.564318387     0.242408619
     9.160000000     0.953878313    -0.558352164     0.242808060
     9.170000000     0.940411614    -0.552372470     0.243135790
     9.180000000     0.927298460    -0.546391850     0.243392236
     9.190000000     0.914547437    -0.540417940     0.243578140
     9.200000000     0.902163490    -0.534454567     0.243694526
     9.210000000     0.890148262    -0.528502714     0.243742671
     9.220000000     0.878500465    -0.522561274     0.243724068
     9.230000000     0.867216260    -0.516627554     0.243640385
     9.240000000     0.856289643    -0.510697573     0.243493435
     9.250000000     0.845712823    -0.504766253     0.243285130
     9.260000000     0.835476584    -0.498827593     0.243017449
     9.270000000     0.825570618    -0.492874944     0.242692401
     9.280000000     0.815983829    -0.486901439     0.242311989
     9.290000000     0.806704606    -0.480900588     0.241878187
     9.300000000     0.797721059    -0.474867002     0.241392906
     9.310000000     0.789021214    -0.468797154     0.240857983
     9.320000000     0.780593184    -0.462690085     0.240275160
     9.330000000     0.772425301    -0.456547928     0.239646075
     9.340000000     0.764506223    -0.450376150     0.238972262
     9.350000000     0.756825019    -0.444183464     0.238255153
     9.360000000     0.749371236    -0.437981391     0.237496089
     9.370000000     0.742134954    -0.431783535     0.236696332
     9.380000000     0.735106827    -0.425604645     0.235857090
     9.390000000     0.728278129    -0.419459598     0.234979543
     9.400000000     0.721640793    -0.413362418     0.234064870
     9.410000000     0.715187450    -0.407325429     0.233114285
     9.420000000     0.708911480    -0.401358597     0.232129075
     9.430000000     0.702807052    -0.395469121     0.231110631
     9.440000000     0.696869182    -0.389661244     0.230060489
     9.450000000     0.691093778    -0.383936309     0.228980363
     9.460000000     0.685477691    -0.378293017     0.227872177
     9.470000000     0.680018754    -0.372727891     0.226738091
     9.480000000     0.674715812    -0.367235872     0.225580527
     9.490000000     0.669568739    -0.361810995     0.224402183
     9.500000000     0.664578426    -0.356447025     0.223206040
     9.510000000     0.659746755    -0.351137909     0.221995368
     9.520000000     0.655076532    -0.345877954     0.220773712
     9.530000000     0.650571393    -0.340661649     0.219544884
     9.540000000     0.646235672    -0.335483214     0.218312932
     9.550000000     0.642074232    -0.330336014     0.217082109
     9.560000000     0.638092259    -0.325212088     0.215856837
     9.570000000     0.634295020    -0.320102019     0.214641654
     9.580000000     0.630687587    -0.314995277     0.213441163
     9.590000000     0.627274540    -0.309881031     0.212259976
     9.600000000     0.624059642    -0.304749297     0.211102649
     9.610000000     0.621045509    -0.299592164     0.209973623
     9.620000000     0.618233272    -0.294404897     0.208877155
     9.630000000     0.615622255    -0.289186734     0.207817258
     9.640000000     0.613209665    -0.283941349     0.206797638
     9.650000000     0.610990318    -0.278677055     0.205821642
     9.660000000     0.608956413    -0.273406868     0.204892198
     9.670000000     0.607097352    -0.268148552     0.204011778
     9.680000000     0.605399633    -0.262924678     0.203182354
     9.690000000     0.603846815    -0.257762659     0.202405372
     9.700000000     0.602419563    -0.252694640     0.201681727
     9.710000000     0.601095784    -0.247757123     0.201011755
     9.720000000     0.599850841    -0.242990217     0.200395228
     9.730000000     0.598657869    -0.238436506     0.199831358
     9.740000000     0.597488159    -0.234139522     0.199318815
     9.750000000     0.596311634    -0.230141908     0.198855752
     9.760000000     0.595097381    -0.226483305     0.198439830
     9.770000000     0.593814243    -0.223198051     0.198068259
     9.780000000     0.592431454    -0.220312768     0.197737842
     9.790000000     0.590919289    -0.217843975     0.197445024
     9.800000000     0.589249731    -0.215795936     0.197185938
     9.810000000     0.587397114    -0.214158958     0.196956465
     9.820000000     0.585338738    -0.212908386     0.196752290
     9.830000000     0.583055434    -0.212004458     0.196568953
     9.840000000     0.580532052    -0.211393117     0.196401910
     9.850000000     0.577757870    -0.211007754     0.196246582
     9.860000000     0.574726903    -0.210771804     0.196098414
     9.870000000     0.571438094    -0.210602057     0.195952915
     9.880000000     0.567895399    -0.210412496     0.195805708
     9.890000000     0.564107740    -0.210118427     0.195652573
     9.900000000     0.560088839    -0.209640645     0.195489479
     9.910000000     0.555856936    -0.208909280     0.195312618
     9.920000000     0.551434390    -0.207867015     0.195118431
     9.930000000     0.546847183    -0.206471407     0.194903635
     9.940000000     0.542124335    -0.204696138     0.194665235
     9.950000000     0.537297245    -0.202531178     0.194400537
     9.960000000     0.532398982    -0.199981960     0.194107164
     9.970000000     0.527463537    -0.197067742     0.193783049
     9.980000000     0.522525066    -0.193819403     0.193426446
     9.990000000     0.517617138    -0.190276918     0.193035917
    10.000000000     0.512771999    -0.186486740     0.192610333
    10.010000000     0.508019895    -0.182499288     0.192148859
    10.020000000     0.503388441    -0.178366686     0.191650945
    10.030000000     0.498902072    -0.174140813     0.191116306
    10.040000000     0.494581579    -0.169871692     0.190544911
    10.050000000     0.490443734    -0.165606172     0.189936959
    10.060000000     0.486501025    -0.161386870     0.189292863
    10.070000000     0.482761486    -0.157251331     0.188613228
    10.080000000     0.479228636    -0.153231408     0.187898827
    10.090000000     0.475901516    -0.149352892     0.187150585
    10.100000000     0.472774826    -0.145635423     0.186369553
    10.110000000     0.469839146    -0.142092714     0.185556890
    10.120000000     0.467081237    -0.138733097     0.184713842
    10.130000000     0.464484416    -0.135560327     0.183841724
    10.140000000     0.462028981    -0.132574582     0.182941905
    10.150000000     0.459692691    -0.129773504     0.182015790
    10.160000000     0.457451267    -0.127153152     0.181064807
    10.170000000     0.455278924    -0.124708727     0.180090399
    10.180000000     0.453148906    -0.122434997     0.179094013
    10.190000000     0.451034018    -0.120326406     0.178077093
    10.200000000     0.448907150    -0.118376941     0.177041076
    10.210000000     0.446741770    -0.116579874     0.175987390
    10.220000000     0.444512395    -0.114927472     0.174917454
    10.230000000     0.442195012    -0.113410752     0.173832677
    10.240000000     0.439767468    -0.112019308     0.172734460
    10.250000000     0.437209800    -0.110741176     0.171624203
    10.260000000     0.434504515    -0.109562705     0.170503304
    10.270000000     0.431636817    -0.108468443     0.169373163
    10.280000000     0.428594773    -0.107441046     0.168235188
    10.290000000     0.425369427    -0.106461269     0.167090797
    10.300000000     0.421954848    -0.105508103     0.165941415
    10.310000000     0.418348131    -0.104559083     0.164788478
    10.320000000     0.414549344    -0.103590789     0.163633430
    10.330000000     0.410561416    -0.102579494     0.162477718
    10.340000000     0.406389991    -0.101501913     0.161322785
    10.350000000     0.402043230    -0.100335972     0.160170062
    10.360000000     0.397531580    -0.099061527     0.159020957
    10.370000000     0.392867511    -0.097660961     0.157876839
    10.380000000     0.388065227    -0.096119633     0.156739026
    10.390000000     0.383140355    -0.094426134     0.155608768
    10.400000000     0.378109624    -0.092572387     0.154487224
    10.410000000     0.372990537    -0.090553597     0.153375446
    10.420000000     0.367801040    -0.088368093     0.152274358
    10.430000000     0.362559205    -0.086017110     0.151184736
    10.440000000     0.357282913    -0.083504551     0.150107190
    10.450000000     0.351989570    -0.080836745     0.149042143
    10.460000000     0.346695839    -0.078022241     0.147989816
    10.470000000     0.341417404    -0.075071633     0.146950214
    10.480000000     0.336168767    -0.071997419     0.145923115
    10.490000000     0.330963079    -0.068813867     0.144908061
    10.500000000     0.325812016    -0.065536842     0.143904355
    10.510000000     0.320725688    -0.062183551     0.142911060
    10.520000000     0.315712595    -0.058772143     0.141927002
    10.530000000     0.310779618    -0.055321139     0.140950783
    10.540000000     0.305932052    -0.051848697     0.139980790
    10.550000000     0.301173673    -0.048371746     0.139015217
    10.560000000     0.296506838    -0.044905104     0.138052085
    10.570000000     0.291932613    -0.041460705     0.137089272
    10.580000000     0.287450924    -0.038047046     0.136124544
    10.590000000     0.283060727    -0.034668947     0.135155591
    10.600000000     0.278760190    -0.031327638     0.134180065
    10.610000000     0.274546883    -0.028021094     0.133195621
    10.620000000     0.270417968    -0.024744544     0.132199965
    10.630000000     0.266370383    -0.021491023     0.131190895
    10.640000000     0.262401024    -0.018251937     0.130166349
    10.650000000     0.258506903    -0.015017591     0.129124451
    10.660000000     0.254685295    -0.011777722     0.128063556
    10.670000000     0.250933862    -0.008522037     0.126982290
    10.680000000     0.247250751    -0.005240751     0.125879594
    10.690000000     0.243634669    -0.001925096     0.124754757
    10.700000000     0.240084932     0.001432273     0.123607448
    10.710000000     0.236601482     0.004836996     0.122437741
    10.720000000     0.233184886     0.008292917     0.121246139
    10.730000000     0.229836305     0.011802133     0.120033581
    10.740000000     0.226557441     0.015365183     0.118801452
    10.750000000     0.223350470     0.018981305     0.117551578
    10.760000000     0.220217951     0.022648713     0.116286220
    10.770000000     0.217162730     0.026364842     0.115008052
    10.780000000     0.214187827     0.030126544     0.113720142
    10.790000000     0.211296326     0.033930205     0.112425913
    10.800000000     0.208491258     0.037771803     0.111129108
    10.810000000     0.205775489     0.041646900     0.109833744
    10.820000000     0.203151615     0.045550609     0.108544060
    10.830000000     0.200621861     0.049477534     0.107264464
    10.840000000     0.198187999     0.053421730     0.105999473
    10.850000000     0.195851275     0.057376690     0.104753654
    10.860000000     0.193612358     0.061335374     0.103531560
    10.870000000     0.191471293     0.065290295     0.102337671
    10.880000000     0.189427490     0.069233634     0.101176332
    10.890000000     0.187479717     0.073157411     0.100051696
    10.900000000     0.185626117     0.077053677     0.098967672
    10.910000000     0.183864241     0.080914738     0.097927871
    10.920000000     0.182191095     0.084733399     0.096935565
    10.930000000     0.180603200     0.088503219     0.095993646
    10.940000000     0.179096668     0.092218777     0.095104598
    10.950000000     0.177667284     0.095875921     0.094270467
    10.960000000     0.176310596     0.099471982     0.093492848
    10.970000000     0.175022008     0.103005933     0.092772872
    10.980000000     0.173796878     0.106478449     0.092111198
    10.990000000     0.172630613     0.109891863     0.091508024
    11.000000000     0.171518763     0.113249990     0.090963089
    11.010000000     0.170457107     0.116557851     0.090475690
    11.020000000     0.169441733     0.119821315     0.090044701
    11.030000000     0.168469115     0.123046709     0.089668596
    11.040000000     0.167536167     0.126240435     0.089345476
    11.050000000     0.166640303     0.129408620     0.089073100
    11.060000000     0.165779464     0.132556836     0.088848915
    11.070000000     0.164952154     0.135689872     0.088670089
    11.080000000     0.164157448     0.138811557     0.088533546
    11.090000000     0.163394993     0.141924637     0.088435997
    11.100000000     0.162665000     0.145030702     0.088373971
    11.110000000     0.161968215     0.148130176     0.088343851
    11.120000000     0.161305894     0.151222394     0.088341900
    11.130000000     0.160679753     0.154305792     0.088364294
    11.140000000     0.160091922     0.157378200     0.088407143
    11.150000000     0.159544884     0.160437211     0.088466520
    11.160000000     0.159041410     0.163480591     0.088538485
    11.170000000     0.158584494     0.166506631     0.088619105
    11.180000000     0.158177277     0.169514405     0.088704479
    11.190000000     0.157822972     0.172503854     0.088790754
    11.200000000     0.157524793     0.175475689     0.088874147
    11.210000000     0.157285874     0.178431122     0.088950967
    11.220000000     0.157109200     0.181371468     0.089017631
    11.230000000     0.156997529     0.184297672     0.089070687
    11.240000000     0.156953326     0.187209832     0.089106834
    11.250000000     0.156978698     0.190106788     0.089122944
    11.260000000     0.157075328     0.192985839     0.089116086
    11.270000000     0.157244421     0.195842654     0.089083545
    11.280000000     0.157486649     0.198671396     0.089022851
    11.290000000     0.157802111     0.201465062     0.088931803
    11.300000000     0.158190285     0.204215993     0.088808491
    11.310000000     0.158650001     0.206916463     0.088651320
    11.320000000     0.159179413     0.209559259     0.088459039
    11.330000000     0.159775974     0.212138141     0.088230758
    11.340000000     0.160436432     0.214648124     0.087965970
    11.350000000     0.161156822     0.217085544     0.087664568
    11.360000000     0.161932468     0.219447942     0.087326860
    11.370000000     0.162757998     0.221733807     0.086953581
    11.380000000     0.163627363     0.223942251     0.086545894
    11.390000000     0.164533867     0.226072678     0.086105398
    11.400000000     0.165470202     0.228124493     0.085634116
    11.410000000     0.166428502     0.230096881     0.085134489
    11.420000000     0.167400390     0.231988679     0.084609361
    11.430000000     0.168377050     0.233798340     0.084061952
    11.440000000     0.169349295     0.235524001     0.083495835
    11.450000000     0.170307652     0.237163629     0.082914896
    11.460000000     0.171242448     0.238715224     0.082323304
    11.470000000     0.172143907     0.240177005     0.081725457
    11.480000000     0.173002248     0.241547563     0.081125941
    11.490000000     0.173807792     0.242825934     0.080529478
    11.500000000     0.174551073     0.244011592     0.079940869
    11.510000000     0.175222940     0.245104417     0.079364941
    11.520000000     0.175814672     0.246104679     0.078806494
    11.530000000     0.176318083     0.247013115     0.078270240
    11.540000000     0.176725621     0.247831129     0.077760753
    11.550000000     0.177030466     0.248561119     0.077282418
    11.560000000     0.177226617     0.249206896     0.076839377
    11.570000000     0.177308965     0.249774122     0.076435492
    11.580000000     0.177273361     0.250270657     0.076074299
    11.590000000     0.177116662     0.250706732     0.075758977
    11.600000000     0.176836769     0.251094870     0.075492314
    11.610000000     0.176432644     0.251449514     0.075276691
    11.620000000     0.175904311     0.251786409     0.075114056
    11.630000000     0.175252844     0.252121774     0.075005918
    11.640000000     0.174480329     0.252471410     0.074953338
    11.650000000     0.173589823     0.252849825     0.074956933
    11.660000000     0.172585283     0.253269496     0.075016875
    11.670000000     0.171471494     0.253740347     0.075132906
    11.680000000     0.170253978     0.254269467     0.075304346
    11.690000000     0.168938892     0.254861078     0.075530118
    11.700000000     0.167532927     0.255516719     0.075808761
    11.710000000     0.166043188     0.256235599     0.076138455
    11.720000000     0.164477084     0.257015050     0.076517046
    11.730000000     0.162842212     0.257851018     0.076942073
    11.740000000     0.161146242     0.258738563     0.077410787
    11.750000000     0.159396808     0.259672310     0.077920185
    11.760000000     0.157601409     0.260646860     0.078467029
    11.770000000     0.155767310     0.261657129     0.079047873
    11.780000000     0.153901463     0.262698634     0.079659086
    11.790000000     0.152010432     0.263767684     0.080296875
    11.800000000     0.150100332     0.264861477     0.080957305
    11.810000000     0.148176783     0.265978091     0.081636319
    11.820000000     0.146244872     0.267116355     0.082329755
    11.830000000     0.144309135     0.268275628     0.083033368
    11.840000000     0.142373541     0.269455524     0.083742841
    11.850000000     0.140441499     0.270655633     0.084453806
    11.860000000     0.138515867     0.271875297     0.085161860
    11.870000000     0.136598974     0.273113481     0.085862579
    11.880000000     0.134692652     0.274368746     0.086551537
    11.890000000     0.132798269     0.275639332     0.087224324
    11.900000000     0.130916778     0.276923284     0.087876564
    11.910000000     0.129048758     0.278218620     0.088503940
    11.920000000     0.127194466     0.279523463     0.089102207
    11.930000000     0.125353893     0.280836147     0.089667225
    11.940000000     0.123526805     0.282155276     0.090194978
    11.950000000     0.121712805     0.283479748     0.090681601
    11.960000000     0.119911374     0.284808760     0.091123408
    11.970000000     0.118121917     0.286141814     0.091516922
    11.980000000     0.116343808     0.287478715     0.091858899
    11.990000000     0.114576424     0.288819590     0.092146358
    12.000000000     0.112819177     0.290164897     0.092376609
    12.010000000     0.111071538     0.291515436     0.092547281
    12.020000000     0.109333061     0.292872338     0.092656339
    12.030000000     0.107603394     0.294237040     0.092702115
    12.040000000     0.105882285     0.295611221     0.092683317
    12.050000000     0.104169590     0.296996723     0.092599051
    12.060000000     0.102465263     0.298395435     0.092448827
    12.070000000     0.100769353     0.299809184     0.092232562
    12.080000000     0.099081987     0.301239618     0.091950587
    12.090000000     0.097403356     0.302688114     0.091603635
    12.100000000     0.095733695     0.304155711     0.091192833
    12.110000000     0.094073257     0.305643067     0.090719682
    12.120000000     0.092422299     0.307150444     0.090186038
    12.130000000     0.090781049     0.308677691     0.089594085
    12.140000000     0.089149688     0.310224240     0.088946297
    12.150000000     0.087528329     0.311789094     0.088245406
    12.160000000     0.085916997     0.313370811     0.087494355
    12.170000000     0.084315611     0.314967512     0.086696261
    12.180000000     0.082723975     0.316576890     0.085854363
    12.190000000     0.081141768     0.318196264     0.084971972
    12.200000000     0.079568539     0.319822649     0.084052428
    12.210000000     0.078003709     0.321452878     0.083099044
    12.220000000     0.076446580     0.323083749     0.082115062
    12.230000000     0.074896338     0.324712212     0.081103606
    12.240000000     0.073352074     0.326335565     0.080067638
    12.250000000     0.071812802     0.327951669     0.079009921
    12.260000000     0.070277477     0.329559132     0.077932980
    12.270000000     0.068745026     0.331157455     0.076839074
    12.280000000     0.067214370     0.332747116     0.075730174
    12.290000000     0.065684455     0.334329563     0.074607942
    12.300000000     0.064154282     0.335907116     0.073473721
    12.310000000     0.062622934     0.337482781     0.072328528
    12.320000000     0.061089604     0.339059984     0.071173060
    12.330000000     0.059553621     0.340642274     0.070007702
    12.340000000     0.058014476     0.342233020     0.068832537
    12.350000000     0.056471839     0.343835168     0.067647378
    12.360000000     0.054925578     0.345451077     0.066451786
    12.370000000     0.053375773     0.347082473     0.065245110
    12.380000000     0.051822725     0.348730490     0.064026521
    12.390000000     0.050266960     0.350395804     0.062795055
    12.400000000     0.048709230     0.352078780     0.061549658
    12.410000000     0.047150514     0.353779634     0.060289232
    12.420000000     0.045592004     0.355498547     0.059012686
    12.430000000     0.044035101     0.357235737     0.057718979
    12.440000000     0.042481395     0.358991494     0.056407171
    12.450000000     0.040932654     0.360766181     0.055076470
    12.460000000     0.039390797     0.362560223     0.053726269
    12.470000000     0.037857880     0.364374084     0.052356193
    12.480000000     0.036336068     0.366208239     0.050966127
    12.490000000     0.034827610     0.368063136     0.049556247
    12.500000000     0.033334817     0.369939144     0.048127047
    12.510000000     0.031860033     0.371836505     0.046679351
    12.520000000     0.030405610     0.373755275     0.045214326
    12.530000000     0.028973885     0.375695277     0.043733486
    12.540000000     0.027567153     0.377656071     0.042238686
    12.550000000     0.026187644     0.379636935     0.040732114
    12.560000000     0.024837502     0.381636882     0.039216273
    12.570000000     0.023518766     0.383654686     0.037693955
    12.580000000     0.022233347     0.385688928     0.036168217
    12.590000000     0.020983015     0.387738045     0.034642342
    12.600000000     0.019769384     0.389800385     0.033119802
    12.610000000     0.018593899     0.391874238     0.031604217
    12.620000000     0.017457827     0.393957868     0.030099308
    12.630000000     0.016362248     0.396049528     0.028608851
    12.640000000     0.015308049     0.398147463     0.027136633
    12.650000000     0.014295925     0.400249921     0.025686398
    12.660000000     0.013326371     0.402355159     0.024261808
    12.670000000     0.012399692     0.404461465     0.022866394
    12.680000000     0.011515997     0.406567172     0.021503519
    12.690000000     0.010675212     0.408670678     0.020176334
    12.700000000     0.009877083     0.410770465     0.018887753
    12.710000000     0.009121184     0.412865102     0.017640414
    12.720000000     0.008406928     0.414953250     0.016436663
    12.730000000     0.007733580     0.417033661     0.015278528
    12.740000000     0.007100265     0.419105173     0.014167711
    12.750000000     0.006505983     0.421166712     0.013105577
    12.760000000     0.005949624     0.423217292     0.012093147
    12.770000000     0.005429978     0.425256020     0.011131109
    12.780000000     0.004945753     0.427282102     0.010219815
    12.790000000     0.004495585     0.429294850     0.009359296
    12.800000000     0.004078056     0.431293679     0.008549278
    12.810000000     0.003691704     0.433278107     0.007789197
    12.820000000     0.003335035     0.435247744     0.007078224
    12.830000000     0.003006540     0.437202284     0.006415283
    12.840000000     0.002704702     0.439141487     0.005799080
    12.850000000     0.002428008     0.441065171     0.005228130
    12.860000000     0.002174961     0.442973196     0.004700781
    12.870000000     0.001944085     0.444865462     0.004215241
    12.880000000     0.001733935     0.446741900     0.003769610
    12.890000000     0.001543104     0.448602472     0.003361899
    12.900000000     0.001370227     0.450447171     0.002990061
    12.910000000     0.001213991     0.452276023     0.002652013
    12.920000000     0.001073132     0.454089081     0.002345655
    12.930000000     0.000946444     0.455886430     0.002068897
    12.940000000     0.000832777     0.457668184     0.001819669
    12.950000000     0.000731043     0.459434479     0.001595944
    12.960000000     0.000640213     0.461185478     0.001395750
    12.970000000     0.000559321     0.462921361     0.001217181
    12.980000000     0.000487460     0.464642325     0.001058406
    12.990000000     0.000423783     0.466348578     0.000917682
    13.000000000     0.000367503     0.468040340     0.000793353
    13.010000000     0.000317889     0.469717837     0.000683862
    13.020000000     0.000274266     0.471381302     0.000587745
    13.030000000     0.000236012     0.473030966     0.000503641
    13.040000000     0.000202557     0.474667066     0.000430284
    13.050000000     0.000173378     0.476289836     0.000366509
    13.060000000     0.000147998     0.477899509     0.000311243
    13.070000000     0.000125985     0.479496315     0.000263506
    13.080000000     0.000106946     0.481080482     0.000222408
    13.090000000     0.000090526     0.482652233     0.000187141
    13.100000000     0.000076407     0.484211788     0.000156978
    13.110000000     0.000064301     0.485759362     0.000131264
    13.120000000     0.000053954     0.487295164     0.000109417
    13.130000000     0.000045135     0.488819400     0.000090917
    13.140000000     0.000037643     0.490332269     0.000075304
    13.150000000     0.000031298     0.491833968     0.000062172
    13.160000000     0.000025941     0.493324685     0.000051163
    13.170000000     0.000021434     0.494804607     0.000041967
    13.180000000     0.000017652     0.496273913     0.000034310
    13.190000000     0.000014491     0.497732780     0.000027958
    13.200000000     0.000011857     0.499181377     0.000022706
    13.210000000     0.000009670     0.500619871     0.000018378
    13.220000000     0.000007859     0.502048423     0.000014825
    13.230000000     0.000006366     0.503467191     0.000011919
    13.240000000     0.000005139     0.504876328     0.000009549
    13.250000000     0.000004134     0.506275982     0.000007624
    13.260000000     0.000003314     0.507666299     0.000006066
    13.270000000     0.000002648     0.509047420     0.000004810
    13.280000000     0.000002107     0.510419481     0.000003800
    13.290000000     0.000001671     0.511782617     0.000002992
    13.300000000     0.000001321     0.513136958     0.000002347
    13.310000000     0.000001040     0.514482630     0.000001834
    13.320000000     0.000000816     0.515819757     0.000001429
    13.330000000     0.000000638     0.517148461     0.000001109
    13.340000000     0.000000497     0.518468857     0.000000857
    13.350000000     0.000000385     0.519781060     0.000000660
    13.360000000     0.000000298     0.521085183     0.000000507
    13.370000000     0.000000229     0.522381333     0.000000388
    13.380000000     0.000000176     0.523669618     0.000000295
    13.390000000     0.000000134     0.524950140     0.000000224
    13.400000000     0.000000102     0.526223001     0.000000169
    13.410000000     0.000000077     0.527488300     0.000000128
    13.420000000     0.000000058     0.528746133     0.000000096
    13.430000000     0.000000044     0.529996595     0.000000072
    13.440000000     0.000000033     0.531239777     0.000000053
    13.450000000     0.000000025     0.532475769     0.000000040
    13.460000000     0.000000018     0.533704661     0.000000029
    13.470000000     0.000000014     0.534926537     0.000000021
    13.480000000     0.000000010     0.536141481     0.000000016
    13.490000000     0.000000007     0.537349577     0.000000012
    13.500000000     0.000000005     0.538550904     0.000000008
    13.510000000     0.000000004     0.539745541     0.000000006
    13.520000000     0.000000003     0.540933566     0.000000004
    13.530000000     0.000000002     0.542115055     0.000000003
    13.540000000     0.000000001     0.543290080     0.000000002
    13.550000000     0.000000001     0.544458715     0.000000002
    13.560000000     0.000000001     0.545621031     0.000000001
    13.570000000     0.000000001     0.546777097     0.000000001
    13.580000000     0.000000000     0.547926981     0.000000001
    13.590000000     0.000000000     0.549070751     0.000000000
    13.600000000     0.000000000     0.550208471     0.000000000
    13.610000000     0.000000000     0.551340207     0.000000000
    13.620000000     0.000000000     0.552466021     0.000000000
    13.630000000     0.000000000     0.553585975     0.000000000
    13.640000000     0.000000000     0.554700130     0.000000000
    13.650000000     0.000000000     0.555808545     0.000000000
    13.660000000     0.000000000     0.556911280     0.000000000
    13.670000000     0.000000000     0.558008391     0.000000000
    13.680000000     0.000000000     0.559099934     0.000000000
    13.690000000     0.000000000     0.560185966     0.000000000
    13.700000000     0.000000000     0.561266541     0.000000000
    13.710000000     0.000000000     0.562341711     0.000000000
    13.720000000     0.000000000     0.563411530     0.000000000
    13.730000000     0.000000000     0.564476050     0.000000000
    13.740000000     0.000000000     0.565535321     0.000000000
    13.750000000     0.000000000     0.566589392     0.000000000
    13.760000000     0.000000000     0.567638314     0.000000000
    13.770000000     0.000000000     0.568682133     0.000000000
    13.780000000     0.000000000     0.569720899     0.000000000
    13.790000000     0.000000000     0.570754657     0.000000000
    13.800000000     0.000000000     0.571783453     0.000000000
    13.810000000     0.000000000     0.572807332     0.000000000
    13.820000000     0.000000000     0.573826340     0.000000000
    13.830000000     0.000000000     0.574840519     0.000000000
    13.840000000     0.000000000     0.575849913     0.000000000
    13.850000000     0.000000000     0.576854564     0.000000000
    13.860000000     0.000000000     0.577854514     0.000000000
    13.870000000     0.000000000     0.578849804     0.000000000
    13.880000000     0.000000000     0.579840474     0.000000000
    13.890000000     0.000000000     0.580826565     0.000000000
    13.900000000     0.000000000     0.581808116     0.000000000
    13.910000000     0.000000000     0.582785165     0.000000000
    13.920000000     0.000000000     0.583757750     0.000000000
    13.930000000     0.000000000     0.584725910     0.000000000
    13.940000000     0.000000000     0.585689681     0.000000000
    13.950000000     0.000000000     0.586649099     0.000000000
    13.960000000     0.000000000     0.587604201     0.000000000
    13.970000000     0.000000000     0.588555023     0.000000000
    13.980000000     0.000000000     0.589501598     0.000000000
    13.990000000     0.000000000     0.590443962     0.000000000
    14.000000000     0.000000000     0.591382148     0.000000000
    14.010000000     0.000000000     0.592316191     0.000000000
    14.020000000     0.000000000     0.593246123     0.000000000
    14.030000000     0.000000000     0.594171977     0.000000000
    14.040000000     0.000000000     0.595093785     0.000000000
    14.050000000     0.000000000     0.596011579     0.000000000
    14.060000000     0.000000000     0.596925390     0.000000000
    14.070000000     0.000000000     0.597835250     0.000000000
    14.080000000     0.000000000     0.598741188     0.000000000
    14.090000000     0.000000000     0.599643235     0.000000000
    14.100000000     0.000000000     0.600541420     0.000000000
    14.110000000     0.000000000     0.601435774     0.000000000
    14.120000000     0.000000000     0.602326324     0.000000000
    14.130000000     0.000000000     0.603213100     0.000000000
    14.140000000     0.000000000     0.604096130     0.000000000
    14.150000000     0.000000000     0.604975442     0.000000000
    14.160000000     0.000000000     0.605851064     0.000000000
    14.170000000     0.000000000     0.606723022     0.000000000
    14.180000000     0.000000000     0.607591343     0.000000000
    14.190000000     0.000000000     0.608456054     0.000000000
    14.200000000     0.000000000     0.609317182     0.000000000
    14.210000000     0.000000000     0.610174752     0.000000000
    14.220000000     0.000000000     0.611028791     0.000000000
    14.230000000     0.000000000     0.611879322     0.000000000
    14.240000000     0.000000000     0.612726371     0.000000000
    14.250000000     0.000000000     0.613569964     0.000000000
    14.260000000     0.000000000     0.614410124     0.000000000
    14.270000000     0.000000000     0.615246876     0.000000000
    14.280000000     0.000000000     0.616080243     0.000000000
    14.290000000     0.000000000     0.616910249     0.000000000
    14.300000000     0.000000000     0.617736918     0.000000000
    14.310000000     0.000000000     0.618560272     0.000000000
    14.320000000     0.000000000     0.619380334     0.000000000
    14.330000000     0.000000000     0.620197128     0.000000000
    14.340000000     0.000000000     0.621010674     0.000000000
    14.350000000     0.000000000     0.621820996     0.000000000
    14.360000000     0.000000000     0.622628115     0.000000000
    14.370000000     0.000000000     0.623432052     0.000000000
    14.380000000     0.000000000     0.624232830     0.000000000
    14.390000000     0.000000000     0.625030469     0.000000000
    14.400000000     0.000000000     0.625824990     0.000000000
    14.410000000     0.000000000     0.626616413     0.000000000
    14.420000000     0.000000000     0.627404760     0.000000000
    14.430000000     0.000000000     0.628190049     0.000000000
    14.440000000     0.000000000     0.628972303     0.000000000
    14.450000000     0.000000000     0.629751539     0.000000000
    14.460000000     0.000000000     0.630527779     0.000000000
    14.470000000     0.000000000     0.631301040     0.000000000
    14.480000000     0.000000000     0.632071343     0.000000000
    14.490000000     0.000000000     0.632838706     0.000000000
    14.500000000     0.000000000     0.633603148     0.000000000
    14.510000000     0.000000000     0.634364689     0.000000000
    14.520000000     0.000000000     0.635123345     0.000000000
    14.530000000     0.000000000     0.635879136     0.000000000
    14.540000000     0.000000000     0.636632079     0.000000000
    14.550000000     0.000000000     0.637382193     0.000000000
    14.560000000     0.000000000     0.638129495     0.000000000
    14.570000000     0.000000000     0.638874002     0.000000000
    14.580000000     0.000000000     0.639615733     0.000000000
    14.590000000     0.000000000     0.640354704     0.000000000
    14.600000000     0.000000000     0.641090931     0.000000000
    14.610000000     0.000000000     0.641824433     0.000000000
    14.620000000     0.000000000     0.642555226     0.000000000
    14.630000000     0.000000000     0.643283326     0.000000000
    14.640000000     0.000000000     0.644008749     0.000000000
    14.650000000     0.000000000     0.644731512     0.000000000
    14.660000000     0.000000000     0.645451631     0.000000000
    14.670000000     0.000000000     0.646169122     0.000000000
    14.680000000     0.000000000     0.646884001     0.000000000
    14.690000000     0.000000000     0.647596282     0.000000000
    14.700000000     0.000000000     0.648305982     0.000000000
    14.710000000     0.000000000     0.649013117     0.000000000
    14.720000000     0.000000000     0.649717700     0.000000000
    14.730000000     0.000000000     0.650419748     0.000000000
    14.740000000     0.000000000     0.651119274     0.000000000
    14.750000000     0.000000000     0.651816295     0.000000000
    14.760000000     0.000000000     0.652510824     0.000000000
    14.770000000     0.000000000     0.653202876     0.000000000
    14.780000000     0.000000000     0.653892465     0.000000000
    14.790000000     0.000000000     0.654579606     0.000000000
    14.800000000     0.000000000     0.655264313     0.000000000
    14.810000000     0.000000000     0.655946600     0.000000000
    14.820000000     0.000000000     0.656626480     0.000000000
    14.830000000     0.000000000     0.657303967     0.000000000
    14.840000000     0.000000000     0.657979076     0.000000000
    14.850000000     0.000000000     0.658651819     0.000000000
    14.860000000     0.000000000     0.659322209     0.000000000
    14.870000000     0.000000000     0.659990262     0.000000000
    14.880000000     0.000000000     0.660655988     0.000000000
    14.890000000     0.000000000     0.661319402     0.000000000
    14.900000000     0.000000000     0.661980516     0.000000000
    14.910000000     0.000000000     0.662639343     0.000000000
    14.920000000     0.000000000     0.663295896     0.000000000
    14.930000000     0.000000000     0.663950187     0.000000000
    14.940000000     0.000000000     0.664602229     0.000000000
    14.950000000     0.000000000     0.665252035     0.000000000
    14.960000000     0.000000000     0.665899616     0.000000000
    14.970000000     0.000000000     0.666544985     0.000000000
    14.980000000     0.000000000     0.667188155     0.000000000
    14.990000000     0.000000000     0.667829136     0.000000000
    15.000000000     0.000000000     0.668467940     0.000000000
