     0.000000000     0.000000000     2.520983082     0.000000000
     0.010000000     0.000000000     2.520989107     0.000000000
     0.020000000     0.000000000     2.521007184     0.000000000
     0.030000000     0.000000000     2.521037314     0.000000000
     0.040000000     0.000000000     2.521079498     0.000000000
     0.050000000     0.000000000     2.521133739     0.000000000
     0.060000000     0.000000000     2.521200039     0.000000000
     0.070000000     0.000000000     2.521278404     0.000000000
     0.080000000     0.000000000     2.521368837     0.000000000
     0.090000000     0.000000000     2.521471344     0.000000000
     0.100000000     0.000000000     2.521585930     0.000000000
     0.110000000     0.000000000     2.521712603     0.000000000
     0.120000000     0.000000000     2.521851370     0.000000000
     0.130000000     0.000000000     2.522002238     0.000000000
     0.140000000     0.000000000     2.522165217     0.000000000
     0.150000000     0.000000000     2.522340317     0.000000000
     0.160000000     0.000000000     2.522527547     0.000000000
     0.170000000     0.000000000     2.522726919     0.000000000
     0.180000000     0.000000000     2.522938444     0.000000000
     0.190000000     0.000000000     2.523162135     0.000000000
     0.200000000     0.000000000     2.523398004     0.000000000
     0.210000000     0.000000000     2.523646066     0.000000000
     0.220000000     0.000000000     2.523906336     0.000000000
     0.230000000     0.000000000     2.524178828     0.000000000
     0.240000000     0.000000000     2.524463558     0.000000000
     0.250000000     0.000000000     2.524760545     0.000000000
     0.260000000     0.000000000     2.525069804     0.000000000
     0.270000000     0.000000000     2.525391354     0.000000000
     0.280000000     0.000000000     2.525725215     0.000000000
     0.290000000     0.000000000     2.526071405     0.000000000
     0.300000000     0.000000000     2.526429947     0.000000000
     0.310000000     0.000000000     2.526800860     0.000000000
     0.320000000     0.000000000     2.527184167     0.000000000
     0.330000000     0.000000000     2.527579890     0.000000000
     0.340000000     0.000000000     2.527988054     0.000000000
     0.350000000     0.000000000     2.528408682     0.000000000
     0.360000000     0.000000000     2.528841800     0.000000000
     0.370000000     0.000000000     2.529287433     0.000000000
     0.380000000     0.000000000     2.529745608     0.000000000
     0.390000000     0.000000000     2.530216353     0.000000000
     0.400000000     0.000000000     2.530699696     0.000000000
     0.410000000     0.000000000     2.531195665     0.000000000
     0.420000000     0.000000000     2.531704291     0.000000000
     0.430000000     0.000000000     2.532225605     0.000000000
     0.440000000     0.000000000     2.532759637     0.000000000
     0.450000000     0.000000000     2.533306420     0.000000000
     0.460000000     0.000000000     2.533865987     0.000000000
     0.470000000     0.000000000     2.534438373     0.000000000
     0.480000000     0.000000000     2.535023611     0.000000000
     0.490000000     0.000000000     2.535621737     0.000000000
     0.500000000     0.000000000     2.536232788     0.000000000
     0.510000000     0.000000000     2.536856802     0.000000000
     0.520000000     0.000000000     2.537493815     0.000000000
     0.530000000     0.000000000     2.538143868     0.000000000
     0.540000000     0.000000000     2.538807000     0.000000000
     0.550000000     0.000000000     2.539483252     0.000000000
     0.560000000     0.000000000     2.540172666     0.000000000
     0.570000000     0.000000000     2.540875284     0.000000000
     0.580000000     0.000000000     2.541591150     0.000000000
     0.590000000     0.000000000     2.542320308     0.000000000
     0.600000000     0.000000000     2.543062803     0.000000000
     0.610000000     0.000000000     2.543818682     0.000000000
     0.620000000     0.000000000     2.544587992     0.000000000
     0.630000000     0.000000000     2.545370781     0.000000000
     0.640000000     0.000000000     2.546167098     0.000000000
     0.650000000     0.000000000     2.546976993     0.000000000
     0.660000000     0.000000000     2.547800517     0.000000000
     0.670000000     0.000000000     2.548637722     0.000000000
     0.680000000     0.000000000     2.549488662     0.000000000
     0.690000000     0.000000000     2.550353390     0.000000000
     0.700000000     0.000000000     2.551231960     0.000000000
     0.710000000     0.000000000     2.552124431     0.000000000
     0.720000000     0.000000000     2.553030857     0.000000000
     0.730000000     0.000000000     2.553951298     0.000000000
     0.740000000     0.000000000     2.554885812     0.000000000
     0.750000000     0.000000000     2.555834461     0.000000000
     0.760000000     0.000000000     2.556797304     0.000000000
     0.770000000     0.000000000     2.557774406     0.000000000
     0.780000000     0.000000000     2.558765829     0.000000000
     0.790000000     0.000000000     2.559771637     0.000000000
     0.800000000     0.000000000     2.560791897     0.000000000
     0.810000000     0.000000000     2.561826676     0.000000000
     0.820000000     0.000000000     2.562876042     0.000000000
     0.830000000     0.000000000     2.563940064     0.000000000
     0.840000000     0.000000000     2.565018812     0.000000000
     0.850000000     0.000000000     2.566112359     0.000000000
     0.860000000     0.000000000     2.567220776     0.000000000
     0.870000000     0.000000000     2.568344139     0.000000000
     0.880000000     0.000000000     2.569482523     0.000000000
     0.890000000     0.000000000     2.570636003     0.000000000
     0.900000000     0.000000000     2.571804659     0.000000000
     0.910000000     0.000000000     2.572988570     0.000000000
     0.920000000     0.000000000     2.574187815     0.000000000
     0.930000000     0.000000000     2.575402477     0.000000000
     0.940000000     0.000000000     2.576632639     0.000000000
     0.950000000     0.000000000     2.577878386     0.000000000
     0.960000000     0.000000000     2.579139803     0.000000000
     0.970000000     0.000000000     2.580416979     0.000000000
     0.980000000     0.000000000     2.581710001     0.000000000
     0.990000000     0.000000000     2.583018961     0.000000000
     1.000000000     0.000000000     2.584343949     0.000000000
     1.010000000     0.000000000     2.585685059     0.000000000
     1.020000000     0.000000000     2.587042387     0.000000000
     1.030000000     0.000000000     2.588416027     0.000000000
     1.040000000     0.000000000     2.589806079     0.000000000
     1.050000000     0.000000000     2.591212641     0.000000000
     1.060000000     0.000000000     2.592635814     0.000000000
     1.070000000     0.000000000     2.594075701     0.000000000
     1.080000000     0.000000000     2.595532407     0.000000000
     1.090000000     0.000000000     2.597006037     0.000000000
     1.100000000     0.000000000     2.598496700     0.000000000
     1.110000000     0.000000000     2.600004504     0.000000000
     1.120000000     0.000000000     2.601529560     0.000000000
     1.130000000     0.000000000     2.603071983     0.000000000
     1.140000000     0.000000000     2.604631886     0.000000000
     1.150000000     0.000000000     2.606209386     0.000000000
     1.160000000     0.000000000     2.607804602     0.000000000
     1.170000000     0.000000000     2.609417654     0.000000000
     1.180000000     0.000000000     2.611048665     0.000000000
     1.190000000     0.000000000     2.612697758     0.000000000
     1.200000000     0.000000000     2.614365062     0.000000000
     1.210000000     0.000000000     2.616050703     0.000000000
     1.220000000     0.000000000     2.617754812     0.000000000
     1.230000000     0.000000000     2.619477522     0.000000000
     1.240000000     0.000000000     2.621218969     0.000000000
     1.250000000     0.000000000     2.622979288     0.000000000
     1.260000000     0.000000000     2.624758619     0.000000000
     1.270000000     0.000000000     2.626557104     0.000000000
     1.280000000     0.000000000     2.628374886     0.000000000
     1.290000000     0.000000000     2.630212113     0.000000000
     1.300000000     0.000000000     2.632068931     0.000000000
     1.310000000     0.000000000     2.633945493     0.000000000
     1.320000000     0.000000000     2.635841952     0.000000000
     1.330000000     0.000000000     2.637758464     0.000000000
     1.340000000     0.000000000     2.639695188     0.000000000
     1.350000000     0.000000000     2.641652285     0.000000000
     1.360000000     0.000000000     2.643629920     0.000000000
     1.370000000     0.000000000     2.645628259     0.000000000
     1.380000000     0.000000000     2.647647472     0.000000000
     1.390000000     0.000000000     2.649687732     0.000000000
     1.400000000     0.000000000     2.651749214     0.000000000
     1.410000000     0.000000000     2.653832097     0.000000000
     1.420000000     0.000000000     2.655936562     0.000000000
     1.430000000     0.000000001     2.658062794     0.000000000
     1.440000000     0.000000001     2.660210982     0.000000000
     1.450000000     0.000000001     2.662381315     0.000000000
     1.460000000     0.000000002     2.664573990     0.000000000
     1.470000000     0.000000003     2.666789203     0.000000000
     1.480000000     0.000000004     2.669027157     0.000000000
     1.490000000     0.000000006     2.671288056     0.000000000
     1.500000000     0.000000009     2.673572109     0.000000000
     1.510000000     0.000000013     2.675879529     0.000000000
     1.520000000     0.000000018     2.678210532     0.000000000
     1.530000000     0.000000026     2.680565338     0.000000000
     1.540000000     0.000000037     2.682944172     0.000000000
     1.550000000     0.000000051     2.685347262     0.000000000
     1.560000000     0.000000071     2.687774840     0.000000000
     1.570000000     0.000000099     2.690227144     0.000000000
     1.580000000     0.000000136     2.692704415     0.000000000
     1.590000000     0.000000188     2.695206899     0.000000000
     1.600000000     0.000000256     2.697734846     0.000000000
     1.610000000     0.000000349     2.700288512     0.000000001
     1.620000000     0.000000473     2.702868157     0.000000001
     1.630000000     0.000000639     2.705474046     0.000000001
     1.640000000     0.000000858     2.708106451     0.000000001
     1.650000000     0.000001148     2.710765645     0.000000002
     1.660000000     0.000001529     2.713451911     0.000000002
     1.670000000     0.000002027     2.716165536     0.000000003
     1.680000000     0.000002676     2.718906810     0.000000004
     1.690000000     0.000003516     2.721676034     0.000000005
     1.700000000     0.000004600     2.724473510     0.000000007
     1.710000000     0.000005992     2.727299548     0.000000009
     1.720000000     0.000007770     2.730154466     0.000000012
     1.730000000     0.000010032     2.733038587     0.000000015
     1.740000000     0.000012894     2.735952238     0.000000020
     1.750000000     0.000016499     2.738895757     0.000000026
     1.760000000     0.000021019     2.741869486     0.000000033
     1.770000000     0.000026659     2.744873774     0.000000042
     1.780000000     0.000033663     2.747908978     0.000000054
     1.790000000     0.000042318     2.750975462     0.000000068
     1.800000000     0.000052965     2.754073597     0.000000086
     1.810000000     0.000065996     2.757203759     0.000000108
     1.820000000     0.000081871     2.760366335     0.000000136
     1.830000000     0.000101116     2.763561715     0.000000169
     1.840000000     0.000124333     2.766790299     0.000000210
     1.850000000     0.000152205     2.770052492     0.000000261
     1.860000000     0.000185504     2.773348707     0.000000321
     1.870000000     0.000225090     2.776679362     0.000000395
     1.880000000     0.000271918     2.780044880     0.000000483
     1.890000000     0.000327039     2.783445690     0.000000589
     1.900000000     0.000391601     2.786882224     0.000000716
     1.910000000     0.000466842     2.790354918     0.000000867
     1.920000000     0.000554088     2.793864209     0.000001045
     1.930000000     0.000654743     2.797410533     0.000001256
     1.940000000     0.000770279     2.800994323     0.000001504
     1.950000000     0.000902217     2.804616008     0.000001794
     1.960000000     0.001052109     2.808276008     0.000002134
     1.970000000     0.001221514     2.811974728     0.000002528
     1.980000000     0.001411971     2.815712557     0.000002986
     1.990000000     0.001624966     2.819489857     0.000003516
     2.000000000     0.001861897     2.823306960     0.000004125
     2.010000000     0.002124034     2.827164154     0.000004826
     2.020000000     0.002412483     2.831061672     0.000005628
     2.030000000     0.002728136     2.834999682     0.000006544
     2.040000000     0.003071634     2.838978266     0.000007587
     2.050000000     0.003443321     2.842997399     0.000008772
     2.060000000     0.003843204     2.847056928     0.000010113
     2.070000000     0.004270912     2.851156541     0.000011629
     2.080000000     0.004725670     2.855295729     0.000013338
     2.090000000     0.005206265     2.859473754     0.000015260
     2.100000000     0.005711029     2.863689593     0.000017419
     2.110000000     0.006237830     2.867941893     0.000019838
     2.120000000     0.006784072     2.872228909     0.000022543
     2.130000000     0.007346704     2.876548447     0.000025566
     2.140000000     0.007922245     2.880897796     0.000028936
     2.150000000     0.008506822     2.885273678     0.000032690
     2.160000000     0.009096215     2.889672204     0.000036865
     2.170000000     0.009685920     2.894088860     0.000041505
     2.180000000     0.010271219     2.898518534     0.000046653
     2.190000000     0.010847267     2.902955617     0.000052361
     2.200000000     0.011409177     2.907394190     0.000058682
     2.210000000     0.011952123     2.911828332     0.000065677
     2.220000000     0.012471437     2.916252577     0.000073408
     2.230000000     0.012962717     2.920662502     0.000081944
     2.240000000     0.013421926     2.925055457     0.000091360
     2.250000000     0.013845490     2.929431339     0.000101735
     2.260000000     0.014230392     2.933793331     0.000113151
     2.270000000     0.014574246     2.938148427     0.000125698
     2.280000000     0.014875373     2.942507599     0.000139467
     2.290000000     0.015132847     2.946885461     0.000154555
     2.300000000     0.015346531     2.951299396     0.000171060
     2.310000000     0.015517098     2.955768226     0.000189083
     2.320000000     0.015646023     2.960310632     0.000208724
     2.330000000     0.015735560     2.964943601     0.000230083
     2.340000000     0.015788701     2.969681194     0.000253258
     2.350000000     0.015809112     2.974533792     0.000278342
     2.360000000     0.015801051     2.979507912     0.000305425
     2.370000000     0.015769271     2.984606491     0.000334585
     2.380000000     0.015718914     2.989829513     0.000365892
     2.390000000     0.015655386     2.995174780     0.000399405
     2.400000000     0.015584231     3.000638659     0.000435166
     2.410000000     0.015510999     3.006216718     0.000473203
     2.420000000     0.015441114     3.011904164     0.000513524
     2.430000000     0.015379742     3.017696102     0.000556117
     2.440000000     0.015331672     3.023587638     0.000600948
     2.450000000     0.015301200     3.029573878     0.000647959
     2.460000000     0.015292028     3.035649873     0.000697069
     2.470000000     0.015307184     3.041810563     0.000748170
     2.480000000     0.015348947     3.048050719     0.000801129
     2.490000000     0.015418800     3.054364928     0.000855789
     2.500000000     0.015517403     3.060747601     0.000911967
     2.510000000     0.015644580     3.067193024     0.000969456
     2.520000000     0.015799330     3.073695445     0.001028028
     2.530000000     0.015979859     3.080249212     0.001087435
     2.540000000     0.016183626     3.086848962     0.001147412
     2.550000000     0.016407406     3.093489873     0.001207680
     2.560000000     0.016647376     3.100167960     0.001267947
     2.570000000     0.016899198     3.106880399     0.001327917
     2.580000000     0.017158125     3.113625853     0.001387287
     2.590000000     0.017419111     3.120404727     0.001445758
     2.600000000     0.017676918     3.127219317     0.001503031
     2.610000000     0.017926237     3.134073785     0.001558820
     2.620000000     0.018161794     3.140973939     0.001612849
     2.630000000     0.018378465     3.147926850     0.001664856
     2.640000000     0.018571375     3.154940349     0.001714602
     2.650000000     0.018735997     3.162022536     0.001761867
     2.660000000     0.018868231     3.169181378     0.001806457
     2.670000000     0.018964487     3.176424496     0.001848204
     2.680000000     0.019021737     3.183759121     0.001886969
     2.690000000     0.019037570     3.191192199     0.001922643
     2.700000000     0.019010226     3.198730524     0.001955145
     2.710000000     0.018938618     3.206380843     0.001984425
     2.720000000     0.018822343     3.214149862     0.002010463
     2.730000000     0.018661677     3.222044181     0.002033267
     2.740000000     0.018457567     3.230070178     0.002052873
     2.750000000     0.018211603     3.238233909     0.002069344
     2.760000000     0.017925991     3.246541036     0.002082765
     2.770000000     0.017603516     3.254996799     0.002093244
     2.780000000     0.017247495     3.263605984     0.002100910
     2.790000000     0.016861737     3.272372883     0.002105908
     2.800000000     0.016450491     3.281301232     0.002108399
     2.810000000     0.016018397     3.290394148     0.002108557
     2.820000000     0.015570444     3.299654106     0.002106567
     2.830000000     0.015111918     3.309082979     0.002102622
     2.840000000     0.014648365     3.318682146     0.002096922
     2.850000000     0.014185547     3.328452652     0.002089671
     2.860000000     0.013729409     3.338395392     0.002081075
     2.870000000     0.013286048     3.348511268     0.002071342
     2.880000000     0.012861682     3.358801322     0.002060677
     2.890000000     0.012462627     3.369266801     0.002049284
     2.900000000     0.012095272     3.379909181     0.002037361
     2.910000000     0.011766057     3.390730162     0.002025100
     2.920000000     0.011481451     3.401731633     0.002012685
     2.930000000     0.011247926     3.412915651     0.002000291
     2.940000000     0.011071931     3.424284431     0.001988079
     2.950000000     0.010959856     3.435840352     0.001976199
     2.960000000     0.010918001     3.447585989     0.001964783
     2.970000000     0.010952521     3.459524142     0.001953946
     2.980000000     0.011069382     3.471657848     0.001943785
     2.990000000     0.011274292     3.483990383     0.001934372
     3.000000000     0.011572635     3.496525217     0.001925760
     3.010000000     0.011969388     3.509265956     0.001917973
     3.020000000     0.012469035     3.522216263     0.001911010
     3.030000000     0.013075474     3.535379786     0.001904844
     3.040000000     0.013791918     3.548760092     0.001899416
     3.050000000     0.014620793     3.562360618     0.001894642
     3.060000000     0.015563641     3.576184631     0.001890408
     3.070000000     0.016621020     3.590235180     0.001886571
     3.080000000     0.017792415     3.604515032     0.001882965
     3.090000000     0.019076164     3.619026575     0.001879395
     3.100000000     0.020469389     3.633771685     0.001875648
     3.110000000     0.021967956     3.648751559     0.001871492
     3.120000000     0.023566449     3.663966525     0.001866679
     3.130000000     0.025258175     3.679415834     0.001860949
     3.140000000     0.027035194     3.695097458     0.001854041
     3.150000000     0.028888379     3.711007898     0.001845688
     3.160000000     0.030807512     3.727142028     0.001835630
     3.170000000     0.032781404     3.743493002     0.001823618
     3.180000000     0.034798059     3.760052255     0.001809416
     3.190000000     0.036844858     3.776809660     0.001792811
     3.200000000     0.038908783     3.793753897     0.001773613
     3.210000000     0.040976663     3.810873129     0.001751664
     3.220000000     0.043035455     3.828156057     0.001726840
     3.230000000     0.045072542     3.845593416     0.001699053
     3.240000000     0.047076064     3.863179912     0.001668256
     3.250000000     0.049035262     3.880916509     0.001634444
     3.260000000     0.050940850     3.898812840     0.001597655
     3.270000000     0.052785409     3.916889352     0.001557968
     3.280000000     0.054563805     3.935178711     0.001515506
     3.290000000     0.056273635     3.953725946     0.001470430
     3.300000000     0.057915696     3.972586968     0.001422939
     3.310000000     0.059494505     3.991825391     0.001373266
     3.320000000     0.061018847     4.011507998     0.001321675
     3.330000000     0.062502381     4.031699558     0.001268454
     3.340000000     0.063964302     4.052457890     0.001213913
     3.350000000     0.065430058     4.073830007     0.001158374
     3.360000000     0.066932154     4.095849865     0.001102174
     3.370000000     0.068511012     4.118537872     0.001045649
     3.380000000     0.070215920     4.141901911     0.000989136
     3.390000000     0.072106051     4.165939479     0.000932968
     3.400000000     0.074251552     4.190640466     0.000877463
     3.410000000     0.076734696     4.215990196     0.000822927
     3.420000000     0.079651068     4.241972506     0.000769646
     3.430000000     0.083110776     4.268572741     0.000717883
     3.440000000     0.087239651     4.295780616     0.000667877
     3.450000000     0.092180392     4.323592907     0.000619841
     3.460000000     0.098093621     4.352015823     0.000573959
     3.470000000     0.105158783     4.381066838     0.000530390
     3.480000000     0.113574851     4.410775621     0.000489260
     3.490000000     0.123560748     4.441183738     0.000450672
     3.500000000     0.135355434     4.472342882     0.000414701
     3.510000000     0.149217593     4.504311665     0.000381397
     3.520000000     0.165424828     4.537151311     0.000350789
     3.530000000     0.184272325     4.570920887     0.000322886
     3.540000000     0.206070909     4.605672785     0.000297679
     3.550000000     0.231144455     4.641449099     0.000275145
     3.560000000     0.259826602     4.678279232     0.000255251
     3.570000000     0.292456774     4.716178727     0.000237952
     3.580000000     0.329375488     4.755149041     0.000223203
     3.590000000     0.370918976     4.795177811     0.000210951
     3.600000000     0.417413187     4.836239133     0.000201148
     3.610000000     0.469167212     4.878293465     0.000193747
     3.620000000     0.526466265     4.921286853     0.000188706
     3.630000000     0.589564326     4.965149304     0.000185994
     3.640000000     0.658676617     5.009792196     0.000185586
     3.650000000     0.733972071     5.055104663     0.000187475
     3.660000000     0.815566006     5.100948917     0.000191664
     3.670000000     0.903513204     5.147154449     0.000198176
     3.680000000     0.997801613     5.193511077     0.000207049
     3.690000000     1.098346891     5.239760800     0.000218345
     3.700000000     1.204988009     5.285588478     0.000232144
     3.710000000     1.317484100     5.330611446     0.000248553
     3.720000000     1.435512731     5.374368349     0.000267701
     3.730000000     1.558669743     5.416307726     0.000289748
     3.740000000     1.686470763     5.455777254     0.000314878
     3.750000000     1.818354446     5.492015033     0.000343310
     3.760000000     1.953687469     5.524144916     0.000375293
     3.770000000     2.091771230     5.551178556     0.000411111
     3.780000000     2.231850174     5.572027581     0.000451083
     3.790000000     2.373121608     5.585529802     0.000495568
     3.800000000     2.514746808     5.590493513     0.000544961
     3.810000000     2.655863211     5.585763132     0.000599702
     3.820000000     2.795597422     5.570307422     0.000660271
     3.830000000     2.933078746     5.543327696     0.000727190
     3.840000000     3.067452956     5.504377915     0.000801026
     3.850000000     3.197895978     5.453481987     0.000882392
     3.860000000     3.323627188     5.391227471     0.000971942
     3.870000000     3.443922048     5.318811841     0.001070374
     3.880000000     3.558123782     5.238019941     0.001178425
     3.890000000     3.665653886     5.151120773     0.001296873
     3.900000000     3.766021244     5.060687280     0.001426532
     3.910000000     3.858829712     4.969360500     0.001568245
     3.920000000     3.943784030     4.879593838     0.001722882
     3.930000000     4.020693995     4.793419266     0.001891335
     3.940000000     4.089476862     4.712272948     0.002074508
     3.950000000     4.150157963     4.636904810     0.002273310
     3.960000000     4.202869588     4.567379475     0.002488648
     3.970000000     4.247848184     4.503160094     0.002721413
     3.980000000     4.285429952     4.443255549     0.002972475
     3.990000000     4.316044951     4.386406598     0.003242667
     4.000000000     4.340209805     4.331286586     0.003532772
     4.010000000     4.358519142     4.276694988     0.003843513
     4.020000000     4.371635881     4.221725224     0.004175538
     4.030000000     4.380280488     4.165890922     0.004529407
     4.040000000     4.385219340     4.109197415     0.004905573
     4.050000000     4.387252310     4.052149185     0.005304376
     4.060000000     4.387199727     3.995690456     0.005726020
     4.070000000     4.385888846     3.941085319     0.006170564
     4.080000000     4.384139991     3.889754271     0.006637906
     4.090000000     4.382752553     3.843092692     0.007127774
     4.100000000     4.382491028     3.802300478     0.007639707
     4.110000000     4.384071311     3.768248847     0.008173053
     4.120000000     4.388147500     3.741400986     0.008726952
     4.130000000     4.395299440     3.721790695     0.009300332
     4.140000000     4.406021303     3.709051415     0.009891907
     4.150000000     4.420711474     3.702480062     0.010500168
     4.160000000     4.439664034     3.701117356     0.011123386
     4.170000000     4.463062129     3.703828126     0.011759613
     4.180000000     4.490973468     3.709369946     0.012406693
     4.190000000     4.523348209     3.716444420     0.013062264
     4.200000000     4.560019413     3.723730972     0.013723776
     4.210000000     4.600706214     3.729907035     0.014388507
     4.220000000     4.645019780     3.733660657     0.015053583
     4.230000000     4.692472073     3.733701789     0.015716001
     4.240000000     4.742487342     3.728777306     0.016372660
     4.250000000     4.794416173     3.717692822     0.017020393
     4.260000000     4.847551863     3.699342280     0.017655998
     4.270000000     4.901148787     3.672744516     0.018276283
     4.280000000     4.954442345     3.637084959     0.018878099
     4.290000000     5.006670009     3.591760108     0.019458388
     4.300000000     5.057092932     3.536422319     0.020014224
     4.310000000     5.105017531     3.471022287     0.020542859
     4.320000000     5.149816441     3.395846089     0.021041763
     4.330000000     5.190948203     3.311542682     0.021508670
     4.340000000     5.227975096     3.219136616     0.021941615
     4.350000000     5.260578516     3.120020155     0.022338973
     4.360000000     5.288571393     3.015919824     0.022699486
     4.370000000     5.311907173     2.908835025     0.023022294
     4.380000000     5.330685002     2.800950427     0.023306955
     4.390000000     5.345150850     2.694528283     0.023553457
     4.400000000     5.355694399     2.591790356     0.023762223
     4.410000000     5.362841681     2.494800768     0.023934114
     4.420000000     5.367243541     2.405360760     0.024070410
     4.430000000     5.369660142     2.324924433     0.024172799
     4.440000000     5.370941845     2.254541667     0.024243346
     4.450000000     5.372006917     2.194831036     0.024284458
     4.460000000     5.373816612     2.145982130     0.024298839
     4.470000000     5.377348263     2.107783620     0.024289445
     4.480000000     5.383567097     2.079671107     0.024259425
     4.490000000     5.393397524     2.060787645     0.024212062
     4.500000000     5.407694697     2.050049694     0.024150708
     4.510000000     5.427217131     2.046211883     0.024078721
     4.520000000     5.452601149     2.047924987     0.023999398
     4.530000000     5.484337911     2.053782688     0.023915909
     4.540000000     5.522753684     2.062354011     0.023831236
     4.550000000     5.567993957     2.072200042     0.023748115
     4.560000000     5.620011885     2.081875493     0.023668982
     4.570000000     5.678561450     2.089917956     0.023595931
     4.580000000     5.743195584     2.094829700     0.023530671
     4.590000000     5.813269361     2.095058406     0.023474500
     4.600000000     5.887948248     2.088983879     0.023428289
     4.610000000     5.966221233     2.074917536     0.023392466
     4.620000000     6.046918532     2.051120419     0.023367024
     4.630000000     6.128733439     2.015843801     0.023351528
     4.640000000     6.210247767     1.967394411     0.023345139
     4.650000000     6.289960239     1.904223778     0.023346647
     4.660000000     6.366317081     1.825038219     0.023354505
     4.670000000     6.437744027     1.728922157     0.023366883
     4.680000000     6.502678920     1.615463078     0.023381716
     4.690000000     6.559604044     1.484862074     0.023396768
     4.700000000     6.607077384     1.338011218     0.023409692
     4.710000000     6.643762005     1.176519546     0.023418096
     4.720000000     6.668452840     1.002674630     0.023419605
     4.730000000     6.680100234     0.819336349     0.023411931
     4.740000000     6.677829719     0.629771659     0.023392931
     4.750000000     6.660957578     0.437450671     0.023360668
     4.760000000     6.629001928     0.245831655     0.023313458
     4.770000000     6.581689144     0.058163525     0.023249925
     4.780000000     6.518955611    -0.122671227     0.023169033
     4.790000000     6.440944912    -0.294260302     0.023070124
     4.800000000     6.348000682    -0.454710795     0.022952933
     4.810000000     6.240655487    -0.602652167     0.022817609
     4.820000000     6.119616154    -0.737206841     0.022664713
     4.830000000     5.985746106    -0.857942813     0.022495221
     4.840000000     5.840045255    -0.964819239     0.022310504
     4.850000000     5.683628100    -1.058130654     0.022112311
     4.860000000     5.517700664    -1.138450715     0.021902739
     4.870000000     5.343536886    -1.206573838     0.021684196
     4.880000000     5.162455103    -1.263453202     0.021459360
     4.890000000     4.975795165    -1.310135469     0.021231136
     4.900000000     4.784896700    -1.347694898     0.021002602
     4.910000000     4.591078953    -1.377171194     0.020776955
     4.920000000     4.395622573    -1.399516093     0.020557463
     4.930000000     4.199753598    -1.415553333     0.020347406
     4.940000000     4.004629830    -1.425955582     0.020150020
     4.950000000     3.811329703    -1.431240126     0.019968453
     4.960000000     3.620843657    -1.431782755     0.019805708
     4.970000000     3.434067963    -1.427846580     0.019664601
     4.980000000     3.251800882    -1.419620046     0.019547722
     4.990000000     3.074740984    -1.407257000     0.019457393
     5.000000000     2.903487415    -1.390911839     0.019395646
     5.010000000     2.738541861    -1.370764684     0.019364189
     5.020000000     2.580311956    -1.347034424     0.019364397
     5.030000000     2.429115858    -1.319980520     0.019397292
     5.040000000     2.285187725    -1.289896566     0.019463543
     5.050000000     2.148683844    -1.257099381     0.019563464
     5.060000000     2.019689170    -1.221916937     0.019697022
     5.070000000     1.898224062    -1.184677284     0.019863846
     5.080000000     1.784251045    -1.145699443     0.020063248
     5.090000000     1.677681430    -1.105286477     0.020294242
     5.100000000     1.578381680    -1.063720638     0.020555571
     5.110000000     1.486179434    -1.021260512     0.020845732
     5.120000000     1.400869111    -0.978140133     0.021163016
     5.130000000     1.322217086    -0.934569977     0.021505532
     5.140000000     1.249966392    -0.890739540     0.021871247
     5.150000000     1.183840982    -0.846820970     0.022258020
     5.160000000     1.123549554    -0.802973075     0.022663634
     5.170000000     1.068788983    -0.759345097     0.023085831
     5.180000000     1.019247391    -0.716079794     0.023522347
     5.190000000     0.974606905    -0.673315609     0.023970934
     5.200000000     0.934546141    -0.631187869     0.024429395
     5.210000000     0.898742462    -0.589829036     0.024895602
     5.220000000     0.866874049    -0.549367966     0.025367519
     5.230000000     0.838621818    -0.509928102     0.025843216
     5.240000000     0.813671203    -0.471624499     0.026320888
     5.250000000     0.791713838    -0.434559665     0.026798855
     5.260000000     0.772449147    -0.398818496     0.027275576
     5.270000000     0.755585845    -0.364462926     0.027749646
     5.280000000     0.740843354    -0.331527299     0.028219797
     5.290000000     0.727953137    -0.300015606     0.028684893
     5.300000000     0.716659924    -0.269901553     0.029143922
     5.310000000     0.706722844    -0.241131789     0.029595993
     5.320000000     0.697916423    -0.213631765     0.030040317
     5.330000000     0.690031456    -0.187312879     0.030476205
     5.340000000     0.682875723    -0.162079150     0.030903052
     5.350000000     0.676274549    -0.137831858     0.031320323
     5.360000000     0.670071187    -0.114471324     0.031727548
     5.370000000     0.664127025    -0.091896102     0.032124308
     5.380000000     0.658321605    -0.070000758     0.032510229
     5.390000000     0.652552455    -0.048674005     0.032884970
     5.400000000     0.646734751    -0.027798775     0.033248226
     5.410000000     0.640800784    -0.007255099     0.033599720
     5.420000000     0.634699282     0.013074394     0.033939204
     5.430000000     0.628394567     0.033297547     0.034266463
     5.440000000     0.621865583     0.053505986     0.034581319
     5.450000000     0.615104817     0.073770284     0.034883635
     5.460000000     0.608117108     0.094137921     0.035173330
     5.470000000     0.600918408     0.114634192     0.035450387
     5.480000000     0.593534470     0.135265492     0.035714866
     5.490000000     0.585999531     0.156024010     0.035966918
     5.500000000     0.578354978     0.176892840     0.036206800
     5.510000000     0.570648029     0.197850704     0.036434893
     5.520000000     0.562930460     0.218875794     0.036651714
     5.530000000     0.555257369     0.239948553     0.036857930
     5.540000000     0.547686013     0.261053348     0.037054378
     5.550000000     0.540274726     0.282179186     0.037242069
     5.560000000     0.533081907     0.303319610     0.037422204
     5.570000000     0.526165118     0.324471988     0.037596180
     5.580000000     0.519580268     0.345636352     0.037765594
     5.590000000     0.513380894     0.366813976     0.037932246
     5.600000000     0.507617541     0.388005802     0.038098135
     5.610000000     0.502337239     0.409210820     0.038265453
     5.620000000     0.497583069     0.430424495     0.038436579
     5.630000000     0.493393809     0.451637385     0.038614058
     5.640000000     0.489803672     0.472834108     0.038800589
     5.650000000     0.486842112     0.493992829     0.038998998
     5.660000000     0.484533692     0.515085411     0.039212213
     5.670000000     0.482898028     0.536078240     0.039443234
     5.680000000     0.481949773     0.556933648     0.039695099
     5.690000000     0.481698661     0.577611771     0.039970846
     5.700000000     0.482149584     0.598072597     0.040273475
     5.710000000     0.483302717     0.618278020     0.040605907
     5.720000000     0.485153664     0.638193650     0.040970940
     5.730000000     0.487693646     0.657790235     0.041371209
     5.740000000     0.490909692     0.677044514     0.041809138
     5.750000000     0.494784872     0.695939362     0.042286906
     5.760000000     0.499298528     0.714463149     0.042806399
     5.770000000     0.504426519     0.732608291     0.043369178
     5.780000000     0.510141486     0.750369141     0.043976447
     5.790000000     0.516413102     0.767739525     0.044629019
     5.800000000     0.523208339     0.784710354     0.045327294
     5.810000000     0.530491728     0.801267828     0.046071241
     5.820000000     0.538225606     0.817392673     0.046860387
     5.830000000     0.546370374     0.833060642     0.047693808
     5.840000000     0.554884722     0.848244285     0.048570134
     5.850000000     0.563725868     0.862915717     0.049487556
     5.860000000     0.572849764     0.877049963     0.050443842
     5.870000000     0.582211303     0.890628366     0.051436360
     5.880000000     0.591764509     0.903641596     0.052462110
     5.890000000     0.601462717     0.916091858     0.053517756
     5.900000000     0.611258745     0.927993951     0.054599672
     5.910000000     0.621105062     0.939374943     0.055703988
     5.920000000     0.630953944     0.950272299     0.056826640
     5.930000000     0.640757644     0.960730495     0.057963426
     5.940000000     0.650468554     0.970796390     0.059110062
     5.950000000     0.660039384     0.980513940     0.060262240
     5.960000000     0.669423347     0.989919015     0.061415684
     5.970000000     0.678574362     0.999035162     0.062566209
     5.980000000     0.687447280     1.007871015     0.063709772
     5.990000000     0.695998117     1.016419740     0.064842527
     6.000000000     0.704184327     1.024660568     0.065960864
     6.010000000     0.711965074     1.032562142     0.067061455
     6.020000000     0.719301545     1.040087263     0.068141289
     6.030000000     0.726157263     1.047198493     0.069197695
     6.040000000     0.732498421     1.053864134     0.070228370
     6.050000000     0.738294218     1.060064028     0.071231387
     6.060000000     0.743517200     1.065794638     0.072205203
     6.070000000     0.748143592     1.071072793     0.073148661
     6.080000000     0.752153614     1.075937508     0.074060978
     6.090000000     0.755531778     1.080449449     0.074941734
     6.100000000     0.758267150     1.084687909     0.075790851
     6.110000000     0.760353584     1.088745561     0.076608566
     6.120000000     0.761789895     1.092721691     0.077395404
     6.130000000     0.762580002     1.096714886     0.078152141
     6.140000000     0.762732998     1.100816276     0.078879771
     6.150000000     0.762263179     1.105104264     0.079579468
     6.160000000     0.761190000     1.109641398     0.080252546
     6.170000000     0.759537979     1.114473591     0.080900421
     6.180000000     0.757336550     1.119631465     0.081524575
     6.190000000     0.754619845     1.125133269     0.082126522
     6.200000000     0.751426448     1.130988618     0.082707771
     6.210000000     0.747799081     1.137202262     0.083269805
     6.220000000     0.743784272     1.143777248     0.083814050
     6.230000000     0.739431976     1.150717040     0.084341857
     6.240000000     0.734795176     1.158026425     0.084854491
     6.250000000     0.729929462     1.165711296     0.085353116
     6.260000000     0.724892594     1.173777578     0.085838795
     6.270000000     0.719744059     1.182229710     0.086312491
     6.280000000     0.714544615     1.191069132     0.086775073
     6.290000000     0.709355841     1.200293181     0.087227330
     6.300000000     0.704239684     1.209894701     0.087669987
     6.310000000     0.699258003     1.219862485     0.088103727
     6.320000000     0.694472121     1.230182447     0.088529216
     6.330000000     0.689942383     1.240839316     0.088947131
     6.340000000     0.685727708     1.251818503     0.089358191
     6.350000000     0.681885155     1.263107820     0.089763188
     6.360000000     0.678469488     1.274698744     0.090163020
     6.370000000     0.675532746     1.286587019     0.090558718
     6.380000000     0.673123828     1.298772455     0.090951480
     6.390000000     0.671288081     1.311257871     0.091342696
     6.400000000     0.670066905     1.324047255     0.091733967
     6.410000000     0.669497381     1.337143279     0.092127121
     6.420000000     0.669611918     1.350544478     0.092524231
     6.430000000     0.670437940     1.364242450     0.092927608
     6.440000000     0.671997607     1.378219479     0.093339807
     6.450000000     0.674307591     1.392446986     0.093763607
     6.460000000     0.677378901     1.406885038     0.094201995
     6.470000000     0.681216783     1.421483030     0.094658134
     6.480000000     0.685820683     1.436181429     0.095135329
     6.490000000     0.691184298     1.450914286     0.095636977
     6.500000000     0.697295703     1.465612126     0.096166519
     6.510000000     0.704137576     1.480204782     0.096727377
     6.520000000     0.711687504     1.494623825     0.097322893
     6.530000000     0.719918385     1.508804386     0.097956261
     6.540000000     0.728798911     1.522686369     0.098630455
     6.550000000     0.738294136     1.536215233     0.099348165
     6.560000000     0.748366117     1.549342642     0.100111719
     6.570000000     0.758974617     1.562027307     0.100923030
     6.580000000     0.770077860     1.574236269     0.101783527
     6.590000000     0.781633333     1.585946648     0.102694111
     6.600000000     0.793598599     1.597147669     0.103655105
     6.610000000     0.805932133     1.607842521     0.104666227
     6.620000000     0.818594146     1.618049496     0.105726569
     6.630000000     0.831547390     1.627801849     0.106834586
     6.640000000     0.844757926     1.637146087     0.107988106
     6.650000000     0.858195849     1.646138699     0.109184347
     6.660000000     0.871835945     1.654841746     0.110419953
     6.670000000     0.885658281     1.663318045     0.111691039
     6.680000000     0.899648716     1.671626781     0.112993251
     6.690000000     0.913799322     1.679820270     0.114321834
     6.700000000     0.928108714     1.687942255     0.115671716
     6.710000000     0.942582287     1.696027716     0.117037594
     6.720000000     0.957232354     1.704103770     0.118414024
     6.730000000     0.972078189     1.712191038     0.119795523
     6.740000000     0.987145976     1.720304881     0.121176664
     6.750000000     1.002468657     1.728456054     0.122552172
     6.760000000     1.018085701     1.736650689     0.123917018
     6.770000000     1.034042772     1.744889754     0.125266506
     6.780000000     1.050391317     1.753168437     0.126596351
     6.790000000     1.067188067     1.761475903     0.127902746
     6.800000000     1.084494460     1.769795851     0.129182426
     6.810000000     1.102375972     1.778108006     0.130432705
     6.820000000     1.120901378     1.786390417     0.131651515
     6.830000000     1.140141928     1.794622097     0.132837420
     6.840000000     1.160170437     1.802785414     0.133989623
     6.850000000     1.181060303     1.810867650     0.135107955
     6.860000000     1.202884440     1.818861343     0.136192855
     6.870000000     1.225714131     1.826763294     0.137245335
     6.880000000     1.249617814     1.834572411     0.138266937
     6.890000000     1.274659793     1.842286718     0.139259680
     6.900000000     1.300898883     1.849899963     0.140225998
     6.910000000     1.328387014     1.857398217     0.141168675
     6.920000000     1.357167794     1.864756870     0.142090772
     6.930000000     1.387275046     1.871938299     0.142995558
     6.940000000     1.418731357     1.878890489     0.143886431
     6.950000000     1.451546652     1.885546720     0.144766851
     6.960000000     1.485716821     1.891826359     0.145640264
     6.970000000     1.521222438     1.897636632     0.146510042
     6.980000000     1.558027603     1.902875175     0.147379410
     6.990000000     1.596078950     1.907433076     0.148251402
     7.000000000     1.635304848     1.911198149     0.149128796
     7.010000000     1.675614846     1.914058164     0.150014082
     7.020000000     1.716899388     1.915903814     0.150909415
     7.030000000     1.759029847     1.916631085     0.151816586
     7.040000000     1.801858885     1.916142708     0.152737001
     7.050000000     1.845221198     1.914348230     0.153671658
     7.060000000     1.888934624     1.911162432     0.154621138
     7.070000000     1.932801655     1.906502026     0.155585599
     7.080000000     1.976611344     1.900281090     0.156564775
     7.090000000     2.020141583     1.892406200     0.157557982
     7.100000000     2.063161752     1.882772620     0.158564128
     7.110000000     2.105435688     1.871263048     0.159581729
     7.120000000     2.146724945     1.857750177     0.160608925
     7.130000000     2.186792270     1.842103817     0.161643507
     7.140000000     2.225405251     1.824202553     0.162682939
     7.150000000     2.262340050     1.803949068     0.163724391
     7.160000000     2.297385141     1.781287443     0.164764767
     7.170000000     2.330344974     1.756220068     0.165800745
     7.180000000     2.361043468     1.728821542     0.166828811
     7.190000000     2.389327260     1.699247154     0.167845297
     7.200000000     2.415068603     1.667734299     0.168846419
     7.210000000     2.438167861     1.634596399     0.169828323
     7.220000000     2.458555510     1.600210134     0.170787121
     7.230000000     2.476193599     1.564997853     0.171718930
     7.240000000     2.491076615     1.529407556     0.172619919
     7.250000000     2.503231736     1.493892858     0.173486337
     7.260000000     2.512718436     1.458894769     0.174314558
     7.270000000     2.519627471     1.424826387     0.175101112
     7.280000000     2.524079241     1.392060652     0.175842715
     7.290000000     2.526221576     1.360920697     0.176536299
     7.300000000     2.526227006     1.331672030     0.177179038
     7.310000000     2.524289554     1.304516000     0.177768367
     7.320000000     2.520621162     1.279584594     0.178301998
     7.330000000     2.515447810     1.256937264     0.178777938
     7.340000000     2.509005435     1.236560881     0.179194497
     7.350000000     2.501535737     1.218373778     0.179550292
     7.360000000     2.493281985     1.202234211     0.179844253
     7.370000000     2.484484888     1.187952599     0.180075625
     7.380000000     2.475378649     1.175306090     0.180243959
     7.390000000     2.466187264     1.164053498     0.180349116
     7.400000000     2.457121138     1.153948794     0.180391258
     7.410000000     2.448374087     1.144751863     0.180370840
     7.420000000     2.440120758     1.136235997     0.180288606
     7.430000000     2.432514505     1.128192283     0.180145584
     7.440000000     2.425685746     1.120431459     0.179943074
     7.450000000     2.419740791     1.112783917     0.179682648
     7.460000000     2.414761160     1.105098534     0.179366144
     7.470000000     2.410803344     1.097240961     0.178995661
     7.480000000     2.407899014     1.089092026     0.178573557
     7.490000000     2.406055619     1.080546924     0.178102445
     7.500000000     2.405257360     1.071515787     0.177585195
     7.510000000     2.405466471     1.061925877     0.177024929
     7.520000000     2.406624797     1.051725165     0.176425015
     7.530000000     2.408655594     1.040886372     0.175789069
     7.540000000     2.411465532     1.029410086     0.175120944
     7.550000000     2.414946852     1.017325331     0.174424724
     7.560000000     2.418979644     1.004686248     0.173704706
     7.570000000     2.423434205     0.991564240     0.172965390
     7.580000000     2.428173459     0.978036050     0.172211454
     7.590000000     2.433055404     0.964169350     0.171447728
     7.600000000     2.437935554     0.950008314     0.170679162
     7.610000000     2.442669369     0.935562038     0.169910793
     7.620000000     2.447114635     0.920798282     0.169147697
     7.630000000     2.451133775     0.905644157     0.168394946
     7.640000000     2.454596072     0.889994090     0.167657555
     7.650000000     2.457379770     0.873724102     0.166940425
     7.660000000     2.459374033     0.856710330     0.166248284
     7.670000000     2.460480739     0.838849023     0.165585629
     7.680000000     2.460616061     0.820075055     0.164956659
     7.690000000     2.459711832     0.800376281     0.164365220
     7.700000000     2.457716645     0.779801846     0.163814737
     7.710000000     2.454596669     0.758463643     0.163308165
     7.720000000     2.450336161     0.736531336     0.162847933
     7.730000000     2.444937646     0.714222377     0.162435899
     7.740000000     2.438421762     0.691789122     0.162073308
     7.750000000     2.430826755     0.669505159     0.161760767
     7.760000000     2.422207633     0.647652438     0.161498221
     7.770000000     2.412634982     0.626509884     0.161284942
     7.780000000     2.402193484     0.606343277     0.161119531
     7.790000000     2.390980141     0.587395627     0.160999927
     7.800000000     2.379102265     0.569877343     0.160923435
     7.810000000     2.366675280     0.553956086     0.160886753
     7.820000000     2.353820383     0.539747031     0.160886024
     7.830000000     2.340662129     0.527304933     0.160916891
     7.840000000     2.327326007     0.516619528     0.160974559
     7.850000000     2.313936069     0.507615356     0.161053871
     7.860000000     2.300612669     0.500156190     0.161149388
     7.870000000     2.287470383     0.494053363     0.161255480
     7.880000000     2.274616146     0.489076625     0.161366409
     7.890000000     2.262147669     0.484966102     0.161476430
     7.900000000     2.250152153     0.481444244     0.161579881
     7.910000000     2.238705328     0.478227322     0.161671279
     7.920000000     2.227870828     0.475036556     0.161745407
     7.930000000     2.217699896     0.471609287     0.161797406
     7.940000000     2.208231408     0.467710455     0.161822849
     7.950000000     2.199492183     0.463144206     0.161817820
     7.960000000     2.191497544     0.457764814     0.161778975
     7.970000000     2.184252095     0.451485575     0.161703596
     7.980000000     2.177750651     0.444284127     0.161589638
     7.990000000     2.171979272     0.436202846     0.161435757
     8.000000000     2.166916357     0.427343641     0.161241336
     8.010000000     2.162533727     0.417857331     0.161006486
     8.020000000     2.158797672     0.407928730     0.160732046
     8.030000000     2.155669902     0.397759206     0.160419566
     8.040000000     2.153108384     0.387548815     0.160071281
     8.050000000     2.151068033     0.377479907     0.159690067
     8.060000000     2.149501251     0.367703668     0.159279397
     8.070000000     2.148358309     0.358330412     0.158843283
     8.080000000     2.147587580     0.349423917     0.158386209
     8.090000000     2.147135647     0.340999623     0.157913061
     8.100000000     2.146947305     0.333026313     0.157429049
     8.110000000     2.146965497     0.325430696     0.156939631
     8.120000000     2.147131210     0.318104250     0.156450429
     8.130000000     2.147383386     0.310911684     0.155967146
     8.140000000     2.147658867     0.303700359     0.155495491
     8.150000000     2.147892431     0.296310060     0.155041097
     8.160000000     2.148016934     0.288582516     0.154609448
     8.170000000     2.147963586     0.280370017     0.154205813
     8.180000000     2.147662388     0.271542572     0.153835180
     8.190000000     2.147042721     0.261993134     0.153502206
     8.200000000     2.146034102     0.251640759     0.153211161
     8.210000000     2.144567085     0.240431909     0.152965898
     8.220000000     2.142574282     0.228340416     0.152769815
     8.230000000     2.139991494     0.215366793     0.152625831
     8.240000000     2.136758885     0.201537462     0.152536379
     8.250000000     2.132822193     0.186904216     0.152503393
     8.260000000     2.128133898     0.171543910     0.152528309
     8.270000000     2.122654322     0.155558057     0.152612078
     8.280000000     2.116352610     0.139071851     0.152755177
     8.290000000     2.109207544     0.122232114     0.152957630
     8.300000000     2.101208148     0.105203771     0.153219036
     8.310000000     2.092354073     0.088164704     0.153538596
     8.320000000     2.082655709     0.071299128     0.153915146
     8.330000000     2.072134031     0.054789990     0.154347197
     8.340000000     2.060820174     0.038811115     0.154832968
     8.350000000     2.048754728     0.023519909     0.155370426
     8.360000000     2.035986789     0.009051345     0.155957326
     8.370000000     2.022572785    -0.004486392     0.156591249
     8.380000000     2.008575110    -0.017014534     0.157269638
     8.390000000     1.994060615    -0.028484855     0.157989838
     8.400000000     1.979098999    -0.038879688     0.158749126
     8.410000000     1.963761165    -0.048211138     0.159544749
     8.420000000     1.948117578    -0.056519681     0.160373949
     8.430000000     1.932236694    -0.063872196     0.161233994
     8.440000000     1.916183510    -0.070359351     0.162122205
     8.450000000     1.900018273    -0.076092287     0.163035973
     8.460000000     1.883795401    -0.081198596     0.163972783
     8.470000000     1.867562639    -0.085817637     0.164930233
     8.480000000     1.851360481    -0.090095364     0.165906044
     8.490000000     1.835221871    -0.094178838     0.166898076
     8.500000000     1.819172175    -0.098210685     0.167904340
     8.510000000     1.803229438    -0.102323749     0.168923002
     8.520000000     1.787404880    -0.106636172     0.169952391
     8.530000000     1.771703633    -0.111247027     0.170991007
     8.540000000     1.756125658    -0.116232586     0.172037518
     8.550000000     1.740666816    -0.121643250     0.173090767
     8.560000000     1.725320039    -0.127501213     0.174149769
     8.570000000     1.710076548    -0.133799000     0.175213712
     8.580000000     1.694927073    -0.140499114     0.176281954
     8.590000000     1.679863017    -0.147534993     0.177354019
     8.600000000     1.664877528    -0.154813422     0.178429596
     8.610000000     1.649966415    -0.162218384     0.179508531
     8.620000000     1.635128900    -0.169616242     0.180590823
     8.630000000     1.620368153    -0.176862028     0.181676618
     8.640000000     1.605691606    -0.183806625     0.182766202
     8.650000000     1.591111031    -0.190304518     0.183859990
     8.660000000     1.576642381    -0.196221729     0.184958520
     8.670000000     1.562305408    -0.201443407     0.186062442
     8.680000000     1.548123071    -0.205880452     0.187172505
     8.690000000     1.534120767    -0.209474574     0.188289546
     8.700000000     1.520325413    -0.212201372     0.189414475
     8.710000000     1.506764424    -0.214071285     0.190548263
     8.720000000     1.493464621    -0.215128554     0.191691918
     8.730000000     1.480451123    -0.215448512     0.192846473
     8.740000000     1.467746261    -0.215133566     0.194012964
     8.750000000     1.455368559    -0.214308143     0.195192406
     8.760000000     1.443331814    -0.213112807     0.196385772
     8.770000000     1.431644329    -0.211697708     0.197593966
     8.780000000     1.420308298    -0.210215582     0.198817802
     8.790000000     1.409319389    -0.208814631     0.200057970
     8.800000000     1.398666528    -0.207631727     0.201315016
     8.810000000     1.388331884    -0.206786392     0.202589309
     8.820000000     1.378291067    -0.206375962     0.203881019
     8.830000000     1.368513514    -0.206472171     0.205190087
     8.840000000     1.358963063    -0.207119273     0.206516204
     8.850000000     1.349598673    -0.208333688     0.207858786
     8.860000000     1.340375283    -0.210105123     0.209216960
     8.870000000     1.331244769    -0.212399078     0.210589540
     8.880000000     1.322156968    -0.215160567     0.211975026
     8.890000000     1.313060741    -0.218318803     0.213371586
     8.900000000     1.303905033    -0.221792412     0.214777062
     8.910000000     1.294639917    -0.225494721     0.216188970
     8.920000000     1.285217573    -0.229338639     0.217604509
     8.930000000     1.275593194    -0.233240788     0.219020576
     8.940000000     1.265725791    -0.237124722     0.220433786
     8.950000000     1.255578891    -0.240923223     0.221840497
     8.960000000     1.245121097    -0.244579770     0.223236841
     8.970000000     1.234326535    -0.248049322     0.224618760
     8.980000000     1.223175156    -0.251298461     0.225982045
     8.990000000     1.211652919    -0.254304910     0.227322377
     9.000000000     1.199751844    -0.257056383     0.228635376
     9.010000000     1.187469959    -0.259548765     0.229916645
     9.020000000     1.174811146    -0.261783683     0.231161821
     9.030000000     1.161784893    -0.263765716     0.232366619
     9.040000000     1.148405982    -0.265499563     0.233526886
     9.050000000     1.134694110    -0.266987567     0.234638638
     9.060000000     1.120673467    -0.268227910     0.235698112
     9.070000000     1.106372288    -0.269213701     0.236701796
     9.080000000     1.091822377    -0.269932984     0.237646471
     9.090000000     1.077058627    -0.270369597     0.238529241
     9.100000000     1.062118540    -0.270504644     0.239347555
     9.110000000     1.047041751    -0.270318341     0.240099228
     9.120000000     1.031869568    -0.269791901     0.240782456
     9.130000000     1.016644526    -0.268909204     0.241395824
     9.140000000     1.001409963    -0.267657999     0.241938304
     9.150000000     0.986209618    -0.266030519     0.242409256
     9.160000000     0.971087243    -0.264023504     0.242808414
     9.170000000     0.956086249    -0.261637717     0.243135869
     9.180000000     0.941249360    -0.258877192     0.243392055
     9.190000000     0.926618300    -0.255748440     0.243577714
     9.200000000     0.912233488    -0.252259850     0.243693874
     9.210000000     0.898133762    -0.248421410     0.243741814
     9.220000000     0.884356116    -0.244244774     0.243723028
     9.230000000     0.870935457    -0.239743575     0.243639188
     9.240000000     0.857904387    -0.234933842     0.243492104
     9.250000000     0.845292994    -0.229834334     0.243283691
     9.260000000     0.833128678    -0.224466666     0.243015927
     9.270000000     0.821435988    -0.218855145     0.242690820
     9.280000000     0.810236494    -0.213026318     0.242310373
     9.290000000     0.799548671    -0.207008312     0.241876556
     9.300000000     0.789387829    -0.200830063     0.241391282
     9.310000000     0.779766049    -0.194520592     0.240856382
     9.320000000     0.770692172    -0.188108437     0.240273596
     9.330000000     0.762171796    -0.181621329     0.239644561
     9.340000000     0.754207321    -0.175086122     0.238970807
     9.350000000     0.746798013    -0.168528943     0.238253763
     9.360000000     0.739940101    -0.161975416     0.237494766
     9.370000000     0.733626901    -0.155450842     0.236695076
     9.380000000     0.727848966    -0.148980163     0.235855898
     9.390000000     0.722594257    -0.142587641     0.234978408
     9.400000000     0.717848337    -0.136296237     0.234063783
     9.410000000     0.713594584    -0.130126819     0.233113235
     9.420000000     0.709814406    -0.124097384     0.232128048
     9.430000000     0.706487481    -0.118222525     0.231109611
     9.440000000     0.703591989    -0.112513318     0.230059460
     9.450000000     0.701104854    -0.106977709     0.228979307
     9.460000000     0.699001978    -0.101621318     0.227871075
     9.470000000     0.697258468    -0.096448484     0.226736925
     9.480000000     0.695848860    -0.091463265     0.225579280
     9.490000000     0.694747319    -0.086670120     0.224400837
     9.500000000     0.693927833    -0.082074098     0.223204582
     9.510000000     0.693364381    -0.077680474     0.221993784
     9.520000000     0.693031086    -0.073493948     0.220771994
     9.530000000     0.692902349    -0.069517660     0.219543024
     9.540000000     0.692952955    -0.065752302     0.218310927
     9.550000000     0.693158167    -0.062195590     0.217079960
     9.560000000     0.693493799    -0.058842236     0.215854549
     9.570000000     0.693936267    -0.055684391     0.214639236
     9.580000000     0.694462630    -0.052712428     0.213438629
     9.590000000     0.695050622    -0.049915844     0.212257345
     9.600000000     0.695678665    -0.047284111     0.211099943
     9.610000000     0.696325885    -0.044807345     0.209970868
     9.620000000     0.696972125    -0.042476823     0.208874381
     9.630000000     0.697597953    -0.040285392     0.207814497
     9.640000000     0.698184682    -0.038227857     0.206794927
     9.650000000     0.698714390    -0.036301371     0.205819016
     9.660000000     0.699169952    -0.034505783     0.204889697
     9.670000000     0.699535084    -0.032843831     0.204009439
     9.680000000     0.699794390    -0.031321068     0.203180216
     9.690000000     0.699933433    -0.029945449     0.202403470
     9.700000000     0.699938806    -0.028726552     0.201680097
     9.710000000     0.699798212    -0.027674489     0.201010428
     9.720000000     0.699500558    -0.026798600     0.200394231
     9.730000000     0.699036045    -0.026106021     0.199830715
     9.740000000     0.698396263    -0.025600250     0.199318546
     9.750000000     0.697574278    -0.025279812     0.198855870
     9.760000000     0.696564717    -0.025137152     0.198440344
     9.770000000     0.695363835    -0.025157903     0.198069174
     9.780000000     0.693969574    -0.025320651     0.197739156
     9.790000000     0.692381598    -0.025597309     0.197446730
     9.800000000     0.690601307    -0.025954120     0.197188024
     9.810000000     0.688631829    -0.026353271     0.196958916
     9.820000000     0.686477986    -0.026754987     0.196755085
     9.830000000     0.684146234    -0.027119959     0.196572070
     9.840000000     0.681644576    -0.027411912     0.196405321
     9.850000000     0.678982449    -0.027600099     0.196250260
     9.860000000     0.676170593    -0.027661510     0.196102327
     9.870000000     0.673220892    -0.027582555     0.195957032
     9.880000000     0.670146207    -0.027360001     0.195809999
     9.890000000     0.666960179    -0.027000958     0.195657005
     9.900000000     0.663677043    -0.026521774     0.195494021
     9.910000000     0.660311416    -0.025945843     0.195317240
     9.920000000     0.656878096    -0.025300485     0.195123105
     9.930000000     0.653391853    -0.024613292     0.194908333
     9.940000000     0.649867235    -0.023908488     0.194669931
     9.950000000     0.646318369    -0.023203947     0.194405208
     9.960000000     0.642758788    -0.022509409     0.194111787
     9.970000000     0.639201256    -0.021826249     0.193787605
     9.980000000     0.635657616    -0.021148751     0.193430914
     9.990000000     0.632138654    -0.020466578     0.193040281
    10.000000000     0.628653971    -0.019767805     0.192614577
    10.010000000     0.625211882    -0.019041887     0.192152967
    10.020000000     0.621819321    -0.018281974     0.191654902
    10.030000000     0.618481771    -0.017486224     0.191120098
    10.040000000     0.615203203    -0.016658016     0.190548524
    10.050000000     0.611986031    -0.015805203     0.189940380
    10.060000000     0.608831088    -0.014938696     0.189296079
    10.070000000     0.605737609    -0.014070758     0.188616224
    10.080000000     0.602703230    -0.013213406     0.187901591
    10.090000000     0.599724009    -0.012377216     0.187153103
    10.100000000     0.596794453    -0.011570726     0.186371812
    10.110000000     0.593907563    -0.010800455     0.185558877
    10.120000000     0.591054905    -0.010071403     0.184715545
    10.130000000     0.588226681    -0.009387804     0.183843131
    10.140000000     0.585411835    -0.008753863     0.182943005
    10.150000000     0.582598168    -0.008174262     0.182016572
    10.160000000     0.579772470    -0.007654350     0.181065265
    10.170000000     0.576920685    -0.007200004     0.180090526
    10.180000000     0.574028075    -0.006817299     0.179093804
    10.190000000     0.571079420    -0.006512078     0.178076547
    10.200000000     0.568059222    -0.006289562     0.177040194
    10.210000000     0.564951932    -0.006154027     0.175986176
    10.220000000     0.561742185    -0.006108558     0.174915915
    10.230000000     0.558415044    -0.006154848     0.173830823
    10.240000000     0.554956252    -0.006293004     0.172732307
    10.250000000     0.551352482    -0.006521335     0.171621767
    10.260000000     0.547591585    -0.006836114     0.170500606
    10.270000000     0.543662830    -0.007231310     0.169370228
    10.280000000     0.539557129    -0.007698282     0.168232044
    10.290000000     0.535267239    -0.008225451     0.167087473
    10.300000000     0.530787949    -0.008797980     0.165937946
    10.310000000     0.526116230    -0.009397559     0.164784899
    10.320000000     0.521251353    -0.010002431     0.163629778
    10.330000000     0.516194971    -0.010587768     0.162474032
    10.340000000     0.510951156    -0.011126504     0.161319104
    10.350000000     0.505526400    -0.011590572     0.160166426
    10.360000000     0.499929565    -0.011952386     0.159017404
    10.370000000     0.494171792    -0.012186339     0.157873407
    10.380000000     0.488266358    -0.012270013     0.156735752
    10.390000000     0.482228506    -0.012184903     0.155605684
    10.400000000     0.476075219    -0.011916574     0.154484360
    10.410000000     0.469824967    -0.011454318     0.153372829
    10.420000000     0.463497424    -0.010790518     0.152272012
    10.430000000     0.457113155    -0.009919947     0.151182679
    10.440000000     0.450693288    -0.008839241     0.150105435
    10.450000000     0.444259176    -0.007546689     0.149040699
    10.460000000     0.437832048    -0.006042359     0.147988686
    10.470000000     0.431432670    -0.004328528     0.146949398
    10.480000000     0.425081013    -0.002410268     0.145922607
    10.490000000     0.418795939    -0.000296029     0.144907851
    10.500000000     0.412594915     0.002001934     0.143904428
    10.510000000     0.406493749     0.004467428     0.142911397
    10.520000000     0.400506373     0.007080564     0.141927582
    10.530000000     0.394644657     0.009818368     0.140951581
    10.540000000     0.388918275     0.012655717     0.139981781
    10.550000000     0.383334609     0.015566474     0.139016372
    10.560000000     0.377898709     0.018524696     0.138053376
    10.570000000     0.372613291     0.021505757     0.137090670
    10.580000000     0.367478793     0.024487306     0.136126021
    10.590000000     0.362493463     0.027449962     0.135157119
    10.600000000     0.357653499     0.030377753     0.134181618
    10.610000000     0.352953217     0.033258290     0.133197175
    10.620000000     0.348385259     0.036082732     0.132201497
    10.630000000     0.343940819     0.038845577     0.131192385
    10.640000000     0.339609902     0.041544327     0.130167780
    10.650000000     0.335381582     0.044179054     0.129125808
    10.660000000     0.331244283     0.046751930     0.128064826
    10.670000000     0.327186054     0.049266734     0.126983463
    10.680000000     0.323194841     0.051728441     0.125880661
    10.690000000     0.319258753     0.054142937     0.124755711
    10.700000000     0.315366308     0.056516918     0.123608284
    10.710000000     0.311506664     0.058857962     0.122438458
    10.720000000     0.307669826     0.061174706     0.121246733
    10.730000000     0.303846825     0.063477005     0.120034050
    10.740000000     0.300029868     0.065775938     0.118801796
    10.750000000     0.296212460     0.068083575     0.117551797
    10.760000000     0.292389493     0.070412483     0.116286313
    10.770000000     0.288557301     0.072775040     0.115008020
    10.780000000     0.284713690     0.075182682     0.113719985
    10.790000000     0.280857930     0.077645227     0.112425631
    10.800000000     0.276990724     0.080170389     0.111128701
    10.810000000     0.273114152     0.082763573     0.109833212
    10.820000000     0.269231587     0.085427939     0.108543405
    10.830000000     0.265347589     0.088164726     0.107263686
    10.840000000     0.261467792     0.090973747     0.105998575
    10.850000000     0.257598760     0.093853967     0.104752638
    10.860000000     0.253747848     0.096804071     0.103530429
    10.870000000     0.249923045     0.099822945     0.102336429
    10.880000000     0.246132817     0.102909991     0.101174986
    10.890000000     0.242385949     0.106065284     0.100050253
    10.900000000     0.238691383     0.109289520     0.098966139
    10.910000000     0.235058074     0.112583815     0.097926258
    10.920000000     0.231494837     0.115949355     0.096933882
    10.930000000     0.228010219     0.119386939     0.095991906
    10.940000000     0.224612373     0.122896471     0.095102814
    10.950000000     0.221308953     0.126476455     0.094268655
    10.960000000     0.218107017     0.130123552     0.093491022
    10.970000000     0.215012956     0.133832286     0.092771047
    10.980000000     0.212032432     0.137594961     0.092109392
    10.990000000     0.209170339     0.141401830     0.091506254
    11.000000000     0.206430781     0.145241525     0.090961370
    11.010000000     0.203817063     0.149101707     0.090474039
    11.020000000     0.201331706     0.152969835     0.090043134
    11.030000000     0.198976469     0.156833948     0.089667127
    11.040000000     0.196752396     0.160683336     0.089344119
    11.050000000     0.194659857     0.164509015     0.089071868
    11.060000000     0.192698621     0.168303957     0.088847820
    11.070000000     0.190867915     0.172063083     0.088669141
    11.080000000     0.189166504     0.175783070     0.088532753
    11.090000000     0.187592764     0.179462046     0.088435364
    11.100000000     0.186144760     0.183099268     0.088373504
    11.110000000     0.184820314     0.186694823     0.088343554
    11.120000000     0.183617080     0.190249416     0.088341774
    11.130000000     0.182532598     0.193764251     0.088364338
    11.140000000     0.181564351     0.197240992     0.088407355
    11.150000000     0.180709806     0.200681795     0.088466896
    11.160000000     0.179966446     0.204089355     0.088539020
    11.170000000     0.179331789     0.207466914     0.088619792
    11.180000000     0.178803398     0.210818184     0.088705309
    11.190000000     0.178378882     0.214147134     0.088791717
    11.200000000     0.178055883     0.217457653     0.088875233
    11.210000000     0.177832061     0.220753120     0.088952164
    11.220000000     0.177705063     0.224035959     0.089018926
    11.230000000     0.177672504     0.227307242     0.089072065
    11.240000000     0.177731928     0.230566395     0.089108282
    11.250000000     0.177880780     0.233811046     0.089124447
    11.260000000     0.178116382     0.237036987     0.089117627
    11.270000000     0.178435907     0.240238254     0.089085110
    11.280000000     0.178836359     0.243407277     0.089024426
    11.290000000     0.179314573     0.246535114     0.088933371
    11.300000000     0.179867205     0.249611753     0.088810037
    11.310000000     0.180490751     0.252626499     0.088652831
    11.320000000     0.181181557     0.255568450     0.088460502
    11.330000000     0.181935858     0.258427044     0.088232160
    11.340000000     0.182749805     0.261192662     0.087967300
    11.350000000     0.183619517     0.263857251     0.087665816
    11.360000000     0.184541123     0.266414909     0.087328019
    11.370000000     0.185510821     0.268862400     0.086954644
    11.380000000     0.186524924     0.271199505     0.086546856
    11.390000000     0.187579919     0.273429181     0.086106256
    11.400000000     0.188672507     0.275557458     0.085634869
    11.410000000     0.189799648     0.277593049     0.085135138
    11.420000000     0.190958594     0.279546687     0.084609907
    11.430000000     0.192146907     0.281430241     0.084062400
    11.440000000     0.193362475     0.283255724     0.083496189
    11.450000000     0.194603506     0.285034310     0.082915163
    11.460000000     0.195868518     0.286775524     0.082323491
    11.470000000     0.197156303     0.288486691     0.081725573
    11.480000000     0.198465897     0.290172708     0.081125996
    11.490000000     0.199796522     0.291836106     0.080529479
    11.500000000     0.201147529     0.293477321     0.079940826
    11.510000000     0.202518327     0.295095049     0.079364864
    11.520000000     0.203908316     0.296686550     0.078806390
    11.530000000     0.205316804     0.298247834     0.078270117
    11.540000000     0.206742933     0.299773705     0.077760619
    11.550000000     0.208185608     0.301257730     0.077282276
    11.560000000     0.209643424     0.302692244     0.076839234
    11.570000000     0.211114605     0.304068496     0.076435349
    11.580000000     0.212596951     0.305377026     0.076074159
    11.590000000     0.214087791     0.306608238     0.075758838
    11.600000000     0.215583960     0.307753117     0.075492177
    11.610000000     0.217081772     0.308803943     0.075276552
    11.620000000     0.218577019     0.309754872     0.075113912
    11.630000000     0.220064978     0.310602291     0.075005763
    11.640000000     0.221540428     0.311344887     0.074953168
    11.650000000     0.222997685     0.311983442     0.074956741
    11.660000000     0.224430643     0.312520419     0.075016656
    11.670000000     0.225832825     0.312959404     0.075132653
    11.680000000     0.227197441     0.313304518     0.075304055
    11.690000000     0.228517454     0.313559873     0.075529783
    11.700000000     0.229785649     0.313729148     0.075808378
    11.710000000     0.230994704     0.313815339     0.076138023
    11.720000000     0.232137261     0.313820702     0.076516564
    11.730000000     0.233205997     0.313746874     0.076941541
    11.740000000     0.234193693     0.313595158     0.077410210
    11.750000000     0.235093298     0.313366906     0.077919567
    11.760000000     0.235897988     0.313063924     0.078466377
    11.770000000     0.236601220     0.312688850     0.079047197
    11.780000000     0.237196780     0.312245413     0.079658399
    11.790000000     0.237678823     0.311738532     0.080296190
    11.800000000     0.238041907     0.311174208     0.080956637
    11.810000000     0.238281020     0.310559219     0.081635686
    11.820000000     0.238391602     0.309900675     0.082329176
    11.830000000     0.238369556     0.309205508     0.083032861
    11.840000000     0.238211259     0.308480033     0.083742428
    11.850000000     0.237913562     0.307729646     0.084453507
    11.860000000     0.237473795     0.306958743     0.085161695
    11.870000000     0.236889756     0.306170828     0.085862568
    11.880000000     0.236159710     0.305368784     0.086551698
    11.890000000     0.235282375     0.304555208     0.087224674
    11.900000000     0.234256915     0.303732753     0.087877119
    11.910000000     0.233082931     0.302904412     0.088504711
    11.920000000     0.231760448     0.302073736     0.089103205
    11.930000000     0.230289909     0.301244969     0.089668457
    11.940000000     0.228672168     0.300423102     0.090196446
    11.950000000     0.226908484     0.299613841     0.090683306
    11.960000000     0.225000519     0.298823477     0.091125346
    11.970000000     0.222950336     0.298058626     0.091519086
    11.980000000     0.220760400     0.297325859     0.091861277
    11.990000000     0.218433583     0.296631247     0.092148936
    12.000000000     0.215973165     0.295979870     0.092379370
    12.010000000     0.213382840     0.295375404     0.092550202
    12.020000000     0.210666716     0.294819879     0.092659397
    12.030000000     0.207829325     0.294313676     0.092705282
    12.040000000     0.204875614     0.293855836     0.092686565
    12.050000000     0.201810950     0.293444624     0.092602349
    12.060000000     0.198641107     0.293078302     0.092452142
    12.070000000     0.195372257     0.292755967     0.092235863
    12.080000000     0.192010947     0.292478324     0.091953841
    12.090000000     0.188564080     0.292248259     0.091606810
    12.100000000     0.185038876     0.292071122     0.091195895
    12.110000000     0.181442832     0.291954658     0.090722603
    12.120000000     0.177783680     0.291908603     0.090188790
    12.130000000     0.174069325     0.291943973     0.089596641
    12.140000000     0.170307788     0.292072149     0.088948634
    12.150000000     0.166507139     0.292303847     0.088247503
    12.160000000     0.162675423     0.292648120     0.087496197
    12.170000000     0.158820591     0.293111501     0.086697834
    12.180000000     0.154950422     0.293697412     0.085855656
    12.190000000     0.151072450     0.294405883     0.084972982
    12.200000000     0.147193897     0.295233606     0.084053152
    12.210000000     0.143321604     0.296174298     0.083099484
    12.220000000     0.139461973     0.297219277     0.082115224
    12.230000000     0.135620920     0.298358183     0.081103499
    12.240000000     0.131803833     0.299579734     0.080067274
    12.250000000     0.128015544     0.300872432     0.079009315
    12.260000000     0.124260314     0.302225165     0.077932149
    12.270000000     0.120541831     0.303627674     0.076838039
    12.280000000     0.116863217     0.305070872     0.075728955
    12.290000000     0.113227055     0.306547042     0.074606561
    12.300000000     0.109635419     0.308049936     0.073472200
    12.310000000     0.106089921     0.309574806     0.072326890
    12.320000000     0.102591764     0.311118403     0.071171329
    12.330000000     0.099141802     0.312678947     0.070005897
    12.340000000     0.095740608     0.314256095     0.068830681
    12.350000000     0.092388542     0.315850873     0.067645488
    12.360000000     0.089085821     0.317465584     0.066449881
    12.370000000     0.085832583     0.319103653     0.065243204
    12.380000000     0.082628958     0.320769409     0.064024628
    12.390000000     0.079475120     0.322467798     0.062793186
    12.400000000     0.076371344     0.324204035     0.061547822
    12.410000000     0.073318043     0.325983226     0.060287436
    12.420000000     0.070315805     0.327809994     0.059010933
    12.430000000     0.067365415     0.329688148     0.057717272
    12.440000000     0.064467865     0.331620443     0.056405511
    12.450000000     0.061624358     0.333608439     0.055074855
    12.460000000     0.058836299     0.335652475     0.053724697
    12.470000000     0.056105276     0.337751755     0.052354660
    12.480000000     0.053433036     0.339904503     0.050964629
    12.490000000     0.050821451     0.342108152     0.049554778
    12.500000000     0.048272484     0.344359551     0.048125602
    12.510000000     0.045788140     0.346655125     0.046677924
    12.520000000     0.043370428     0.348991018     0.045212911
    12.530000000     0.041021315     0.351363184     0.043732078
    12.540000000     0.038742679     0.353767461     0.042237280
    12.550000000     0.036536270     0.356199640     0.040730706
    12.560000000     0.034403666     0.358655532     0.039214859
    12.570000000     0.032346247     0.361131049     0.037692534
    12.580000000     0.030365155     0.363622291     0.036166786
    12.590000000     0.028461275     0.366125615     0.034640902
    12.600000000     0.026635219     0.368637691     0.033118353
    12.610000000     0.024887306     0.371155523     0.031602760
    12.620000000     0.023217563     0.373676443     0.030097846
    12.630000000     0.021625718     0.376198077     0.028607387
    12.640000000     0.020111210     0.378718306     0.027135170
    12.650000000     0.018673195     0.381235214     0.025684942
    12.660000000     0.017310559     0.383747050     0.024260363
    12.670000000     0.016021938     0.386252191     0.022864966
    12.680000000     0.014805736     0.388749117     0.021502112
    12.690000000     0.013660148     0.391236385     0.020174956
    12.700000000     0.012583184     0.393712613     0.018886407
    12.710000000     0.011572693     0.396176467     0.017639107
    12.720000000     0.010626390     0.398626651     0.016435399
    12.730000000     0.009741877     0.401061907     0.015277313
    12.740000000     0.008916674     0.403481027     0.014166548
    12.750000000     0.008148236     0.405882872     0.013104469
    12.760000000     0.007433976     0.408266392     0.012092099
    12.770000000     0.006771290     0.410630655     0.011130122
    12.780000000     0.006157570     0.412974868     0.010218890
    12.790000000     0.005590225     0.415298395     0.009358435
    12.800000000     0.005066695     0.417600757     0.008548482
    12.810000000     0.004584461     0.419881625     0.007788466
    12.820000000     0.004141063     0.422140803     0.007077556
    12.830000000     0.003734105     0.424378198     0.006414677
    12.840000000     0.003361262     0.426593791     0.005798535
    12.850000000     0.003020292     0.428787614     0.005227642
    12.860000000     0.002709036     0.430959728     0.004700348
    12.870000000     0.002425424     0.433110205     0.004214860
    12.880000000     0.002167477     0.435239130     0.003769277
    12.890000000     0.001933311     0.437346595     0.003361611
    12.900000000     0.001721133     0.439432706     0.002989815
    12.910000000     0.001529247     0.441497587     0.002651805
    12.920000000     0.001356049     0.443541387     0.002345482
    12.930000000     0.001200027     0.445564279     0.002068754
    12.940000000     0.001059759     0.447566463     0.001819553
    12.950000000     0.000933912     0.449548171     0.001595852
    12.960000000     0.000821238     0.451509655     0.001395679
    12.970000000     0.000720571     0.453451193     0.001217128
    12.980000000     0.000630826     0.455373082     0.001058368
    12.990000000     0.000550995     0.457275633     0.000917657
    13.000000000     0.000480143     0.459159171     0.000793339
    13.010000000     0.000417405     0.461024029     0.000683856
    13.020000000     0.000361982     0.462870544     0.000587746
    13.030000000     0.000313139     0.464699058     0.000503647
    13.040000000     0.000270201     0.466509913     0.000430294
    13.050000000     0.000232548     0.468303449     0.000366521
    13.060000000     0.000199615     0.470080004     0.000311257
    13.070000000     0.000170886     0.471839911     0.000263521
    13.080000000     0.000145891     0.473583499     0.000222424
    13.090000000     0.000124205     0.475311090     0.000187157
    13.100000000     0.000105442     0.477022999     0.000156993
    13.110000000     0.000089255     0.478719537     0.000131279
    13.120000000     0.000075331     0.480401003     0.000109431
    13.130000000     0.000063389     0.482067693     0.000090930
    13.140000000     0.000053178     0.483719893     0.000075315
    13.150000000     0.000044474     0.485357882     0.000062182
    13.160000000     0.000037078     0.486981933     0.000051172
    13.170000000     0.000030813     0.488592308     0.000041975
    13.180000000     0.000025524     0.490189266     0.000034317
    13.190000000     0.000021074     0.491773055     0.000027964
    13.200000000     0.000017342     0.493343918     0.000022711
    13.210000000     0.000014223     0.494902092     0.000018383
    13.220000000     0.000011625     0.496447804     0.000014829
    13.230000000     0.000009469     0.497981278     0.000011922
    13.240000000     0.000007685     0.499502730     0.000009552
    13.250000000     0.000006216     0.501012370     0.000007626
    13.260000000     0.000005010     0.502510403     0.000006068
    13.270000000     0.000004023     0.503997027     0.000004811
    13.280000000     0.000003219     0.505472434     0.000003801
    13.290000000     0.000002566     0.506936813     0.000002993
    13.300000000     0.000002038     0.508390346     0.000002348
    13.310000000     0.000001613     0.509833210     0.000001835
    13.320000000     0.000001271     0.511265578     0.000001429
    13.330000000     0.000000998     0.512687619     0.000001109
    13.340000000     0.000000781     0.514099495     0.000000858
    13.350000000     0.000000609     0.515501367     0.000000661
    13.360000000     0.000000472     0.516893387     0.000000507
    13.370000000     0.000000365     0.518275709     0.000000388
    13.380000000     0.000000281     0.519648479     0.000000295
    13.390000000     0.000000216     0.521011840     0.000000224
    13.400000000     0.000000165     0.522365931     0.000000169
    13.410000000     0.000000126     0.523710890     0.000000128
    13.420000000     0.000000095     0.525046848     0.000000096
    13.430000000     0.000000072     0.526373935     0.000000072
    13.440000000     0.000000054     0.527692278     0.000000053
    13.450000000     0.000000040     0.529001999     0.000000040
    13.460000000     0.000000030     0.530303219     0.000000029
    13.470000000     0.000000022     0.531596056     0.000000022
    13.480000000     0.000000017     0.532880624     0.000000016
    13.490000000     0.000000012     0.534157034     0.000000012
    13.500000000     0.000000009     0.535425398     0.000000008
    13.510000000     0.000000007     0.536685820     0.000000006
    13.520000000     0.000000005     0.537938406     0.000000004
    13.530000000     0.000000003     0.539183258     0.000000003
    13.540000000     0.000000002     0.540420475     0.000000002
    13.550000000     0.000000002     0.541650156     0.000000002
    13.560000000     0.000000001     0.542872395     0.000000001
    13.570000000     0.000000001     0.544087287     0.000000001
    13.580000000     0.000000001     0.545294922     0.000000001
    13.590000000     0.000000000     0.546495390     0.000000000
    13.600000000     0.000000000     0.547688778     0.000000000
    13.610000000     0.000000000     0.548875173     0.000000000
    13.620000000     0.000000000     0.550054659     0.000000000
    13.630000000     0.000000000     0.551227316     0.000000000
    13.640000000     0.000000000     0.552393227     0.000000000
    13.650000000     0.000000000     0.553552470     0.000000000
    13.660000000     0.000000000     0.554705122     0.000000000
    13.670000000     0.000000000     0.555851260     0.000000000
    13.680000000     0.000000000     0.556990957     0.000000000
    13.690000000     0.000000000     0.558124286     0.000000000
    13.700000000     0.000000000     0.559251320     0.000000000
    13.710000000     0.000000000     0.560372127     0.000000000
    13.720000000     0.000000000     0.561486778     0.000000000
    13.730000000     0.000000000     0.562595338     0.000000000
    13.740000000     0.000000000     0.563697875     0.000000000
    13.750000000     0.000000000     0.564794454     0.000000000
    13.760000000     0.000000000     0.565885138     0.000000000
    13.770000000     0.000000000     0.566969990     0.000000000
    13.780000000     0.000000000     0.568049071     0.000000000
    13.790000000     0.000000000     0.569122443     0.000000000
    13.800000000     0.000000000     0.570190163     0.000000000
    13.810000000     0.000000000     0.571252291     0.000000000
    13.820000000     0.000000000     0.572308884     0.000000000
    13.830000000     0.000000000     0.573359998     0.000000000
    13.840000000     0.000000000     0.574405689     0.000000000
    13.850000000     0.000000000     0.575446010     0.000000000
    13.860000000     0.000000000     0.576481015     0.000000000
    13.870000000     0.000000000     0.577510757     0.000000000
    13.880000000     0.000000000     0.578535287     0.000000000
    13.890000000     0.000000000     0.579554656     0.000000000
    13.900000000     0.000000000     0.580568915     0.000000000
    13.910000000     0.000000000     0.581578111     0.000000000
    13.920000000     0.000000000     0.582582295     0.000000000
    13.930000000     0.000000000     0.583581512     0.000000000
    13.940000000     0.000000000     0.584575811     0.000000000
    13.950000000     0.000000000     0.585565236     0.000000000
    13.960000000     0.000000000     0.586549834     0.000000000
    13.970000000     0.000000000     0.587529649     0.000000000
    13.980000000     0.000000000     0.588504726     0.000000000
    13.990000000     0.000000000     0.589475106     0.000000000
    14.000000000     0.000000000     0.590440833     0.000000000
    14.010000000     0.000000000     0.591401950     0.000000000
    14.020000000     0.000000000     0.592358496     0.000000000
    14.030000000     0.000000000     0.593310513     0.000000000
    14.040000000     0.000000000     0.594258041     0.000000000
    14.050000000     0.000000000     0.595201120     0.000000000
    14.060000000     0.000000000     0.596139789     0.000000000
    14.070000000     0.000000000     0.597074085     0.000000000
    14.080000000     0.000000000     0.598004046     0.000000000
    14.090000000     0.000000000     0.598929711     0.000000000
    14.100000000     0.000000000     0.599851115     0.000000000
    14.110000000     0.000000000     0.600768295     0.000000000
    14.120000000     0.000000000     0.601681287     0.000000000
    14.130000000     0.000000000     0.602590125     0.000000000
    14.140000000     0.000000000     0.603494845     0.000000000
    14.150000000     0.000000000     0.604395481     0.000000000
    14.160000000     0.000000000     0.605292065     0.000000000
    14.170000000     0.000000000     0.606184633     0.000000000
    14.180000000     0.000000000     0.607073216     0.000000000
    14.190000000     0.000000000     0.607957848     0.000000000
    14.200000000     0.000000000     0.608838559     0.000000000
    14.210000000     0.000000000     0.609715382     0.000000000
    14.220000000     0.000000000     0.610588347     0.000000000
    14.230000000     0.000000000     0.611457486     0.000000000
    14.240000000     0.000000000     0.612322829     0.000000000
    14.250000000     0.000000000     0.613184405     0.000000000
    14.260000000     0.000000000     0.614042244     0.000000000
    14.270000000     0.000000000     0.614896375     0.000000000
    14.280000000     0.000000000     0.615746828     0.000000000
    14.290000000     0.000000000     0.616593630     0.000000000
    14.300000000     0.000000000     0.617436810     0.000000000
    14.310000000     0.000000000     0.618276395     0.000000000
    14.320000000     0.000000000     0.619112412     0.000000000
    14.330000000     0.000000000     0.619944890     0.000000000
    14.340000000     0.000000000     0.620773853     0.000000000
    14.350000000     0.000000000     0.621599330     0.000000000
    14.360000000     0.000000000     0.622421345     0.000000000
    14.370000000     0.000000000     0.623239924     0.000000000
    14.380000000     0.000000000     0.624055094     0.000000000
    14.390000000     0.000000000     0.624866878     0.000000000
    14.400000000     0.000000000     0.625675303     0.000000000
    14.410000000     0.000000000     0.626480392     0.000000000
    14.420000000     0.000000000     0.627282169     0.000000000
    14.430000000     0.000000000     0.628080659     0.000000000
    14.440000000     0.000000000     0.628875885     0.000000000
    14.450000000     0.000000000     0.629667870     0.000000000
    14.460000000     0.000000000     0.630456638     0.000000000
    14.470000000     0.000000000     0.631242212     0.000000000
    14.480000000     0.000000000     0.632024614     0.000000000
    14.490000000     0.000000000     0.632803867     0.000000000
    14.500000000     0.000000000     0.633579992     0.000000000
    14.510000000     0.000000000     0.634353011     0.000000000
    14.520000000     0.000000000     0.635122947     0.000000000
    14.530000000     0.000000000     0.635889819     0.000000000
    14.540000000     0.000000000     0.636653651     0.000000000
    14.550000000     0.000000000     0.637414461     0.000000000
    14.560000000     0.000000000     0.638172272     0.000000000
    14.570000000     0.000000000     0.638927103     0.000000000
    14.580000000     0.000000000     0.639678974     0.000000000
    14.590000000     0.000000000     0.640427907     0.000000000
    14.600000000     0.000000000     0.641173919     0.000000000
    14.610000000     0.000000000     0.641917032     0.000000000
    14.620000000     0.000000000     0.642657264     0.000000000
    14.630000000     0.000000000     0.643394634     0.000000000
    14.640000000     0.000000000     0.644129162     0.000000000
    14.650000000     0.000000000     0.644860866     0.000000000
    14.660000000     0.000000000     0.645589765     0.000000000
    14.670000000     0.000000000     0.646315876     0.000000000
    14.680000000     0.000000000     0.647039219     0.000000000
    14.690000000     0.000000000     0.647759811     0.000000000
    14.700000000     0.000000000     0.648477671     0.000000000
    14.710000000     0.000000000     0.649192814     0.000000000
    14.720000000     0.000000000     0.649905260     0.000000000
    14.730000000     0.000000000     0.650615025     0.000000000
    14.740000000     0.000000000     0.651322127     0.000000000
    14.750000000     0.000000000     0.652026582     0.000000000
    14.760000000     0.000000000     0.652728407     0.000000000
    14.770000000     0.000000000     0.653427618     0.000000000
    14.780000000     0.000000000     0.654124233     0.000000000
    14.790000000     0.000000000     0.654818267     0.000000000
    14.800000000     0.000000000     0.655509736     0.000000000
    14.810000000     0.000000000     0.656198657     0.000000000
    14.820000000     0.000000000     0.656885045     0.000000000
    14.830000000     0.000000000     0.657568916     0.000000000
    14.840000000     0.000000000     0.658250284     0.000000000
    14.850000000     0.000000000     0.658929167     0.000000000
    14.860000000     0.000000000     0.659605578     0.000000000
    14.870000000     0.000000000     0.660279533     0.000000000
    14.880000000     0.000000000     0.660951047     0.000000000
    14.890000000     0.000000000     0.661620134     0.000000000
    14.900000000     0.000000000     0.662286809     0.000000000
    14.910000000     0.000000000     0.662951087     0.000000000
    14.920000000     0.000000000     0.663612981     0.000000000
    14.930000000     0.000000000     0.664272507     0.000000000
    14.940000000     0.000000000     0.664929678     0.000000000
    14.950000000     0.000000000     0.665584508     0.000000000
    14.960000000     0.000000000     0.666237011     0.000000000
    14.970000000     0.000000000     0.666887201     0.000000000
    14.980000000     0.000000000     0.667535091     0.000000000
    14.990000000     0.000000000     0.668180694     0.000000000
    15.000000000     0.000000000     0.668824025     0.000000000
